Source,Target,cluster
0,1,1
0,75,1
0,608,1
0,381,1
0,127,1
0,258,1
0,247,1
0,17,1
0,8,1
0,243,1
0,100,1
0,182,1
0,94,1
0,67,1
0,264,1
0,309,1
0,178,1
0,415,1
0,193,1
0,376,1
0,279,1
0,95,1
0,141,1
0,188,1
0,502,1
0,3,1
0,507,1
0,571,1
0,19,1
0,198,1
0,41,1
0,325,1
0,316,1
0,232,1
0,440,1
0,7,1
0,169,1
0,16,1
0,359,1
0,170,1
0,476,1
0,646,1
0,101,1
0,171,1
0,150,1
0,416,1
0,152,1
0,857,1
0,306,1
0,439,1
0,218,1
0,661,1
0,620,1
0,235,1
0,271,1
0,520,1
0,30,1
0,556,1
0,561,1
0,319,1
0,10,1
0,147,1
0,701,1
0,495,1
0,113,1
0,191,1
0,302,1
0,173,1
0,53,1
0,387,1
0,478,1
0,194,1
0,455,1
0,5,1
0,348,1
0,314,1
0,260,1
0,496,1
0,190,1
0,456,1
0,11,1
0,685,1
0,303,1
0,515,1
0,87,1
0,66,1
0,107,1
0,148,1
0,117,1
0,253,1
0,165,1
0,682,1
0,368,1
0,93,1
0,214,1
0,226,1
0,477,1
0,9,1
0,933,1
0,108,1
0,86,1
0,27,1
0,351,1
0,294,1
0,278,1
0,304,1
0,430,1
0,289,1
1,306,1
1,314,1
1,256,1
1,866,1
1,696,1
1,279,1
1,11,1
1,199,1
1,456,1
1,455,1
1,150,1
1,155,1
1,671,1
1,258,1
1,7,1
1,351,1
1,272,1
1,439,1
1,416,1
1,440,1
1,243,1
1,305,1
1,235,1
1,178,1
1,324,1
1,18,1
1,438,1
1,298,1
1,67,1
1,441,1
1,302,1
1,687,1
1,646,1
1,476,1
1,193,1
1,387,1
1,331,1
1,113,1
1,313,1
1,16,1
1,218,1
1,73,1
1,167,1
1,253,1
1,225,1
1,169,1
1,334,1
1,402,1
1,49,1
1,41,1
1,53,1
1,19,1
1,27,1
1,148,1
1,191,1
1,194,1
1,556,1
1,571,1
1,452,1
1,303,1
1,496,1
1,147,1
1,116,1
1,188,1
1,403,1
1,376,1
1,107,1
1,477,1
1,30,1
1,795,1
1,507,1
1,319,1
1,127,1
1,165,1
1,271,1
2,3,1
2,215,1
2,394,1
2,560,1
2,376,1
2,141,1
2,699,1
2,397,1
2,491,1
2,473,1
2,368,1
2,152,1
2,347,1
2,620,1
2,182,1
2,56,1
2,537,1
2,10,1
2,467,1
2,41,1
2,278,1
2,16,1
2,464,1
2,257,1
2,87,1
2,315,1
2,288,1
2,53,1
2,206,1
2,294,1
2,536,1
2,719,1
2,96,1
2,95,1
2,74,1
2,7,1
2,312,1
2,93,1
2,232,1
2,520,1
2,55,1
2,127,1
2,4,1
2,94,1
2,112,1
2,582,1
2,103,1
2,259,1
2,100,1
2,492,1
2,67,1
2,570,1
2,171,1
2,160,1
2,205,1
2,710,1
2,451,1
2,354,1
2,245,1
2,243,1
2,180,1
2,324,1
2,499,1
2,104,1
2,251,1
2,162,1
2,256,1
2,225,1
2,401,1
2,218,1
2,367,1
2,289,1
2,187,1
2,627,1
2,5,1
2,188,1
2,8,1
2,416,1
2,666,1
2,76,1
2,20,1
2,241,1
2,430,1
2,261,1
2,189,1
2,452,1
2,168,1
2,32,1
2,469,1
2,111,1
2,457,1
2,186,1
2,54,1
2,176,1
2,197,1
2,424,1
2,353,1
2,97,1
2,359,1
2,170,1
2,651,1
2,685,1
3,97,2
3,105,2
3,247,1
3,5,1
3,451,1
3,191,1
3,476,1
3,303,1
3,93,1
3,148,2
3,188,1
3,100,1
3,67,2
3,128,1
3,66,2
3,155,2
3,331,1
3,401,1
3,48,2
3,522,1
3,73,2
3,261,1
3,258,1
3,176,1
3,243,1
3,569,1
3,397,1
3,293,1
3,492,1
3,106,2
3,570,1
3,225,1
3,174,1
3,440,1
3,289,1
3,316,1
3,241,1
3,192,1
3,670,1
3,390,1
3,200,1
3,116,2
3,182,1
3,661,1
3,173,1
3,686,1
3,198,1
3,452,1
3,194,1
3,46,2
3,274,1
3,149,2
3,294,1
3,139,2
3,464,1
3,177,1
3,520,1
3,96,1
3,232,1
3,16,2
3,140,1
3,32,1
3,498,1
3,353,1
3,179,1
3,166,1
3,652,1
3,537,1
3,210,1
3,395,1
3,180,1
3,260,1
3,424,1
3,56,2
3,320,1
3,515,1
3,185,1
3,651,1
3,456,1
3,649,1
3,117,2
3,165,1
3,488,1
3,178,1
3,321,1
3,152,2
3,309,1
3,75,2
3,10,2
3,259,1
3,161,1
3,205,1
3,288,1
3,507,1
3,104,1
3,277,1
3,168,1
3,53,1
3,206,1
3,347,1
3,627,1
3,68,2
3,278,1
3,847,1
3,351,1
3,141,2
3,473,1
3,150,1
3,127,2
3,253,1
3,426,1
3,376,1
3,416,1
3,682,1
3,605,1
3,467,1
3,101,1
3,94,2
3,344,1
3,17,2
3,187,1
3,85,1
3,235,1
3,30,2
3,19,1
3,162,1
3,95,1
3,4,1
3,74,1
3,326,1
3,478,1
3,399,1
3,170,1
3,495,1
3,18,2
3,491,1
3,257,1
3,245,1
3,368,1
3,496,1
3,348,1
3,701,1
3,393,1
3,328,1
3,354,1
3,427,1
3,715,1
3,301,1
3,111,1
3,159,1
3,14,1
3,171,1
3,142,2
3,11,2
3,560,1
3,381,1
3,55,2
3,197,1
3,186,1
3,8,2
3,298,1
3,359,1
3,147,2
3,306,1
3,41,2
3,169,1
3,324,1
3,167,1
3,430,1
3,86,1
3,477,1
3,536,1
3,386,1
3,189,1
3,27,2
3,254,1
3,256,1
3,215,1
3,584,1
3,218,1
3,620,1
3,325,1
4,5,1
4,20,1
4,155,1
4,67,1
4,10,1
4,66,1
4,278,1
4,699,1
4,128,1
4,316,1
4,416,1
4,7,1
4,27,1
4,16,1
4,476,1
4,527,1
4,245,1
4,685,1
4,97,1
4,456,1
4,41,1
4,176,1
4,649,1
4,666,1
4,395,1
4,335,1
4,147,1
4,745,1
4,704,1
4,249,1
4,393,1
4,262,1
4,701,1
4,112,1
4,279,1
4,570,1
4,611,1
4,213,1
4,218,1
4,368,1
4,402,1
4,8,1
4,464,1
4,170,1
4,80,1
4,29,1
4,289,1
4,235,1
4,167,1
4,682,1
4,134,1
4,111,1
4,87,1
4,177,1
4,687,1
4,376,1
4,294,1
4,304,1
4,148,1
4,866,1
4,127,1
4,671,1
4,298,1
4,162,1
4,652,1
4,103,1
4,610,1
4,198,1
4,846,1
4,414,1
4,717,1
4,205,1
4,187,1
4,251,1
4,459,1
4,696,1
4,55,1
4,526,1
4,94,1
4,620,1
4,623,1
4,150,1
4,602,1
4,209,1
4,415,1
4,387,1
4,347,1
4,319,1
4,132,1
4,171,1
4,215,1
4,104,1
4,232,1
4,6,1
4,386,1
4,334,1
4,401,1
4,272,1
4,438,1
4,313,1
4,140,1
4,451,1
4,255,1
4,430,1
4,197,1
4,492,1
4,188,1
4,560,1
4,324,1
4,425,1
4,186,1
4,559,1
4,720,1
4,529,1
4,236,1
4,561,1
4,417,1
4,328,1
4,351,1
4,441,1
4,49,1
4,192,1
4,178,1
4,165,1
4,738,1
4,326,1
4,462,1
4,116,1
4,210,1
5,76,1
5,417,1
5,257,1
5,313,1
5,438,1
5,180,1
5,260,1
5,27,1
5,452,1
5,319,1
5,188,1
5,132,1
5,623,1
5,206,1
5,427,1
5,112,1
5,256,1
5,627,1
5,261,1
5,8,1
5,168,1
5,191,1
5,73,1
5,74,1
5,176,1
5,299,1
5,177,1
5,104,1
5,570,1
5,473,1
5,179,1
5,97,1
5,325,1
5,226,1
5,301,1
5,278,1
5,96,1
5,324,1
5,189,1
5,476,1
5,451,1
5,165,1
5,620,1
5,127,1
5,185,1
5,197,1
5,424,1
5,209,1
5,328,1
5,187,1
5,225,1
5,54,1
5,320,1
5,492,1
5,309,1
5,159,1
5,414,1
5,75,1
5,258,1
5,210,1
5,178,1
5,416,1
5,491,1
5,95,1
5,368,1
5,259,1
5,49,1
5,331,1
5,149,1
5,688,1
5,582,1
5,367,1
5,103,1
5,294,1
5,46,1
5,134,1
5,245,1
5,293,1
5,441,1
5,155,1
5,111,1
5,578,1
5,560,1
5,464,1
5,326,1
5,241,1
5,666,1
5,7,1
5,11,1
5,696,1
5,199,1
5,499,1
5,128,1
5,171,1
5,67,1
5,142,1
5,552,1
5,359,1
5,87,1
5,194,1
5,72,1
5,94,1
5,611,1
5,215,1
5,527,1
5,41,1
5,32,1
5,255,1
5,569,1
5,687,1
5,375,1
5,507,1
5,56,1
5,200,1
5,251,1
5,317,1
5,402,1
5,537,1
5,717,1
5,218,1
5,186,1
5,304,1
5,254,1
5,334,1
5,247,1
5,48,1
5,160,1
5,394,1
5,18,1
5,170,1
5,205,1
5,20,1
5,53,1
5,106,1
5,219,1
5,289,1
5,85,1
5,536,1
5,347,1
5,426,1
5,150,1
5,353,1
5,376,1
5,574,1
5,10,1
5,312,1
5,93,1
5,603,1
5,173,1
5,457,1
5,6,1
5,302,1
5,522,1
5,354,1
5,520,1
5,116,1
5,141,1
5,344,1
5,298,1
5,632,1
6,7,2
6,105,2
6,272,1
6,399,1
6,192,1
6,602,1
6,197,1
6,611,1
6,670,1
6,199,1
6,213,1
6,393,1
6,245,1
6,29,1
6,701,1
6,170,1
6,106,2
6,173,1
6,425,1
6,180,1
6,305,1
6,866,1
6,95,1
6,368,1
6,67,2
6,527,1
6,387,1
6,188,1
6,27,2
6,252,1
6,200,1
6,319,1
6,916,1
6,301,1
6,795,1
6,477,1
6,19,1
6,487,1
6,32,1
6,456,1
6,725,1
6,190,1
6,298,1
6,571,1
6,256,1
6,416,1
6,261,1
6,299,1
6,132,2
6,134,2
6,720,1
6,304,1
6,8,2
6,218,1
6,128,1
6,113,1
6,150,1
6,94,2
6,167,1
6,424,1
6,87,1
6,271,1
6,376,1
6,922,1
6,415,1
6,108,2
6,846,1
6,547,1
6,210,1
6,162,1
6,46,2
6,331,1
6,178,1
6,219,1
6,169,1
6,116,2
6,127,2
6,251,1
6,326,1
6,687,1
6,294,1
6,103,2
6,54,2
6,498,1
6,314,1
6,279,1
6,324,1
6,426,1
6,561,1
6,53,1
6,347,1
6,328,1
6,438,1
6,155,2
6,241,1
6,177,1
6,462,1
6,235,1
6,166,1
6,334,1
6,320,1
6,459,1
6,111,1
6,226,1
6,258,1
6,141,2
6,492,1
6,635,1
6,66,2
6,49,1
6,685,1
6,232,1
6,300,1
6,225,1
6,302,1
6,402,1
6,303,1
6,107,2
6,140,1
6,165,1
6,97,2
6,325,1
6,104,1
6,552,1
6,253,1
6,31,1
6,738,1
6,507,1
6,414,1
6,88,1
6,30,2
6,171,1
6,559,1
7,18,2
7,219,1
7,107,2
7,646,1
7,132,2
7,262,1
7,725,1
7,149,2
7,165,1
7,171,1
7,152,2
7,302,1
7,161,1
7,467,1
7,197,1
7,390,1
7,477,1
7,10,2
7,169,1
7,328,1
7,241,1
7,401,1
7,620,1
7,685,1
7,87,1
7,11,2
7,488,1
7,200,1
7,46,2
7,148,2
7,359,1
7,464,1
7,559,1
7,335,1
7,213,1
7,298,1
7,473,1
7,198,1
7,8,2
7,560,1
7,393,1
7,147,2
7,247,1
7,9,1
7,535,1
7,111,1
7,347,1
7,75,2
7,601,1
7,309,1
7,236,1
7,279,1
7,980,1
7,325,1
7,602,1
7,150,1
7,440,1
7,178,1
7,189,1
7,701,1
7,232,1
7,686,1
7,438,1
7,31,1
7,67,2
7,113,1
7,185,1
7,167,1
7,66,2
7,94,2
7,215,1
7,95,1
7,351,1
7,462,1
7,30,2
7,192,1
7,331,1
7,260,1
7,155,2
7,507,1
7,116,2
7,256,1
7,19,1
7,696,1
7,822,1
7,191,1
7,128,1
7,303,1
7,243,1
7,326,1
7,278,1
7,301,1
7,93,1
7,687,1
7,257,1
7,176,1
7,127,2
7,635,1
7,334,1
7,671,1
7,85,1
7,261,1
7,258,1
7,168,1
7,194,1
7,312,1
7,182,1
7,527,1
7,253,1
7,294,1
7,629,1
7,54,2
7,492,1
7,547,1
7,41,2
7,97,2
7,100,1
7,259,1
7,496,1
7,426,1
7,140,1
7,55,2
7,104,1
7,627,1
7,397,1
7,225,1
7,73,2
7,387,1
7,27,2
7,354,1
7,28,2
7,456,1
7,348,1
7,319,1
7,300,1
7,695,1
7,205,1
7,661,1
7,48,2
7,32,1
7,313,1
7,495,1
7,571,1
7,452,1
7,424,1
7,570,1
7,299,1
7,376,1
7,403,1
7,235,1
7,218,1
7,141,2
7,96,1
7,271,1
7,180,1
7,162,1
7,520,1
7,105,2
7,193,1
7,304,1
7,108,2
7,459,1
7,316,1
7,159,1
7,188,1
7,455,1
7,249,1
7,402,1
7,177,1
7,49,1
7,245,1
7,306,1
7,53,1
7,416,1
7,556,1
7,430,1
7,305,1
7,186,1
7,439,1
8,9,1
8,88,1
8,116,2
8,46,2
8,173,1
8,225,1
8,261,1
8,167,1
8,488,1
8,182,1
8,661,1
8,247,1
8,67,2
8,686,1
8,561,1
8,55,2
8,56,2
8,258,1
8,315,1
8,10,2
8,168,1
8,149,2
8,395,1
8,467,1
8,651,1
8,86,1
8,313,1
8,289,1
8,87,1
8,180,1
8,441,1
8,368,1
8,464,1
8,320,1
8,97,2
8,309,1
8,305,1
8,179,1
8,324,1
8,148,2
8,415,1
8,605,1
8,53,1
8,160,1
8,100,1
8,159,1
8,347,1
8,162,1
8,140,1
8,334,1
8,507,1
8,610,1
8,271,1
8,326,1
8,112,1
8,193,1
8,192,1
8,165,1
8,293,1
8,30,2
8,111,1
8,27,2
8,155,2
8,491,1
8,492,1
8,375,1
8,469,1
8,439,1
8,344,1
8,294,1
8,527,1
8,226,1
8,704,1
8,288,1
8,235,1
8,303,1
8,93,1
8,18,2
8,20,2
8,376,1
8,560,1
8,520,1
8,427,1
8,253,1
8,206,1
8,473,1
8,85,1
8,232,1
8,170,1
8,14,1
8,387,1
8,218,1
8,215,1
8,236,1
8,719,1
8,367,1
8,328,1
8,48,2
8,302,1
8,635,1
8,452,1
8,31,1
8,354,1
8,424,1
8,152,2
8,440,1
8,75,2
8,401,1
8,94,2
8,259,1
8,16,2
8,210,1
8,177,1
8,620,1
8,451,1
8,316,1
8,699,1
8,476,1
8,459,1
8,304,1
8,515,1
8,299,1
8,455,1
8,797,1
8,19,1
8,107,2
8,685,1
8,49,1
8,386,1
8,197,1
8,191,1
8,393,1
8,96,1
8,430,1
8,582,1
8,570,1
8,312,1
8,243,1
8,41,2
8,194,1
8,495,1
8,574,1
8,141,2
8,262,1
8,725,1
8,671,1
8,477,1
8,185,1
8,416,1
8,321,1
8,188,1
8,522,1
8,535,1
8,73,2
8,652,1
8,32,1
8,186,1
8,279,1
8,245,1
8,438,1
8,260,1
8,95,1
8,390,1
8,331,1
8,256,1
8,682,1
8,319,1
8,17,2
8,456,1
8,325,1
8,301,1
8,127,2
8,113,1
8,150,1
8,11,2
8,169,1
8,351,1
8,496,1
8,178,1
8,403,1
8,537,1
8,426,1
8,147,2
8,200,1
8,251,1
8,205,1
8,278,1
9,187,1
9,75,1
9,278,1
9,439,1
9,86,1
9,670,1
9,139,1
9,181,1
9,403,1
9,101,1
9,113,1
9,191,1
9,186,1
9,847,1
9,17,1
9,55,1
9,261,1
9,178,1
9,152,1
9,107,1
9,306,1
9,402,1
9,174,1
9,182,1
9,661,1
9,117,1
9,253,1
9,649,1
9,473,1
9,584,1
9,456,1
9,430,1
9,94,1
9,165,1
9,331,1
9,496,1
9,288,1
9,170,1
9,214,1
9,149,1
9,85,1
9,571,1
9,30,1
9,933,1
9,468,1
9,315,1
9,395,1
9,271,1
9,190,1
9,171,1
9,93,1
9,294,1
9,301,1
9,464,1
9,155,1
9,19,1
9,560,1
9,218,1
9,316,1
9,570,1
9,150,1
9,127,1
9,651,1
9,41,1
9,467,1
9,205,1
9,27,1
9,401,1
9,277,1
9,440,1
9,258,1
9,328,1
9,477,1
9,351,1
9,215,1
9,169,1
9,16,1
9,495,1
9,193,1
9,376,1
9,53,1
9,243,1
9,198,1
9,100,1
9,161,1
9,148,1
9,701,1
9,168,1
9,476,1
9,73,1
9,87,1
9,162,1
9,118,1
9,635,1
9,686,1
9,116,1
9,520,1
10,11,2
10,167,1
10,189,1
10,260,1
10,305,1
10,141,2
10,331,1
10,376,1
10,54,2
10,611,1
10,720,1
10,66,2
10,256,1
10,171,1
10,278,1
10,206,1
10,173,1
10,456,1
10,107,2
10,368,1
10,632,1
10,27,2
10,279,1
10,298,1
10,687,1
10,701,1
10,304,1
10,150,1
10,72,1
10,112,1
10,100,1
10,97,2
10,390,1
10,717,1
10,933,1
10,198,1
10,28,2
10,241,1
10,190,1
10,111,1
10,441,1
10,197,1
10,116,2
10,87,1
10,53,1
10,430,1
10,451,1
10,187,1
10,128,1
10,218,1
10,623,1
10,103,2
10,104,1
10,249,1
10,243,1
10,602,1
10,219,1
10,578,1
10,193,1
10,251,1
10,142,2
10,559,1
10,522,1
10,210,1
10,180,1
10,261,1
10,170,1
10,313,1
10,155,2
10,41,2
10,402,1
10,515,1
10,847,1
10,582,1
10,16,2
10,320,1
10,17,2
10,395,1
10,101,1
10,498,1
10,272,1
10,160,1
10,312,1
10,253,1
10,247,1
10,455,1
10,177,1
10,462,1
10,620,1
10,464,1
10,96,1
10,452,1
10,416,1
10,294,1
10,299,1
10,491,1
10,478,1
10,488,1
10,473,1
10,55,2
10,496,1
10,46,2
10,696,1
10,257,1
10,199,1
10,425,1
10,424,1
10,134,2
10,67,2
10,245,1
10,259,1
10,176,1
10,527,1
10,56,2
10,148,2
10,319,1
10,289,1
10,76,1
10,670,1
10,255,1
10,147,2
10,303,1
10,30,2
10,666,1
10,347,1
10,547,1
10,209,1
10,262,1
10,226,1
10,159,1
10,293,1
10,140,1
10,161,1
10,317,1
10,232,1
10,73,2
10,74,1
10,354,1
10,560,1
10,18,2
10,186,1
10,426,1
10,492,1
10,507,1
10,165,1
10,225,1
10,214,1
10,149,2
10,574,1
10,494,1
10,351,1
10,359,1
10,49,1
10,438,1
10,459,1
10,469,1
10,685,1
10,192,1
10,75,2
10,414,1
10,381,1
10,188,1
10,235,1
10,328,1
10,325,1
10,32,1
10,95,1
10,394,1
10,649,1
11,319,1
11,150,1
11,424,1
11,193,1
11,104,1
11,294,1
11,199,1
11,147,2
11,107,2
11,19,1
11,415,1
11,127,2
11,85,1
11,27,2
11,87,1
11,241,1
11,29,1
11,171,1
11,97,2
11,256,1
11,846,1
11,20,2
11,235,1
11,257,1
11,289,1
11,279,1
11,180,1
11,218,1
11,141,2
11,300,1
11,219,1
11,128,1
11,176,1
11,245,1
11,325,1
11,206,1
11,194,1
11,32,1
11,49,1
11,261,1
11,278,1
11,578,1
11,441,1
11,492,1
11,48,2
11,111,1
11,303,1
11,116,2
11,326,1
11,414,1
11,148,2
11,602,1
11,165,1
11,298,1
11,376,1
11,459,1
11,306,1
11,455,1
11,80,2
11,155,2
11,335,1
11,173,1
11,251,1
11,715,1
11,30,2
11,685,1
11,189,1
11,72,1
11,95,1
11,394,1
11,402,1
11,258,1
11,709,1
11,331,1
11,159,1
11,507,1
11,559,1
11,417,1
11,670,1
11,426,1
11,438,1
11,488,1
11,249,1
11,16,2
11,191,1
11,866,1
11,313,1
11,696,1
11,132,2
11,390,1
11,477,1
11,188,1
11,225,1
11,167,1
11,103,2
11,922,1
11,134,2
11,255,1
11,152,2
11,46,2
11,687,1
11,632,1
11,247,1
11,67,2
11,496,1
11,555,1
11,41,2
11,684,1
11,347,1
12,13,1
12,540,1
12,837,1
13,202,1
13,1014,1
13,881,1
13,705,1
13,966,1
13,837,1
13,967,1
14,15,1
14,93,1
14,155,1
14,386,1
14,55,1
14,301,1
14,751,1
14,186,1
14,827,1
14,347,1
14,299,1
14,314,1
14,236,1
14,205,1
14,529,1
14,169,1
14,218,1
14,376,1
14,462,1
14,326,1
14,171,1
14,293,1
14,111,1
14,288,1
14,41,1
14,325,1
14,97,1
14,473,1
14,359,1
14,170,1
14,16,1
14,426,1
14,459,1
14,87,1
14,315,1
14,261,1
14,167,1
14,651,1
14,316,1
14,467,1
14,210,1
14,177,1
14,262,1
14,739,1
14,86,1
14,300,1
14,430,1
14,348,1
14,675,1
14,652,1
14,401,1
14,185,1
14,48,1
14,745,1
14,141,1
14,335,1
14,815,1
14,162,1
14,294,1
14,180,1
14,214,1
14,215,1
14,530,1
14,53,1
14,100,1
14,522,1
14,560,1
14,182,1
14,225,1
14,200,1
14,243,1
14,94,1
14,704,1
14,710,1
14,495,1
14,150,1
14,570,1
14,168,1
14,75,1
14,699,1
14,313,1
14,206,1
14,397,1
14,620,1
14,610,1
14,73,1
14,116,1
15,335,1
15,424,1
15,200,1
15,93,1
15,185,1
15,530,1
15,294,1
15,738,1
15,745,1
15,155,1
15,494,1
15,313,1
15,386,1
15,262,1
15,675,1
15,507,1
15,18,1
15,709,1
15,79,1
15,629,1
15,225,1
15,111,1
15,459,1
16,17,2
16,74,1
16,498,1
16,112,1
16,395,1
16,140,1
16,68,2
16,142,2
16,148,2
16,351,1
16,670,1
16,117,2
16,191,1
16,426,1
16,582,1
16,570,1
16,85,1
16,171,1
16,584,1
16,169,1
16,55,2
16,261,1
16,933,1
16,152,2
16,293,1
16,225,1
16,294,1
16,438,1
16,104,1
16,180,1
16,507,1
16,271,1
16,334,1
16,376,1
16,401,1
16,66,2
16,694,1
16,75,2
16,170,1
16,627,1
16,289,1
16,478,1
16,397,1
16,86,1
16,41,2
16,522,1
16,48,2
16,190,1
16,556,1
16,243,1
16,116,2
16,299,1
16,359,1
16,111,1
16,386,1
16,73,2
16,93,1
16,277,1
16,87,1
16,197,1
16,710,1
16,316,1
16,127,2
16,149,2
16,325,1
16,232,1
16,430,1
16,53,1
16,309,1
16,165,1
16,19,1
16,258,1
16,696,1
16,150,1
16,177,1
16,186,1
16,331,1
16,97,2
16,620,1
16,457,1
16,155,2
16,173,1
16,495,1
16,249,1
16,348,1
16,847,1
16,520,1
16,205,1
17,41,2
17,218,1
17,168,1
17,467,1
17,438,1
17,55,2
17,73,2
17,556,1
17,294,1
17,478,1
17,324,1
17,53,1
17,325,1
17,165,1
17,306,1
17,520,1
17,376,1
17,279,1
17,316,1
17,182,1
17,315,1
17,193,1
17,116,2
17,149,2
17,416,1
17,27,2
17,117,2
17,547,1
17,155,2
17,173,1
17,93,1
17,28,2
17,495,1
17,670,1
17,298,1
17,277,1
17,261,1
17,257,1
17,169,1
17,430,1
17,682,1
17,187,1
17,153,1
17,351,1
17,87,1
17,701,1
17,205,1
17,140,1
17,348,1
17,161,1
17,477,1
17,141,2
17,206,1
17,243,1
17,456,1
17,152,2
17,395,1
17,359,1
17,309,1
17,190,1
17,439,1
17,232,1
17,86,1
17,570,1
17,100,1
17,661,1
17,260,1
17,957,1
17,496,1
17,649,1
17,19,1
17,94,2
17,191,1
17,215,1
17,170,1
17,569,1
17,440,1
17,198,1
17,85,1
17,68,2
17,522,1
17,75,2
17,301,1
18,209,1
18,279,1
18,141,2
18,103,2
18,46,2
18,520,1
18,494,1
18,335,1
18,602,1
18,142,2
18,304,1
18,241,1
18,159,1
18,459,1
18,95,1
18,424,1
18,155,2
18,256,1
18,218,1
18,185,1
18,262,1
18,27,2
18,488,1
18,165,1
18,180,1
18,85,1
18,48,2
18,73,2
18,53,1
18,150,1
18,30,2
18,738,1
18,334,1
18,530,1
18,469,1
18,298,1
18,462,1
18,492,1
18,67,2
18,28,2
18,359,1
18,457,1
18,522,1
18,498,1
18,397,1
18,623,1
18,402,1
18,289,1
18,331,1
18,245,1
18,200,1
18,96,1
18,49,1
18,376,1
18,170,1
18,426,1
18,116,2
18,206,1
18,507,1
18,140,1
18,313,1
18,147,2
18,627,1
18,128,1
18,300,1
18,326,1
18,111,1
18,258,1
18,324,1
18,259,1
18,189,1
18,582,1
18,97,2
18,632,1
18,294,1
18,32,1
18,225,1
18,745,1
18,56,2
18,148,2
18,347,1
18,249,1
18,257,1
18,127,2
18,274,1
18,306,1
18,464,1
18,325,1
18,74,1
18,321,1
18,261,1
18,709,1
18,574,1
18,438,1
19,20,1
19,314,1
19,561,1
19,55,1
19,87,1
19,278,1
19,835,1
19,294,1
19,27,1
19,559,1
19,331,1
19,166,1
19,387,1
19,416,1
19,253,1
19,191,1
19,957,1
19,309,1
19,701,1
19,456,1
19,178,1
19,243,1
19,104,1
19,165,1
19,476,1
19,452,1
19,608,1
19,274,1
19,192,1
19,686,1
19,148,1
19,502,1
19,30,1
19,863,1
19,933,1
19,271,1
19,661,1
19,571,1
19,302,1
19,264,1
19,662,1
19,402,1
19,150,1
19,464,1
19,41,1
19,171,1
19,646,1
19,351,1
19,737,1
19,730,1
19,226,1
19,553,1
19,415,1
19,478,1
19,495,1
19,258,1
19,147,1
19,671,1
19,741,1
19,113,1
19,439,1
19,169,1
19,108,1
19,487,1
19,95,1
19,53,1
19,193,1
19,155,1
19,289,1
19,682,1
19,272,1
19,666,1
19,232,1
19,520,1
19,117,1
19,298,1
19,107,1
19,127,1
19,685,1
19,368,1
19,279,1
19,670,1
19,319,1
19,190,1
19,496,1
19,152,1
19,235,1
19,218,1
19,780,1
19,348,1
19,180,1
19,198,1
19,54,1
19,376,1
19,403,1
19,328,1
19,247,1
19,334,1
19,440,1
19,556,1
19,477,1
19,920,1
19,102,1
19,455,1
20,94,2
20,464,1
20,107,2
20,575,1
20,251,1
20,191,1
20,646,1
20,477,1
20,520,1
20,198,1
20,416,1
20,116,2
20,117,2
20,258,1
20,298,1
20,560,1
20,193,1
20,376,1
20,148,2
20,670,1
20,165,1
20,351,1
20,440,1
20,218,1
20,556,1
20,169,1
20,496,1
20,232,1
20,348,1
20,49,1
20,313,1
20,247,1
20,682,1
20,170,1
20,173,1
20,147,2
20,182,1
20,150,1
21,22,1
21,450,1
21,287,1
21,385,1
21,753,1
21,137,1
21,114,1
21,514,1
21,420,1
21,61,1
21,614,1
21,135,1
21,429,1
21,70,1
21,62,1
21,722,1
21,718,1
21,384,1
21,121,1
21,952,1
21,740,1
21,513,1
21,64,1
21,512,1
21,802,1
21,71,1
21,378,1
21,540,1
21,899,1
21,204,1
21,639,1
21,122,1
21,366,1
21,991,1
21,783,1
21,638,1
21,924,1
21,1008,1
21,144,1
21,919,1
21,564,1
21,428,1
21,365,1
21,143,1
21,405,1
21,65,1
21,849,1
21,472,1
22,514,1
22,364,1
22,753,1
22,563,1
22,287,1
22,589,1
22,239,1
22,136,1
22,432,1
22,137,1
22,474,1
22,749,1
22,453,1
22,785,1
22,204,1
22,849,1
22,919,1
22,587,1
22,660,1
22,748,1
23,24,1
23,589,1
23,734,1
23,26,1
23,77,1
23,250,1
23,640,1
23,752,1
23,337,1
23,133,1
23,380,1
23,431,1
23,211,1
23,500,1
23,154,1
23,227,1
23,723,1
23,518,1
23,246,1
23,501,1
23,689,1
23,125,1
23,50,1
23,307,1
23,196,1
23,548,1
23,282,1
23,40,1
23,195,1
23,444,1
23,550,1
23,446,1
23,281,1
24,52,1
24,26,1
24,550,1
24,431,1
24,640,1
24,196,1
24,211,1
24,330,1
24,587,1
24,246,1
24,444,1
24,59,1
24,618,1
24,398,1
24,81,1
24,799,1
24,282,1
24,281,1
24,337,1
24,280,1
24,78,1
24,307,1
24,447,1
24,812,1
24,690,1
24,789,1
24,377,1
24,945,1
24,239,1
24,534,1
24,548,1
24,580,1
24,573,1
24,691,1
24,777,1
24,589,1
24,327,1
24,700,1
24,435,1
24,907,1
24,637,1
24,703,1
24,501,1
24,228,1
24,212,1
24,770,1
24,579,1
24,988,1
24,227,1
24,336,1
24,735,1
24,518,1
24,500,1
24,40,1
24,250,1
24,517,1
24,734,1
24,77,1
24,724,1
24,626,1
24,446,1
24,544,1
24,175,1
25,26,1
25,43,1
25,280,1
25,240,1
25,217,1
25,762,1
25,759,1
25,752,1
25,145,1
25,433,1
25,327,1
25,352,1
25,204,1
25,518,1
25,51,1
25,33,1
25,543,1
25,489,1
25,50,1
25,233,1
25,609,1
25,539,1
25,681,1
25,154,1
25,466,1
25,248,1
25,121,1
25,63,1
25,38,1
25,412,1
25,557,1
25,458,1
25,380,1
25,42,1
25,125,1
25,434,1
25,448,1
25,151,1
25,333,1
25,483,1
25,156,1
25,36,1
25,787,1
25,521,1
25,636,1
25,216,1
25,222,1
25,34,1
25,546,1
25,437,1
25,436,1
26,63,1
26,81,1
26,231,1
26,36,1
26,330,1
26,546,1
26,799,1
26,151,1
26,550,1
26,521,1
26,78,1
26,618,1
26,77,1
26,336,1
26,51,1
26,446,1
26,216,1
26,640,1
26,691,1
26,250,1
26,636,1
26,34,1
26,690,1
26,770,1
26,377,1
26,703,1
26,145,1
26,945,1
26,380,1
26,125,1
26,196,1
26,445,1
26,907,1
26,281,1
26,659,1
26,156,1
26,248,1
26,240,1
26,723,1
26,195,1
26,337,1
26,735,1
26,398,1
26,211,1
26,517,1
26,234,1
26,175,1
26,228,1
26,749,1
26,849,1
26,282,1
26,444,1
26,518,1
26,812,1
26,580,1
26,432,1
26,759,1
26,307,1
26,52,1
26,548,1
26,212,1
26,534,1
26,589,1
26,988,1
26,557,1
26,752,1
26,431,1
26,201,1
26,500,1
26,587,1
26,280,1
26,734,1
26,573,1
26,436,1
26,724,1
26,239,1
26,227,1
26,50,1
26,447,1
26,681,1
26,551,1
26,590,1
26,777,1
26,246,1
26,222,1
26,579,1
26,626,1
26,40,1
26,798,1
26,501,1
26,700,1
26,412,1
26,42,1
27,28,2
27,41,2
27,113,1
27,387,1
27,325,1
27,401,1
27,147,2
27,487,1
27,439,1
27,167,1
27,141,2
27,795,1
27,402,1
27,414,1
27,682,1
27,134,2
27,495,1
27,537,1
27,704,1
27,117,2
27,608,1
27,646,1
27,491,1
27,570,1
27,671,1
27,200,1
27,48,2
27,866,1
27,351,1
27,178,1
27,177,1
27,245,1
27,87,1
27,249,1
27,96,1
27,140,1
27,116,2
27,973,1
27,430,1
27,72,1
27,271,1
27,253,1
27,74,1
27,456,1
27,635,1
27,381,1
27,399,1
27,316,1
27,985,1
27,53,1
27,185,1
27,155,2
27,180,1
27,301,1
27,105,2
27,827,1
27,128,1
27,527,1
27,569,1
27,199,1
27,403,1
27,226,1
27,515,1
27,191,1
27,88,1
27,274,1
27,261,1
27,148,2
27,127,2
27,54,2
27,314,1
27,699,1
27,30,2
27,309,1
27,315,1
27,66,2
27,304,1
27,334,1
27,319,1
27,451,1
27,213,1
27,347,1
27,359,1
27,696,1
27,376,1
27,243,1
27,328,1
27,559,1
27,331,1
27,235,1
27,847,1
27,278,1
27,102,2
27,441,1
27,670,1
27,197,1
27,262,1
27,258,1
27,289,1
27,94,2
27,256,1
27,661,1
27,529,1
27,173,1
27,440,1
27,305,1
27,298,1
27,701,1
27,299,1
27,152,2
27,101,1
27,294,1
27,455,1
27,171,1
27,427,1
27,578,1
27,561,1
27,111,1
27,132,2
27,260,1
27,476,1
27,320,1
27,108,2
27,107,2
27,620,1
27,313,1
27,272,1
27,424,1
27,254,1
27,192,1
27,49,1
27,687,1
27,210,1
27,574,1
27,725,1
27,302,1
27,170,1
27,492,1
27,571,1
27,165,1
27,166,1
27,478,1
27,104,1
27,279,1
27,326,1
27,303,1
27,957,1
27,218,1
27,29,1
27,686,1
27,169,1
27,188,1
27,464,1
27,251,1
27,95,1
27,46,2
27,194,1
27,150,1
27,602,1
27,306,1
27,393,1
27,488,1
27,507,1
27,653,1
27,300,1
27,438,1
27,556,1
27,751,1
27,685,1
27,225,1
27,97,2
27,162,1
27,368,1
27,496,1
27,846,1
27,738,1
27,252,1
27,149,2
27,498,1
27,93,1
27,32,1
27,416,1
27,55,2
27,415,1
27,67,2
27,426,1
27,477,1
27,219,1
27,417,1
27,232,1
27,247,1
27,462,1
27,193,1
27,161,1
28,416,1
28,259,1
28,141,2
28,426,1
28,515,1
28,522,1
28,127,2
28,148,2
28,258,1
28,80,2
28,106,2
28,289,1
28,105,2
28,351,1
28,68,2
28,305,1
28,271,1
28,293,1
28,72,1
28,155,2
28,324,1
28,140,1
28,438,1
28,610,1
28,206,1
28,751,1
28,254,1
28,325,1
28,66,2
28,331,1
28,344,1
28,492,1
28,197,1
28,185,1
28,306,1
28,46,2
28,313,1
28,198,1
28,653,1
28,602,1
28,96,1
28,335,1
28,300,1
28,53,1
29,30,1
29,298,1
29,219,1
29,67,1
29,629,1
29,209,1
29,180,1
29,304,1
29,334,1
29,236,1
29,128,1
29,271,1
29,416,1
29,241,1
29,258,1
29,462,1
29,249,1
29,325,1
29,218,1
29,103,1
29,194,1
29,245,1
29,55,1
29,80,1
29,492,1
29,602,1
29,725,1
29,846,1
29,687,1
29,426,1
29,116,1
29,559,1
29,720,1
29,134,1
29,326,1
29,111,1
29,527,1
29,167,1
29,225,1
29,148,1
29,314,1
29,507,1
29,199,1
29,331,1
29,620,1
29,402,1
29,272,1
29,150,1
29,671,1
29,866,1
29,511,1
29,279,1
29,425,1
29,376,1
29,132,1
29,313,1
29,415,1
29,414,1
29,458,1
29,347,1
29,299,1
29,302,1
29,165,1
29,213,1
29,185,1
29,49,1
29,206,1
29,95,1
29,192,1
29,611,1
30,247,1
30,301,1
30,178,1
30,368,1
30,556,1
30,462,1
30,171,1
30,177,1
30,180,1
30,424,1
30,331,1
30,260,1
30,53,1
30,897,1
30,451,1
30,326,1
30,302,1
30,111,1
30,515,1
30,116,2
30,179,1
30,253,1
30,682,1
30,456,1
30,100,1
30,348,1
30,417,1
30,488,1
30,661,1
30,416,1
30,210,1
30,570,1
30,127,2
30,401,1
30,559,1
30,191,1
30,134,2
30,298,1
30,165,1
30,328,1
30,169,1
30,439,1
30,402,1
30,469,1
30,473,1
30,107,2
30,162,1
30,193,1
30,197,1
30,32,1
30,359,1
30,376,1
30,251,1
30,271,1
30,608,1
30,258,1
30,496,1
30,320,1
30,520,1
30,241,1
30,426,1
30,185,1
30,571,1
30,354,1
30,289,1
30,142,2
30,347,1
30,219,1
30,73,2
30,294,1
30,477,1
30,611,1
30,235,1
30,49,1
30,54,2
30,304,1
30,150,1
30,620,1
30,602,1
30,685,1
30,717,1
30,161,1
30,218,1
30,387,1
30,141,2
30,687,1
30,95,1
30,390,1
30,393,1
30,245,1
30,686,1
30,149,2
30,319,1
30,140,1
30,701,1
30,213,1
30,303,1
30,492,1
30,206,1
30,87,1
30,256,1
30,306,1
30,152,2
30,309,1
30,425,1
30,97,2
30,67,2
30,584,1
30,46,2
30,243,1
30,252,1
30,314,1
30,324,1
30,635,1
30,226,1
30,105,2
30,104,1
31,32,1
31,473,1
31,85,1
31,162,1
31,457,1
31,97,1
31,105,1
31,288,1
31,96,1
31,215,1
31,259,1
31,298,1
31,560,1
31,177,1
31,67,1
31,127,1
31,257,1
31,165,1
31,186,1
31,141,1
31,294,1
31,430,1
31,666,1
31,293,1
31,427,1
31,41,1
31,218,1
31,299,1
31,191,1
31,48,1
31,55,1
31,376,1
31,492,1
31,569,1
31,185,1
31,225,1
31,300,1
31,72,1
31,304,1
31,462,1
31,289,1
31,348,1
31,261,1
31,206,1
31,498,1
31,75,1
31,140,1
31,180,1
31,301,1
31,111,1
31,522,1
31,53,1
31,94,1
31,325,1
31,104,1
31,324,1
31,488,1
31,232,1
31,200,1
31,570,1
31,149,1
31,116,1
32,67,1
32,313,1
32,359,1
32,141,1
32,176,1
32,214,1
32,251,1
32,167,1
32,247,1
32,324,1
32,225,1
32,344,1
32,459,1
32,467,1
32,48,1
32,46,1
32,334,1
32,108,1
32,236,1
32,464,1
32,328,1
32,278,1
32,180,1
32,569,1
32,452,1
32,666,1
32,473,1
32,347,1
32,75,1
32,149,1
32,41,1
32,232,1
32,289,1
32,300,1
32,354,1
32,306,1
32,85,1
32,326,1
32,192,1
32,205,1
32,93,1
32,210,1
32,171,1
32,127,1
32,426,1
32,66,1
32,194,1
32,574,1
32,104,1
32,288,1
32,197,1
32,390,1
32,315,1
32,170,1
32,142,1
32,522,1
32,128,1
32,187,1
32,206,1
32,95,1
32,94,1
32,199,1
32,537,1
32,159,1
32,116,1
32,188,1
32,169,1
32,687,1
32,111,1
32,627,1
32,529,1
32,87,1
32,241,1
32,262,1
32,401,1
32,100,1
32,492,1
32,651,1
32,178,1
32,488,1
32,258,1
32,253,1
32,53,1
32,427,1
32,320,1
32,73,1
32,189,1
32,325,1
32,245,1
32,259,1
32,312,1
32,185,1
32,303,1
32,348,1
32,198,1
32,54,1
32,605,1
32,215,1
32,520,1
32,694,1
32,299,1
32,582,1
32,260,1
32,301,1
32,468,1
32,155,1
32,132,1
32,257,1
32,218,1
32,331,1
32,165,1
32,279,1
32,168,1
32,298,1
32,620,1
32,177,1
32,319,1
32,179,1
32,150,1
32,570,1
32,103,1
32,294,1
32,140,1
32,152,1
32,49,1
32,86,1
32,393,1
32,602,1
32,261,1
32,451,1
32,430,1
32,243,1
32,200,1
32,107,1
32,527,1
32,321,1
32,76,1
32,438,1
32,560,1
32,536,1
32,97,1
32,162,1
32,256,1
32,376,1
32,304,1
32,55,1
33,34,1
33,546,1
33,412,1
33,248,1
33,679,1
33,762,1
33,43,1
33,156,1
33,636,1
33,63,1
33,50,1
33,195,1
33,145,1
33,333,1
33,36,1
33,460,1
33,592,1
33,752,1
33,590,1
33,240,1
33,146,1
33,702,1
33,607,1
33,35,1
33,60,1
33,878,1
34,158,1
34,157,1
34,222,1
34,460,1
34,125,1
34,380,1
34,486,1
34,133,1
34,327,1
34,589,1
34,77,1
34,50,1
34,126,1
34,444,1
34,640,1
34,217,1
34,594,1
34,216,1
34,518,1
34,412,1
34,466,1
34,546,1
34,307,1
34,211,1
34,84,1
34,448,1
34,826,1
34,364,1
34,333,1
34,233,1
34,435,1
34,35,1
34,360,1
34,352,1
34,803,1
34,470,1
34,413,1
34,679,1
34,151,1
34,431,1
34,212,1
34,759,1
34,607,1
34,371,1
34,82,1
34,63,1
34,59,1
34,702,1
34,60,1
34,590,1
34,557,1
34,489,1
34,156,1
34,752,1
34,248,1
34,170,1
34,240,1
34,762,1
34,539,1
34,490,1
34,154,1
34,636,1
34,432,1
34,587,1
34,538,1
34,43,1
34,483,1
34,434,1
34,433,1
34,234,1
34,878,1
34,643,1
34,51,1
34,195,1
34,332,1
34,577,1
34,521,1
34,436,1
34,534,1
34,223,1
34,609,1
34,437,1
34,550,1
34,689,1
34,78,1
34,592,1
34,239,1
34,952,1
34,681,1
34,789,1
34,563,1
34,121,1
34,120,1
34,280,1
34,42,1
34,458,1
34,145,1
34,231,1
34,374,1
34,734,1
34,83,1
34,146,1
34,558,1
35,36,1
35,126,1
35,83,1
35,636,1
35,702,1
35,762,1
35,592,1
35,59,1
35,51,1
35,470,1
35,380,1
35,594,1
35,557,1
35,558,1
35,50,1
35,546,1
35,577,1
35,466,1
35,607,1
35,333,1
35,708,1
35,248,1
35,233,1
35,643,1
35,412,1
35,732,1
35,125,1
35,803,1
35,157,1
35,42,1
35,483,1
35,145,1
35,195,1
35,240,1
35,413,1
35,352,1
35,489,1
35,590,1
35,84,1
35,759,1
35,437,1
35,216,1
35,534,1
35,43,1
35,307,1
35,539,1
35,681,1
35,211,1
35,615,1
35,618,1
35,156,1
35,752,1
35,460,1
35,434,1
35,490,1
35,538,1
35,154,1
35,60,1
35,217,1
35,689,1
35,146,1
36,126,1
36,489,1
36,534,1
36,460,1
36,154,1
36,752,1
36,240,1
36,448,1
36,231,1
36,466,1
36,732,1
36,63,1
36,352,1
36,436,1
36,43,1
36,681,1
36,789,1
36,615,1
36,434,1
36,280,1
36,156,1
36,490,1
36,248,1
36,437,1
36,59,1
36,636,1
36,195,1
36,217,1
36,546,1
36,145,1
36,826,1
36,458,1
36,151,1
36,133,1
36,157,1
36,762,1
36,51,1
36,592,1
36,327,1
37,38,1
37,396,1
37,124,1
37,564,1
37,562,1
37,317,1
37,201,1
37,475,1
37,57,1
37,137,1
37,713,1
37,843,1
37,119,1
37,743,1
37,648,1
37,506,1
37,307,1
37,58,1
37,472,1
37,138,1
37,204,1
37,318,1
37,587,1
37,786,1
37,585,1
37,246,1
37,453,1
37,595,1
37,471,1
37,286,1
37,591,1
37,421,1
37,783,1
37,662,1
37,586,1
37,533,1
37,358,1
37,383,1
37,693,1
37,400,1
37,523,1
37,454,1
37,883,1
37,831,1
37,748,1
37,339,1
37,596,1
37,734,1
37,422,1
37,818,1
37,514,1
37,793,1
37,123,1
37,557,1
37,810,1
37,726,1
37,89,1
37,180,1
37,744,1
37,135,1
37,385,1
37,609,1
37,755,1
37,656,1
37,828,1
38,307,1
38,598,1
38,707,1
38,404,1
38,672,1
38,357,1
38,124,1
38,711,1
38,340,1
38,796,1
38,726,1
38,860,1
38,363,1
38,843,1
38,797,1
38,748,1
38,405,1
38,743,1
38,713,1
38,650,1
38,753,1
38,562,1
38,356,1
38,736,1
38,310,1
38,453,1
38,784,1
38,137,1
38,246,1
38,664,1
38,585,1
38,474,1
38,587,1
38,223,1
38,744,1
38,786,1
38,783,1
38,273,1
38,887,1
38,123,1
38,400,1
38,136,1
38,523,1
38,918,1
38,475,1
38,90,1
38,877,1
38,775,1
38,592,1
38,533,1
38,660,1
38,421,1
38,308,1
38,810,1
38,286,1
38,285,1
38,506,1
38,595,1
38,119,1
38,591,1
38,204,1
38,818,1
38,454,1
38,472,1
38,138,1
38,342,1
38,383,1
38,586,1
38,656,1
38,341,1
38,848,1
38,514,1
38,596,1
38,89,1
38,902,1
38,311,1
38,339,1
38,525,1
38,564,1
38,919,1
38,338,1
38,944,1
38,58,1
38,718,1
38,355,1
38,135,1
38,57,1
39,40,1
39,540,1
39,593,1
39,836,1
39,575,1
39,641,1
39,362,1
39,614,1
39,600,1
39,264,1
39,787,1
39,565,1
39,62,1
39,760,1
39,471,1
39,727,1
39,941,1
39,276,1
39,429,1
39,361,1
39,782,1
39,461,1
39,668,1
39,769,1
39,510,1
39,832,1
39,926,1
39,680,1
39,349,1
39,692,1
39,65,1
39,729,1
39,121,1
39,115,1
39,64,1
39,911,1
39,410,1
39,428,1
39,543,1
39,599,1
39,502,1
40,121,1
40,65,1
40,565,1
40,593,1
40,606,1
40,692,1
40,502,1
40,428,1
40,770,1
40,501,1
40,659,1
40,772,1
40,318,1
40,70,1
40,378,1
40,364,1
40,679,1
40,703,1
40,879,1
40,734,1
40,429,1
40,723,1
40,365,1
40,789,1
40,777,1
40,550,1
40,170,1
40,518,1
40,379,1
40,446,1
40,227,1
40,250,1
40,268,1
40,131,1
40,125,1
40,144,1
40,833,1
40,64,1
40,78,1
40,61,1
40,201,1
40,680,1
40,196,1
40,534,1
40,508,1
40,497,1
40,361,1
40,224,1
40,681,1
40,573,1
40,516,1
40,517,1
40,668,1
40,599,1
40,275,1
40,945,1
40,143,1
40,59,1
40,802,1
40,264,1
40,543,1
40,461,1
40,832,1
40,728,1
40,71,1
40,362,1
40,246,1
40,510,1
40,445,1
40,724,1
40,374,1
40,576,1
40,330,1
40,349,1
40,383,1
40,640,1
40,50,1
40,412,1
40,282,1
40,853,1
40,444,1
40,398,1
40,449,1
40,760,1
40,654,1
40,637,1
40,911,1
40,941,1
40,281,1
40,836,1
40,787,1
40,211,1
40,333,1
40,618,1
40,115,1
40,867,1
40,968,1
40,307,1
40,587,1
40,263,1
40,854,1
40,778,1
40,812,1
40,700,1
40,146,1
40,749,1
40,500,1
40,942,1
40,597,1
40,655,1
40,431,1
40,77,1
40,252,1
40,471,1
40,600,1
40,447,1
40,639,1
40,384,1
40,519,1
40,283,1
40,907,1
40,432,1
40,62,1
40,910,1
40,350,1
40,952,1
40,435,1
40,691,1
40,641,1
40,658,1
40,752,1
40,638,1
40,420,1
40,114,1
40,575,1
40,122,1
40,626,1
40,769,1
40,619,1
40,81,1
40,458,1
40,512,1
40,782,1
40,450,1
40,548,1
40,722,1
40,212,1
40,540,1
40,336,1
40,834,1
40,727,1
40,934,1
40,729,1
40,926,1
40,385,1
40,276,1
40,337,1
40,757,1
40,740,1
40,579,1
40,735,1
40,377,1
41,256,1
41,107,2
41,170,1
41,139,2
41,491,1
41,169,1
41,527,1
41,315,1
41,559,1
41,393,1
41,206,1
41,492,1
41,402,1
41,261,1
41,699,1
41,235,1
41,215,1
41,173,1
41,277,1
41,815,1
41,93,1
41,303,1
41,97,2
41,260,1
41,331,1
41,262,1
41,253,1
41,456,1
41,313,1
41,168,1
41,236,1
41,671,1
41,106,2
41,376,1
41,561,1
41,473,1
41,94,2
41,245,1
41,76,1
41,85,1
41,430,1
41,605,1
41,75,2
41,426,1
41,710,1
41,150,1
41,258,1
41,194,1
41,649,1
41,401,1
41,289,1
41,56,2
41,507,1
41,687,1
41,187,1
41,300,1
41,686,1
41,477,1
41,161,1
41,301,1
41,651,1
41,347,1
41,305,1
41,152,2
41,140,1
41,87,1
41,271,1
41,210,1
41,526,1
41,159,1
41,299,1
41,214,1
41,147,2
41,316,1
41,933,1
41,205,1
41,251,1
41,320,1
41,225,1
41,46,2
41,185,1
41,257,1
41,652,1
41,635,1
41,351,1
41,186,1
41,232,1
41,582,1
41,390,1
41,86,1
41,67,2
41,48,2
41,178,1
41,294,1
41,468,1
41,319,1
41,167,1
41,467,1
41,73,2
41,192,1
41,459,1
41,188,1
41,55,2
41,116,2
41,274,1
41,496,1
41,148,2
41,427,1
41,455,1
41,560,1
41,179,1
41,155,2
41,95,1
41,53,1
41,279,1
41,440,1
41,112,1
41,321,1
41,620,1
41,574,1
41,520,1
41,464,1
41,149,2
41,182,1
41,395,1
41,191,1
41,193,1
41,386,1
41,535,1
41,348,1
41,438,1
41,451,1
41,325,1
41,288,1
41,293,1
41,218,1
41,495,1
41,302,1
41,160,1
41,247,1
41,452,1
41,309,1
41,696,1
41,306,1
41,243,1
41,162,1
41,298,1
41,181,1
41,278,1
41,570,1
41,100,1
41,661,1
41,165,1
41,359,1
41,113,1
41,537,1
41,111,1
41,259,1
41,96,1
41,522,1
42,43,1
42,615,1
42,132,1
42,352,1
42,145,1
42,125,1
42,518,1
42,126,1
42,643,1
42,63,1
42,448,1
42,330,1
42,577,1
42,460,1
42,240,1
42,590,1
42,434,1
42,195,1
42,723,1
42,609,1
42,689,1
42,59,1
42,216,1
42,156,1
42,360,1
42,579,1
42,51,1
42,120,1
42,803,1
42,516,1
42,83,1
42,681,1
42,546,1
42,84,1
42,248,1
42,412,1
42,762,1
42,864,1
42,534,1
42,539,1
42,433,1
42,521,1
42,592,1
42,380,1
42,233,1
42,489,1
42,573,1
42,50,1
42,154,1
42,231,1
42,157,1
42,444,1
42,752,1
42,702,1
42,470,1
42,538,1
43,364,1
43,332,1
43,466,1
43,240,1
43,789,1
43,195,1
43,690,1
43,490,1
43,590,1
43,458,1
43,125,1
43,60,1
43,679,1
43,826,1
43,448,1
43,51,1
43,83,1
43,50,1
43,681,1
43,521,1
43,678,1
43,434,1
43,145,1
43,607,1
43,233,1
43,435,1
43,592,1
43,374,1
43,436,1
43,358,1
43,558,1
43,59,1
43,550,1
43,222,1
43,762,1
43,700,1
43,84,1
43,156,1
43,470,1
43,557,1
43,216,1
43,217,1
43,643,1
43,437,1
43,280,1
43,158,1
43,371,1
43,154,1
43,759,1
43,803,1
43,636,1
43,413,1
43,702,1
43,878,1
43,146,1
43,151,1
43,333,1
43,752,1
43,412,1
43,380,1
43,126,1
43,133,1
43,352,1
43,248,1
43,211,1
43,489,1
43,63,1
43,119,1
43,239,1
43,327,1
43,234,1
43,360,1
43,120,1
43,460,1
43,539,1
43,82,1
43,708,1
43,516,1
43,231,1
43,577,1
43,157,1
43,534,1
43,546,1
44,45,1
44,625,1
44,841,1
44,909,1
44,183,1
44,781,1
44,629,1
45,345,1
45,183,1
45,629,1
45,731,1
45,758,1
45,936,1
45,684,1
45,695,1
45,830,1
45,852,1
45,807,1
45,746,1
45,184,1
45,553,1
45,242,1
45,750,1
45,909,1
45,930,1
45,295,1
45,780,1
45,266,1
45,674,1
45,977,1
45,730,1
45,628,1
45,213,1
45,935,1
45,841,1
45,781,1
45,442,1
45,272,1
45,938,1
46,47,1
46,279,1
46,294,1
46,249,1
46,197,1
46,132,2
46,128,1
46,401,1
46,210,1
46,155,2
46,241,1
46,218,1
46,94,2
46,351,1
46,87,1
46,326,1
46,363,1
46,673,1
46,111,1
46,944,1
46,127,2
46,262,1
46,251,1
46,245,1
46,939,1
46,627,1
46,105,2
46,113,1
46,134,2
46,254,1
46,180,1
46,167,1
46,438,1
46,574,1
46,424,1
46,547,1
46,141,2
46,185,1
46,142,2
46,258,1
46,305,1
46,162,1
46,302,1
46,922,1
46,169,1
46,393,1
46,331,1
46,473,1
46,665,1
46,591,1
46,301,1
46,108,2
46,488,1
46,527,1
46,459,1
46,171,1
46,299,1
46,97,2
46,192,1
46,376,1
46,261,1
46,402,1
46,319,1
46,430,1
46,410,1
46,168,1
46,666,1
46,150,1
46,177,1
46,116,2
46,697,1
46,529,1
46,426,1
46,390,1
46,999,1
46,256,1
46,48,2
46,884,1
46,522,1
46,149,2
46,334,1
46,88,1
46,387,1
46,354,1
46,1006,1
46,104,1
46,328,1
46,325,1
46,876,1
46,55,2
46,225,1
46,200,1
46,95,1
46,199,1
46,49,1
46,492,1
46,304,1
46,300,1
46,347,1
46,67,2
46,165,1
46,320,1
46,170,1
46,559,1
46,53,1
46,244,1
46,725,1
47,795,1
47,409,1
47,950,1
47,410,1
47,733,1
47,244,1
47,999,1
47,1006,1
47,513,1
47,511,1
47,875,1
47,270,1
47,269,1
47,202,1
47,408,1
47,874,1
47,146,1
47,721,1
48,49,1
48,168,1
48,325,1
48,214,1
48,651,1
48,159,1
48,261,1
48,258,1
48,189,1
48,354,1
48,488,1
48,616,1
48,127,2
48,66,2
48,701,1
48,140,1
48,155,2
48,93,1
48,245,1
48,326,1
48,210,1
48,206,1
48,535,1
48,112,1
48,259,1
48,393,1
48,185,1
48,397,1
48,881,1
48,426,1
48,464,1
48,215,1
48,390,1
48,87,1
48,73,2
48,194,1
48,166,1
48,198,1
48,260,1
48,149,2
48,569,1
48,190,1
48,537,1
48,376,1
48,53,1
48,605,1
48,256,1
48,847,1
48,424,1
48,347,1
48,401,1
48,241,1
48,582,1
48,262,1
48,116,2
48,321,1
48,515,1
48,468,1
48,427,1
48,507,1
48,522,1
48,178,1
48,243,1
48,399,1
48,584,1
48,235,1
48,574,1
48,452,1
48,699,1
48,652,1
48,527,1
48,473,1
48,96,1
48,170,1
48,177,1
48,304,1
48,359,1
48,105,2
48,319,1
48,141,2
48,142,2
48,331,1
48,560,1
48,451,1
48,94,2
48,570,1
48,344,1
48,165,1
48,85,1
48,456,1
48,547,1
48,302,1
48,348,1
48,197,1
48,301,1
48,171,1
48,75,2
48,368,1
48,320,1
48,205,1
48,192,1
48,661,1
48,148,2
48,95,1
48,162,1
48,492,1
48,232,1
48,247,1
48,298,1
48,827,1
48,147,2
48,386,1
48,496,1
48,188,1
48,610,1
48,334,1
48,498,1
48,174,1
48,309,1
48,97,2
48,200,1
48,253,1
48,271,1
48,381,1
48,179,1
48,536,1
48,306,1
48,467,1
48,627,1
48,324,1
48,288,1
48,74,1
48,167,1
48,438,1
48,225,1
48,351,1
48,293,1
48,186,1
48,180,1
48,218,1
48,67,2
48,313,1
48,299,1
48,520,1
48,128,1
48,187,1
48,423,1
48,107,2
48,150,1
48,182,1
48,257,1
48,68,2
48,416,1
48,620,1
48,294,1
48,704,1
48,111,1
48,289,1
48,328,1
49,155,1
49,496,1
49,167,1
49,387,1
49,117,1
49,574,1
49,685,1
49,176,1
49,328,1
49,414,1
49,415,1
49,219,1
49,189,1
49,104,1
49,67,1
49,150,1
49,111,1
49,253,1
49,306,1
49,492,1
49,368,1
49,188,1
49,425,1
49,185,1
49,326,1
49,261,1
49,687,1
49,232,1
49,256,1
49,582,1
49,456,1
49,140,1
49,95,1
49,632,1
49,438,1
49,97,1
49,153,1
49,498,1
49,403,1
49,206,1
49,178,1
49,477,1
49,128,1
49,488,1
49,210,1
49,303,1
49,197,1
49,602,1
49,469,1
49,347,1
49,147,1
49,720,1
49,79,1
49,179,1
49,320,1
49,846,1
49,243,1
49,451,1
49,324,1
49,402,1
49,294,1
49,313,1
49,218,1
49,272,1
49,200,1
49,235,1
49,170,1
49,335,1
49,85,1
49,399,1
49,861,1
49,149,1
49,459,1
49,314,1
49,251,1
49,148,1
49,556,1
49,236,1
49,507,1
49,376,1
49,162,1
49,302,1
49,107,1
49,666,1
49,439,1
49,159,1
49,319,1
49,393,1
49,426,1
49,116,1
49,193,1
49,262,1
49,738,1
49,245,1
49,249,1
49,259,1
49,561,1
49,670,1
49,132,1
49,476,1
49,213,1
49,462,1
49,165,1
49,570,1
49,916,1
49,351,1
49,717,1
49,199,1
49,781,1
49,455,1
49,301,1
49,87,1
49,682,1
49,72,1
49,578,1
49,289,1
49,53,1
49,258,1
49,300,1
49,141,1
49,247,1
49,312,1
49,66,1
49,160,1
49,171,1
49,424,1
49,108,1
49,74,1
49,725,1
49,696,1
49,225,1
49,1031,1
49,331,1
49,173,1
49,325,1
49,152,1
49,298,1
49,671,1
49,527,1
49,271,1
49,192,1
49,559,1
49,94,1
49,241,1
49,177,1
49,334,1
49,299,1
49,440,1
49,134,1
49,569,1
49,278,1
49,629,1
49,257,1
49,611,1
49,279,1
49,105,1
49,73,1
49,701,1
49,103,1
49,304,1
49,180,1
49,127,1
49,54,1
49,168,1
49,305,1
50,51,1
50,175,1
50,231,1
50,360,1
50,154,1
50,490,1
50,573,1
50,594,1
50,849,1
50,534,1
50,762,1
50,280,1
50,447,1
50,398,1
50,82,1
50,609,1
50,702,1
50,83,1
50,466,1
50,63,1
50,732,1
50,538,1
50,607,1
50,592,1
50,470,1
50,248,1
50,327,1
50,120,1
50,689,1
50,517,1
50,52,1
50,250,1
50,878,1
50,125,1
50,460,1
50,330,1
50,486,1
50,615,1
50,227,1
50,752,1
50,151,1
50,435,1
50,659,1
50,332,1
50,217,1
50,626,1
50,433,1
50,240,1
50,787,1
50,434,1
50,539,1
50,735,1
50,518,1
50,156,1
50,703,1
50,234,1
50,352,1
50,77,1
50,195,1
50,458,1
50,618,1
50,548,1
50,59,1
50,145,1
50,239,1
50,444,1
50,412,1
50,431,1
50,413,1
50,678,1
50,133,1
50,681,1
50,789,1
50,432,1
50,216,1
50,233,1
50,734,1
50,489,1
50,679,1
50,543,1
50,436,1
50,558,1
50,501,1
50,371,1
50,211,1
50,640,1
50,864,1
50,590,1
50,636,1
50,516,1
50,812,1
50,557,1
50,157,1
50,126,1
50,446,1
50,437,1
50,949,1
50,78,1
50,770,1
50,448,1
50,212,1
50,307,1
50,546,1
50,577,1
50,84,1
50,772,1
50,803,1
50,146,1
50,380,1
50,550,1
50,333,1
50,759,1
50,643,1
50,521,1
50,222,1
50,826,1
51,145,1
51,516,1
51,681,1
51,458,1
51,752,1
51,83,1
51,222,1
51,332,1
51,702,1
51,77,1
51,233,1
51,63,1
51,521,1
51,126,1
51,412,1
51,563,1
51,534,1
51,195,1
51,352,1
51,444,1
51,434,1
51,789,1
51,460,1
51,146,1
51,333,1
51,679,1
51,436,1
51,157,1
51,231,1
51,787,1
51,636,1
51,470,1
51,546,1
51,239,1
51,227,1
51,248,1
51,133,1
51,217,1
51,125,1
51,413,1
51,374,1
51,120,1
51,327,1
51,151,1
51,466,1
51,250,1
51,156,1
51,518,1
51,490,1
51,59,1
51,577,1
51,689,1
51,78,1
51,437,1
51,759,1
51,280,1
51,154,1
51,435,1
51,483,1
51,607,1
51,543,1
51,489,1
51,234,1
51,539,1
51,240,1
51,762,1
51,84,1
51,592,1
51,60,1
51,803,1
51,433,1
51,216,1
51,448,1
51,609,1
51,770,1
52,551,1
52,581,1
52,544,1
52,444,1
52,145,1
52,637,1
52,579,1
52,125,1
52,518,1
52,227,1
52,534,1
52,377,1
52,432,1
52,557,1
52,885,1
52,231,1
52,131,1
52,77,1
52,812,1
52,364,1
52,550,1
52,787,1
52,329,1
52,734,1
52,681,1
52,333,1
52,640,1
52,398,1
52,307,1
52,749,1
52,280,1
52,703,1
52,239,1
52,777,1
52,659,1
52,577,1
52,211,1
52,799,1
52,330,1
53,54,1
53,193,1
53,520,1
53,344,1
53,477,1
53,95,1
53,111,1
53,294,1
53,241,1
53,652,1
53,167,1
53,632,1
53,347,1
53,72,1
53,178,1
53,325,1
53,473,1
53,299,1
53,198,1
53,582,1
53,320,1
53,451,1
53,515,1
53,253,1
53,293,1
53,150,1
53,94,1
53,536,1
53,376,1
53,288,1
53,162,1
53,186,1
53,261,1
53,464,1
53,430,1
53,416,1
53,439,1
53,498,1
53,66,1
53,140,1
53,152,1
53,197,1
53,235,1
53,194,1
53,401,1
53,535,1
53,527,1
53,574,1
53,635,1
53,441,1
53,739,1
53,488,1
53,247,1
53,225,1
53,620,1
53,795,1
53,584,1
53,478,1
53,492,1
53,85,1
53,529,1
53,309,1
53,205,1
53,260,1
53,312,1
53,214,1
53,200,1
53,522,1
53,393,1
53,334,1
53,324,1
53,245,1
53,74,1
53,438,1
53,560,1
53,403,1
53,627,1
53,93,1
53,316,1
53,97,1
53,495,1
53,168,1
53,328,1
53,192,1
53,148,1
53,605,1
53,67,1
53,179,1
53,331,1
53,359,1
53,259,1
53,912,1
53,141,1
53,666,1
53,368,1
53,321,1
53,75,1
53,180,1
53,570,1
53,132,1
53,161,1
53,277,1
53,169,1
53,390,1
53,257,1
53,710,1
53,651,1
53,304,1
53,279,1
53,107,1
53,687,1
53,188,1
53,96,1
53,199,1
53,101,1
53,274,1
53,427,1
53,456,1
53,326,1
53,182,1
53,118,1
53,155,1
53,301,1
53,173,1
53,105,1
53,298,1
53,313,1
53,649,1
53,452,1
53,185,1
53,73,1
53,258,1
53,610,1
53,127,1
53,236,1
53,386,1
53,351,1
53,348,1
53,467,1
53,303,1
53,537,1
53,491,1
53,166,1
53,215,1
53,55,1
53,426,1
53,601,1
53,561,1
53,147,1
53,106,1
53,100,1
53,306,1
53,399,1
53,187,1
53,278,1
53,206,1
53,116,1
53,171,1
53,395,1
53,232,1
53,402,1
53,210,1
53,191,1
53,177,1
53,56,1
53,86,1
53,507,1
53,170,1
53,701,1
53,699,1
53,354,1
53,104,1
53,165,1
53,682,1
53,149,1
53,289,1
53,616,1
53,319,1
53,686,1
53,455,1
53,468,1
53,397,1
53,315,1
53,496,1
53,262,1
53,271,1
53,68,1
53,423,1
53,218,1
53,142,1
53,243,1
53,87,1
54,116,2
54,438,1
54,179,1
54,259,1
54,191,1
54,427,1
54,72,1
54,299,1
54,492,1
54,417,1
54,320,1
54,317,1
54,245,1
54,451,1
54,103,2
54,192,1
54,150,1
54,111,1
54,685,1
54,255,1
54,326,1
54,74,1
54,85,1
54,289,1
54,209,1
54,258,1
54,666,1
54,232,1
54,582,1
54,185,1
54,424,1
54,87,1
54,354,1
54,73,2
54,359,1
54,574,1
54,257,1
54,76,1
54,180,1
54,171,1
54,241,1
54,430,1
54,67,2
54,104,1
54,205,1
54,142,2
54,687,1
54,261,1
54,218,1
54,313,1
54,725,1
54,402,1
54,112,1
54,93,1
54,426,1
54,559,1
54,159,1
54,304,1
54,331,1
54,416,1
54,394,1
54,170,1
54,368,1
54,176,1
54,206,1
54,155,2
54,189,1
55,56,2
55,185,1
55,452,1
55,456,1
55,87,1
55,235,1
55,149,2
55,205,1
55,651,1
55,186,1
55,278,1
55,243,1
55,245,1
55,101,1
55,85,1
55,468,1
55,324,1
55,170,1
55,117,2
55,561,1
55,140,1
55,168,1
55,649,1
55,527,1
55,218,1
55,277,1
55,127,2
55,210,1
55,661,1
55,289,1
55,354,1
55,556,1
55,325,1
55,155,2
55,670,1
55,570,1
55,75,2
55,232,1
55,198,1
55,321,1
55,671,1
55,515,1
55,67,2
55,162,1
55,177,1
55,301,1
55,293,1
55,375,1
55,351,1
55,180,1
55,522,1
55,253,1
55,477,1
55,386,1
55,467,1
55,495,1
55,699,1
55,416,1
55,251,1
55,627,1
55,348,1
55,473,1
55,620,1
55,584,1
55,686,1
55,682,1
55,331,1
55,66,2
55,560,1
55,193,1
55,652,1
55,187,1
55,182,1
55,247,1
55,464,1
55,171,1
55,100,1
55,181,1
55,395,1
55,169,1
55,430,1
55,520,1
55,116,2
55,288,1
55,141,2
55,316,1
55,73,2
55,118,1
55,368,1
55,94,2
55,294,1
55,150,1
55,86,1
55,191,1
55,476,1
55,215,1
55,214,1
55,112,1
55,309,1
55,165,1
55,328,1
55,347,1
55,139,2
55,376,1
55,496,1
55,257,1
55,161,1
55,635,1
55,152,2
55,401,1
55,260,1
55,440,1
55,359,1
55,498,1
55,847,1
55,315,1
55,93,1
55,188,1
55,261,1
55,97,2
56,188,1
56,492,1
56,536,1
56,320,1
56,260,1
56,582,1
56,457,1
56,441,1
56,375,1
56,313,1
56,256,1
56,402,1
56,491,1
56,218,1
56,179,1
56,325,1
56,306,1
56,452,1
56,141,2
56,430,1
56,104,1
56,569,1
56,602,1
56,95,1
56,261,1
56,107,2
56,439,1
56,477,1
56,304,1
56,259,1
56,376,1
56,97,2
56,87,1
56,469,1
56,367,1
56,225,1
56,159,1
56,74,1
56,86,1
56,206,1
56,140,1
56,529,1
56,451,1
56,160,1
56,96,1
56,438,1
56,473,1
56,294,1
56,312,1
56,111,1
56,189,1
56,152,2
56,666,1
56,381,1
56,289,1
56,128,1
56,456,1
56,359,1
56,488,1
56,247,1
56,219,1
57,58,1
57,748,1
57,422,1
57,693,1
57,472,1
57,204,1
57,138,1
57,786,1
57,357,1
57,917,1
57,506,1
57,743,1
57,137,1
57,596,1
57,474,1
57,595,1
57,726,1
57,286,1
57,453,1
57,135,1
57,564,1
57,124,1
57,383,1
57,136,1
57,421,1
57,475,1
57,585,1
57,562,1
57,656,1
57,533,1
57,287,1
57,523,1
57,648,1
57,201,1
58,506,1
58,672,1
58,138,1
58,342,1
58,811,1
58,135,1
58,383,1
58,940,1
58,648,1
58,595,1
58,786,1
58,472,1
58,273,1
58,848,1
58,810,1
58,533,1
58,978,1
58,137,1
58,883,1
58,726,1
58,421,1
58,363,1
58,748,1
58,308,1
58,585,1
58,743,1
58,917,1
58,860,1
58,586,1
58,744,1
58,287,1
58,588,1
58,475,1
58,693,1
58,736,1
58,525,1
58,422,1
58,204,1
58,523,1
59,60,1
59,133,1
59,371,1
59,435,1
59,590,1
59,154,1
59,587,1
59,248,1
59,377,1
59,594,1
59,516,1
59,878,1
59,557,1
59,195,1
59,120,1
59,636,1
59,157,1
59,679,1
59,327,1
59,949,1
59,803,1
59,448,1
59,752,1
59,579,1
59,789,1
59,63,1
59,82,1
59,151,1
59,759,1
59,458,1
59,231,1
59,332,1
59,546,1
59,489,1
59,826,1
59,437,1
59,280,1
59,83,1
59,374,1
59,607,1
59,217,1
59,534,1
59,233,1
59,436,1
59,762,1
59,681,1
59,539,1
59,460,1
59,333,1
59,216,1
59,145,1
59,412,1
59,227,1
59,211,1
59,240,1
59,466,1
59,360,1
59,592,1
59,643,1
59,702,1
59,433,1
59,490,1
59,817,1
59,156,1
59,521,1
59,250,1
59,380,1
59,222,1
59,434,1
60,146,1
60,752,1
60,195,1
60,240,1
60,412,1
60,437,1
60,702,1
60,762,1
60,592,1
60,63,1
60,120,1
60,374,1
60,557,1
60,448,1
60,233,1
60,521,1
60,216,1
60,434,1
60,156,1
60,460,1
60,607,1
60,248,1
60,125,1
60,789,1
60,154,1
61,62,1
61,782,1
61,270,1
61,540,1
61,848,1
61,269,1
61,639,1
61,654,1
61,748,1
61,70,1
61,614,1
61,875,1
61,409,1
61,65,1
61,122,1
61,740,1
61,292,1
61,408,1
61,952,1
61,513,1
61,511,1
61,144,1
61,600,1
61,121,1
61,358,1
61,680,1
61,874,1
61,429,1
61,384,1
61,366,1
61,276,1
62,429,1
62,619,1
62,471,1
62,729,1
62,782,1
62,283,1
62,926,1
62,832,1
62,268,1
62,606,1
62,385,1
62,654,1
62,692,1
62,276,1
62,941,1
62,680,1
62,121,1
62,350,1
62,349,1
62,143,1
62,614,1
62,65,1
62,361,1
62,934,1
62,502,1
62,383,1
62,115,1
62,576,1
62,317,1
62,64,1
62,836,1
62,600,1
62,593,1
62,668,1
62,727,1
62,760,1
63,82,1
63,154,1
63,607,1
63,681,1
63,732,1
63,156,1
63,151,1
63,332,1
63,803,1
63,534,1
63,752,1
63,458,1
63,557,1
63,643,1
63,489,1
63,248,1
63,360,1
63,231,1
63,636,1
63,195,1
63,521,1
63,516,1
63,466,1
63,702,1
63,759,1
63,120,1
63,413,1
63,133,1
63,280,1
63,240,1
63,435,1
63,216,1
63,327,1
63,125,1
63,762,1
63,412,1
63,546,1
63,126,1
63,145,1
63,433,1
63,233,1
63,170,1
63,217,1
63,436,1
63,83,1
63,592,1
63,371,1
63,577,1
63,146,1
63,539,1
63,333,1
63,84,1
63,826,1
63,448,1
63,538,1
63,434,1
63,490,1
63,352,1
63,460,1
64,65,1
64,575,1
64,614,1
64,576,1
64,727,1
64,769,1
64,832,1
64,510,1
64,619,1
64,365,1
64,429,1
64,911,1
64,853,1
64,729,1
64,692,1
64,606,1
64,543,1
64,420,1
64,565,1
64,879,1
64,912,1
64,941,1
64,600,1
64,787,1
64,349,1
64,275,1
64,114,1
64,641,1
64,361,1
64,115,1
64,655,1
64,70,1
64,926,1
64,782,1
64,680,1
64,385,1
64,350,1
64,276,1
64,461,1
64,471,1
64,834,1
64,428,1
64,283,1
64,502,1
64,728,1
64,362,1
64,252,1
64,760,1
64,668,1
64,593,1
64,836,1
64,450,1
64,540,1
64,599,1
65,576,1
65,71,1
65,70,1
65,513,1
65,115,1
65,722,1
65,597,1
65,910,1
65,606,1
65,379,1
65,378,1
65,911,1
65,510,1
65,638,1
65,952,1
65,428,1
65,121,1
65,283,1
65,366,1
65,512,1
65,658,1
65,804,1
65,680,1
65,361,1
65,614,1
65,429,1
65,365,1
65,384,1
65,540,1
65,420,1
65,385,1
65,769,1
65,461,1
65,760,1
65,122,1
65,276,1
65,655,1
65,143,1
65,450,1
65,144,1
65,362,1
65,224,1
65,275,1
65,802,1
65,639,1
66,67,2
66,526,1
66,574,1
66,147,2
66,651,1
66,199,1
66,552,1
66,635,1
66,132,2
66,245,1
66,359,1
66,354,1
66,179,1
66,602,1
66,173,1
66,140,1
66,159,1
66,402,1
66,302,1
66,260,1
66,106,2
66,522,1
66,620,1
66,127,2
66,670,1
66,467,1
66,319,1
66,309,1
66,73,2
66,426,1
66,93,1
66,701,1
66,570,1
66,247,1
66,192,1
66,215,1
66,149,2
66,105,2
66,198,1
66,795,1
66,507,1
66,298,1
66,305,1
66,142,2
66,128,1
66,328,1
66,462,1
66,241,1
66,452,1
66,299,1
66,148,2
66,152,2
66,666,1
66,188,1
66,232,1
66,306,1
66,104,1
66,261,1
66,325,1
66,258,1
66,168,1
66,197,1
66,294,1
66,255,1
66,206,1
66,171,1
66,463,1
66,189,1
66,87,1
66,492,1
66,274,1
66,331,1
66,194,1
66,169,1
66,376,1
66,167,1
66,116,2
66,165,1
66,141,2
66,916,1
66,253,1
66,107,2
66,226,1
66,289,1
66,178,1
66,344,1
66,527,1
66,464,1
66,180,1
66,68,2
66,219,1
66,439,1
66,456,1
66,368,1
66,390,1
66,111,1
66,271,1
66,498,1
66,97,2
66,235,1
66,488,1
66,605,1
66,515,1
66,166,1
66,348,1
66,399,1
66,150,1
66,205,1
66,324,1
66,162,1
67,397,1
67,325,1
67,104,1
67,566,1
67,529,1
67,236,1
67,424,1
67,303,1
67,162,1
67,210,1
67,108,2
67,215,1
67,620,1
67,321,1
67,452,1
67,649,1
67,170,1
67,457,1
67,309,1
67,666,1
67,253,1
67,258,1
67,701,1
67,247,1
67,298,1
67,79,2
67,467,1
67,88,1
67,417,1
67,368,1
67,302,1
67,344,1
67,235,1
67,87,1
67,334,1
67,132,2
67,150,1
67,152,2
67,522,1
67,578,1
67,149,2
67,134,2
67,491,1
67,561,1
67,425,1
67,271,1
67,188,1
67,100,1
67,347,1
67,661,1
67,569,1
67,570,1
67,695,1
67,179,1
67,426,1
67,299,1
67,200,1
67,846,1
67,180,1
67,949,1
67,259,1
67,199,1
67,141,2
67,294,1
67,320,1
67,331,1
67,415,1
67,606,1
67,306,1
67,107,2
67,95,1
67,169,1
67,261,1
67,401,1
67,117,2
67,387,1
67,225,1
67,316,1
67,348,1
67,256,1
67,535,1
67,390,1
67,279,1
67,147,2
67,128,1
67,278,1
67,262,1
67,632,1
67,328,1
67,159,1
67,192,1
67,245,1
67,140,1
67,696,1
67,319,1
67,205,1
67,455,1
67,103,2
67,819,1
67,189,1
67,305,1
67,185,1
67,94,2
67,699,1
67,488,1
67,197,1
67,142,2
67,155,2
67,206,1
67,93,1
67,112,1
67,251,1
67,167,1
67,113,1
67,462,1
67,260,1
67,414,1
67,313,1
67,354,1
67,430,1
67,168,1
67,293,1
67,173,1
67,257,1
67,111,1
67,376,1
67,177,1
67,249,1
67,289,1
67,496,1
67,304,1
67,171,1
67,241,1
67,301,1
67,116,2
67,438,1
67,427,1
67,198,1
67,402,1
67,127,2
67,602,1
67,527,1
67,218,1
67,464,1
67,492,1
67,324,1
67,326,1
67,73,2
67,393,1
67,507,1
67,687,1
67,359,1
67,574,1
67,182,1
67,187,1
67,605,1
67,552,1
67,97,2
67,456,1
67,395,1
67,627,1
67,178,1
67,165,1
68,69,1
68,547,1
68,166,1
68,107,2
68,105,2
68,616,1
68,85,1
68,359,1
68,275,1
68,747,1
68,198,1
68,188,1
68,148,2
68,823,1
68,179,1
68,274,1
68,463,1
68,168,1
68,605,1
68,651,1
68,116,2
68,498,1
68,73,2
68,515,1
68,259,1
68,870,1
68,247,1
68,881,1
68,344,1
68,197,1
68,452,1
68,260,1
68,416,1
68,522,1
68,570,1
68,147,2
68,456,1
68,980,1
68,127,2
68,258,1
68,610,1
68,794,1
68,149,2
68,218,1
68,653,1
68,492,1
68,165,1
68,620,1
69,463,1
69,709,1
69,129,1
69,676,1
69,704,1
69,107,1
69,823,1
69,971,1
69,751,1
69,705,1
69,683,1
69,699,1
69,881,1
69,616,1
69,938,1
69,494,1
69,109,1
69,266,1
69,992,1
69,981,1
69,653,1
69,116,1
69,493,1
69,663,1
69,930,1
69,873,1
69,604,1
69,629,1
69,572,1
69,754,1
69,443,1
69,695,1
69,110,1
69,99,1
70,71,1
70,385,1
70,122,1
70,639,1
70,366,1
70,378,1
70,115,1
70,597,1
70,429,1
70,512,1
70,802,1
70,769,1
70,361,1
70,143,1
70,384,1
70,576,1
70,275,1
71,378,1
71,597,1
71,122,1
71,600,1
71,143,1
71,379,1
71,420,1
71,429,1
71,680,1
71,275,1
71,224,1
71,385,1
71,540,1
71,512,1
71,639,1
71,658,1
71,283,1
71,722,1
71,428,1
71,449,1
71,565,1
71,638,1
71,802,1
71,450,1
71,816,1
72,73,1
72,312,1
72,451,1
72,414,1
72,128,1
72,209,1
72,104,1
72,167,1
72,427,1
72,261,1
72,402,1
72,159,1
72,278,1
72,96,1
72,570,1
72,488,1
72,491,1
72,251,1
72,253,1
72,438,1
72,254,1
72,103,1
72,226,1
72,259,1
72,507,1
72,245,1
72,537,1
72,520,1
72,354,1
72,666,1
72,325,1
72,197,1
72,426,1
72,328,1
72,171,1
72,289,1
72,393,1
72,194,1
72,299,1
72,390,1
72,457,1
72,387,1
72,685,1
72,298,1
72,241,1
72,218,1
72,116,1
72,321,1
72,313,1
72,95,1
72,320,1
72,176,1
72,189,1
72,141,1
72,578,1
72,160,1
72,394,1
72,179,1
72,424,1
72,623,1
72,496,1
72,97,1
72,560,1
72,492,1
72,417,1
72,294,1
72,192,1
72,112,1
72,334,1
72,225,1
72,515,1
72,717,1
72,696,1
72,257,1
72,319,1
72,651,1
72,111,1
72,86,1
72,441,1
73,173,1
73,451,1
73,177,1
73,161,1
73,168,1
73,507,1
73,162,1
73,194,1
73,797,1
73,452,1
73,303,1
73,651,1
73,180,1
73,141,2
73,215,1
73,397,1
73,401,1
73,94,2
73,289,1
73,316,1
73,430,1
73,192,1
73,456,1
73,257,1
73,245,1
73,149,2
73,351,1
73,653,1
73,649,1
73,105,2
73,467,1
73,381,1
73,306,1
73,304,1
73,620,1
73,107,2
73,274,1
73,147,2
73,298,1
73,492,1
73,584,1
73,334,1
73,294,1
73,155,2
73,165,1
73,139,2
73,150,1
73,661,1
73,243,1
73,87,1
73,515,1
73,439,1
73,359,1
73,185,1
73,348,1
73,261,1
73,218,1
73,166,1
73,682,1
73,522,1
73,148,2
73,293,1
73,205,1
73,321,1
73,232,1
73,247,1
73,288,1
73,560,1
73,325,1
73,188,1
73,167,1
73,235,1
73,200,1
73,225,1
73,152,2
73,395,1
73,520,1
73,140,1
73,315,1
73,260,1
73,326,1
73,328,1
73,214,1
73,111,1
73,635,1
73,699,1
73,178,1
73,477,1
73,423,1
73,127,2
73,627,1
73,416,1
73,354,1
73,473,1
73,100,1
73,277,1
73,488,1
73,376,1
73,86,1
73,181,1
73,186,1
73,491,1
73,116,2
73,319,1
73,206,1
73,652,1
73,93,1
73,498,1
73,701,1
73,468,1
73,671,1
73,187,1
73,258,1
73,847,1
73,197,1
73,191,1
73,320,1
73,96,1
73,128,1
73,426,1
73,438,1
73,253,1
73,694,1
73,344,1
73,386,1
73,309,1
73,85,1
73,570,1
73,182,1
73,312,1
73,739,1
73,496,1
73,459,1
73,605,1
73,97,2
73,75,2
73,171,1
73,210,1
73,464,1
73,424,1
73,559,1
74,218,1
74,128,1
74,351,1
74,167,1
74,537,1
74,394,1
74,390,1
74,243,1
74,715,1
74,111,1
74,313,1
74,438,1
74,666,1
74,159,1
74,515,1
74,300,1
74,321,1
74,376,1
74,171,1
74,578,1
74,368,1
74,427,1
74,185,1
74,261,1
74,259,1
74,214,1
74,104,1
74,673,1
74,623,1
74,491,1
74,328,1
74,620,1
74,324,1
74,582,1
74,189,1
74,140,1
74,278,1
74,245,1
74,701,1
74,520,1
74,168,1
74,95,1
74,206,1
74,325,1
74,452,1
74,76,1
74,232,1
74,219,1
74,424,1
74,353,1
74,304,1
74,165,1
74,177,1
74,97,1
74,170,1
74,96,1
74,86,1
74,289,1
74,251,1
74,522,1
74,117,1
74,225,1
74,569,1
74,294,1
74,257,1
74,492,1
75,102,2
75,288,1
75,316,1
75,495,1
75,456,1
75,117,2
75,218,1
75,348,1
75,328,1
75,467,1
75,100,1
75,169,1
75,253,1
75,649,1
75,152,2
75,93,1
75,94,2
75,325,1
75,699,1
75,149,2
75,395,1
75,101,1
75,376,1
75,933,1
75,205,1
75,187,1
75,277,1
75,488,1
75,359,1
75,188,1
75,670,1
75,185,1
75,232,1
75,86,1
75,584,1
75,423,1
75,294,1
75,522,1
75,180,1
75,171,1
75,416,1
75,620,1
75,251,1
75,473,1
75,191,1
75,261,1
75,197,1
75,560,1
75,496,1
75,401,1
75,139,2
75,127,2
75,468,1
75,289,1
75,520,1
75,452,1
75,324,1
75,87,1
75,847,1
75,214,1
75,315,1
75,162,1
75,85,1
75,570,1
75,190,1
75,198,1
75,141,2
75,260,1
75,177,1
75,464,1
75,492,1
75,118,1
75,181,1
75,111,1
75,210,1
75,182,1
75,635,1
75,701,1
75,170,1
75,186,1
75,430,1
75,215,1
75,155,2
75,247,1
75,97,2
75,168,1
75,651,1
75,973,1
75,652,1
75,293,1
75,140,1
75,301,1
75,243,1
75,351,1
76,168,1
76,313,1
76,394,1
76,278,1
76,348,1
76,417,1
76,245,1
76,627,1
76,96,1
76,111,1
76,368,1
76,176,1
76,251,1
76,427,1
76,569,1
76,312,1
76,354,1
76,402,1
76,451,1
76,390,1
76,289,1
76,97,1
76,582,1
76,112,1
76,261,1
76,353,1
76,225,1
76,104,1
76,141,1
76,226,1
76,469,1
76,438,1
76,666,1
76,160,1
76,241,1
76,215,1
76,424,1
76,179,1
76,376,1
76,552,1
76,367,1
76,294,1
76,457,1
76,492,1
76,499,1
76,95,1
76,320,1
76,397,1
76,623,1
76,293,1
76,537,1
76,491,1
76,321,1
76,103,1
76,257,1
77,78,1
77,233,1
77,81,1
77,239,1
77,691,1
77,133,1
77,131,1
77,412,1
77,196,1
77,587,1
77,703,1
77,573,1
77,337,1
77,330,1
77,798,1
77,945,1
77,500,1
77,212,1
77,988,1
77,518,1
77,447,1
77,700,1
77,227,1
77,307,1
77,175,1
77,281,1
77,618,1
77,551,1
77,689,1
77,589,1
77,752,1
77,282,1
77,446,1
77,557,1
77,690,1
77,216,1
77,637,1
77,398,1
77,723,1
77,550,1
77,444,1
77,517,1
77,228,1
77,336,1
77,501,1
77,812,1
77,250,1
77,431,1
77,580,1
77,211,1
77,679,1
77,724,1
77,548,1
77,849,1
77,333,1
77,125,1
77,907,1
77,735,1
77,777,1
77,352,1
77,626,1
77,377,1
77,579,1
77,543,1
77,734,1
77,799,1
77,432,1
77,445,1
77,640,1
77,195,1
77,146,1
77,534,1
77,246,1
78,432,1
78,587,1
78,398,1
78,212,1
78,557,1
78,812,1
78,227,1
78,337,1
78,433,1
78,723,1
78,563,1
78,518,1
78,573,1
78,444,1
78,579,1
78,907,1
78,239,1
78,550,1
78,330,1
78,752,1
78,137,1
78,281,1
78,307,1
78,626,1
78,988,1
78,517,1
78,618,1
78,131,1
78,799,1
78,336,1
78,431,1
78,660,1
78,211,1
78,447,1
78,246,1
78,734,1
78,412,1
78,551,1
78,589,1
78,250,1
78,445,1
78,546,1
78,770,1
78,446,1
78,548,1
78,703,1
78,640,1
79,80,2
79,709,1
79,324,1
79,788,1
79,794,1
79,245,1
79,745,1
79,750,1
79,616,1
79,116,2
79,306,1
79,747,1
79,236,1
79,823,1
79,675,1
79,300,1
79,821,1
79,617,1
79,132,2
79,704,1
79,494,1
79,725,1
79,199,1
79,335,1
79,319,1
79,313,1
79,328,1
79,737,1
79,629,1
79,414,1
79,827,1
79,578,1
79,463,1
79,530,1
79,425,1
79,415,1
79,155,2
79,140,1
79,218,1
79,443,1
79,992,1
79,653,1
79,255,1
80,326,1
80,185,1
80,529,1
80,335,1
80,739,1
80,827,1
80,128,1
80,473,1
80,134,2
80,141,2
80,629,1
80,314,1
80,846,1
80,416,1
80,754,1
80,414,1
80,611,1
80,459,1
80,245,1
80,262,1
80,788,1
80,249,1
80,415,1
80,630,1
80,559,1
80,425,1
80,687,1
80,116,2
80,720,1
80,242,1
80,861,1
80,103,2
81,211,1
81,212,1
81,447,1
81,907,1
81,445,1
81,336,1
81,281,1
81,640,1
81,732,1
81,518,1
81,812,1
81,945,1
81,700,1
81,548,1
81,691,1
81,734,1
81,618,1
81,444,1
81,723,1
81,589,1
81,517,1
81,307,1
81,626,1
81,573,1
81,196,1
81,227,1
81,587,1
81,777,1
81,703,1
81,579,1
81,580,1
81,337,1
81,501,1
81,724,1
81,550,1
81,446,1
82,216,1
82,826,1
82,490,1
82,233,1
82,458,1
82,607,1
82,636,1
82,708,1
82,489,1
82,84,1
82,280,1
82,240,1
82,412,1
82,466,1
82,145,1
82,434,1
82,332,1
82,126,1
82,231,1
82,157,1
82,217,1
82,154,1
82,125,1
82,195,1
82,352,1
82,436,1
82,789,1
82,151,1
83,84,1
83,151,1
83,557,1
83,689,1
83,543,1
83,460,1
83,550,1
83,789,1
83,681,1
83,333,1
83,120,1
83,352,1
83,240,1
83,227,1
83,828,1
83,444,1
83,145,1
83,280,1
83,470,1
83,412,1
83,133,1
83,636,1
83,233,1
83,518,1
83,156,1
83,121,1
83,762,1
83,752,1
83,590,1
83,521,1
83,546,1
83,489,1
83,332,1
83,732,1
83,437,1
83,157,1
83,170,1
83,216,1
83,615,1
83,534,1
83,587,1
83,734,1
84,460,1
84,444,1
84,195,1
84,412,1
84,146,1
84,534,1
84,538,1
84,156,1
84,483,1
84,577,1
84,364,1
84,332,1
84,592,1
84,470,1
84,125,1
84,280,1
84,489,1
84,521,1
84,248,1
84,240,1
84,615,1
84,752,1
84,826,1
84,281,1
84,154,1
84,145,1
84,762,1
84,643,1
84,803,1
84,789,1
84,435,1
84,157,1
84,352,1
84,546,1
84,434,1
84,539,1
85,86,1
85,147,1
85,176,1
85,105,1
85,469,1
85,390,1
85,171,1
85,376,1
85,527,1
85,205,1
85,169,1
85,582,1
85,441,1
85,155,1
85,96,1
85,368,1
85,627,1
85,699,1
85,495,1
85,257,1
85,299,1
85,651,1
85,278,1
85,438,1
85,218,1
85,127,1
85,149,1
85,160,1
85,359,1
85,649,1
85,570,1
85,496,1
85,289,1
85,206,1
85,198,1
85,93,1
85,150,1
85,116,1
85,210,1
85,215,1
85,430,1
85,165,1
85,473,1
85,701,1
85,180,1
85,666,1
85,187,1
85,537,1
85,417,1
85,661,1
85,520,1
85,324,1
85,456,1
85,87,1
85,226,1
85,427,1
85,301,1
85,191,1
85,491,1
85,111,1
85,251,1
85,294,1
85,179,1
85,185,1
85,95,1
85,347,1
85,261,1
85,395,1
85,315,1
85,188,1
85,209,1
85,312,1
85,620,1
85,182,1
85,94,1
85,536,1
85,259,1
85,492,1
85,277,1
85,321,1
85,232,1
85,320,1
85,325,1
85,522,1
85,243,1
85,168,1
85,293,1
85,316,1
85,189,1
85,452,1
85,186,1
85,401,1
85,309,1
85,117,1
85,467,1
85,328,1
85,245,1
85,100,1
85,161,1
85,462,1
85,560,1
85,552,1
85,247,1
85,348,1
85,225,1
85,152,1
85,916,1
85,351,1
85,288,1
85,141,1
86,97,1
86,94,1
86,205,1
86,232,1
86,187,1
86,182,1
86,169,1
86,170,1
86,520,1
86,186,1
86,477,1
86,685,1
86,177,1
86,127,1
86,197,1
86,452,1
86,495,1
86,257,1
86,168,1
86,699,1
86,467,1
86,128,1
86,386,1
86,162,1
86,515,1
86,649,1
86,651,1
86,198,1
86,118,1
86,439,1
86,395,1
86,288,1
86,306,1
86,188,1
86,260,1
86,464,1
86,152,1
86,315,1
86,847,1
86,185,1
86,401,1
86,797,1
86,347,1
86,294,1
86,584,1
86,686,1
86,289,1
86,101,1
86,359,1
86,570,1
86,605,1
86,218,1
86,96,1
86,210,1
86,277,1
86,381,1
86,620,1
86,180,1
86,316,1
86,468,1
86,117,1
86,473,1
86,219,1
86,140,1
86,309,1
86,116,1
86,293,1
86,111,1
86,243,1
86,191,1
86,376,1
86,496,1
86,161,1
86,215,1
86,214,1
86,247,1
86,174,1
86,652,1
86,149,1
86,426,1
86,93,1
86,424,1
86,155,1
86,430,1
86,348,1
86,301,1
86,478,1
86,87,1
86,139,1
86,100,1
86,402,1
86,351,1
86,181,1
86,141,1
86,261,1
86,560,1
87,88,1
87,236,1
87,376,1
87,179,1
87,319,1
87,556,1
87,320,1
87,535,1
87,354,1
87,298,1
87,104,1
87,96,1
87,186,1
87,139,1
87,488,1
87,682,1
87,197,1
87,127,1
87,140,1
87,111,1
87,882,1
87,552,1
87,299,1
87,515,1
87,701,1
87,605,1
87,393,1
87,687,1
87,537,1
87,293,1
87,251,1
87,649,1
87,846,1
87,306,1
87,699,1
87,415,1
87,390,1
87,191,1
87,161,1
87,631,1
87,529,1
87,260,1
87,160,1
87,176,1
87,313,1
87,491,1
87,147,1
87,185,1
87,100,1
87,218,1
87,278,1
87,602,1
87,401,1
87,215,1
87,294,1
87,289,1
87,107,1
87,249,1
87,725,1
87,394,1
87,467,1
87,262,1
87,142,1
87,253,1
87,326,1
87,321,1
87,1010,1
87,426,1
87,496,1
87,243,1
87,152,1
87,105,1
87,473,1
87,451,1
87,492,1
87,199,1
87,601,1
87,178,1
87,162,1
87,206,1
87,452,1
87,95,1
87,456,1
87,261,1
87,536,1
87,247,1
87,498,1
87,312,1
87,334,1
87,570,1
87,430,1
87,646,1
87,414,1
87,182,1
87,522,1
87,325,1
87,256,1
87,167,1
87,627,1
87,108,1
87,192,1
87,194,1
87,245,1
87,438,1
87,359,1
87,188,1
87,159,1
87,259,1
87,279,1
87,102,1
87,620,1
87,464,1
87,348,1
87,141,1
87,210,1
87,235,1
87,630,1
87,94,1
87,427,1
87,604,1
87,424,1
87,666,1
87,344,1
87,495,1
87,257,1
87,397,1
87,669,1
87,351,1
87,304,1
87,303,1
87,459,1
87,168,1
87,403,1
87,520,1
87,402,1
87,189,1
87,170,1
87,975,1
87,97,1
87,328,1
87,527,1
87,181,1
87,200,1
87,301,1
87,288,1
87,165,1
87,603,1
87,225,1
87,93,1
87,232,1
87,347,1
87,574,1
87,302,1
87,315,1
87,116,1
87,117,1
87,973,1
87,309,1
87,805,1
87,180,1
87,819,1
87,651,1
87,177,1
87,676,1
87,258,1
87,169,1
87,331,1
87,560,1
87,150,1
87,173,1
87,187,1
87,241,1
87,441,1
87,205,1
87,103,1
87,132,1
87,149,1
87,128,1
87,395,1
87,462,1
87,277,1
87,469,1
87,155,1
87,316,1
87,171,1
87,368,1
87,113,1
87,198,1
88,147,1
88,455,1
88,199,1
88,922,1
88,132,1
88,498,1
88,249,1
88,294,1
88,401,1
88,426,1
88,298,1
88,313,1
88,701,1
88,602,1
88,167,1
88,97,1
88,325,1
88,320,1
88,218,1
88,334,1
88,190,1
88,685,1
88,104,1
88,326,1
88,402,1
88,303,1
88,376,1
88,243,1
88,825,1
88,347,1
88,95,1
88,173,1
88,258,1
88,304,1
88,331,1
88,951,1
88,414,1
88,168,1
88,116,1
88,261,1
88,456,1
88,198,1
89,90,1
89,523,1
89,135,1
89,937,1
89,744,1
89,421,1
89,285,1
89,533,1
89,311,1
89,712,1
89,564,1
89,383,1
89,475,1
89,549,1
89,124,1
89,342,1
89,339,1
89,138,1
89,761,1
89,136,1
89,204,1
89,595,1
89,308,1
89,454,1
89,903,1
89,901,1
89,453,1
89,587,1
89,472,1
89,310,1
89,585,1
89,525,1
89,713,1
89,648,1
90,342,1
90,937,1
90,903,1
90,341,1
90,135,1
90,713,1
90,850,1
90,598,1
90,285,1
90,311,1
90,400,1
90,887,1
90,668,1
90,712,1
90,549,1
90,338,1
90,650,1
90,533,1
90,405,1
90,308,1
90,586,1
90,656,1
90,511,1
90,918,1
90,902,1
90,718,1
91,92,1
91,524,1
91,554,1
91,391,1
91,419,1
91,418,1
91,164,1
91,290,1
91,465,1
91,763,1
91,163,1
91,484,1
91,583,1
91,392,1
91,505,1
91,779,1
91,771,1
91,407,1
91,923,1
91,896,1
91,291,1
91,844,1
91,532,1
91,645,1
91,531,1
91,808,1
91,871,1
91,296,1
91,485,1
91,479,1
91,862,1
91,480,1
91,541,1
91,504,1
91,542,1
92,465,1
92,541,1
92,554,1
92,290,1
92,542,1
92,407,1
92,524,1
92,418,1
92,291,1
92,844,1
92,485,1
92,871,1
92,480,1
92,779,1
92,479,1
92,484,1
92,532,1
92,583,1
92,862,1
92,531,1
92,163,1
92,763,1
93,94,1
93,169,1
93,171,1
93,347,1
93,495,1
93,478,1
93,186,1
93,467,1
93,236,1
93,170,1
93,520,1
93,150,1
93,194,1
93,214,1
93,569,1
93,107,1
93,328,1
93,351,1
93,570,1
93,190,1
93,326,1
93,148,1
93,277,1
93,288,1
93,177,1
93,464,1
93,139,1
93,181,1
93,257,1
93,651,1
93,197,1
93,395,1
93,180,1
93,359,1
93,187,1
93,315,1
93,210,1
93,261,1
93,473,1
93,682,1
93,161,1
93,649,1
93,253,1
93,149,1
93,973,1
93,96,1
93,459,1
93,243,1
93,185,1
93,669,1
93,116,1
93,430,1
93,348,1
93,127,1
93,496,1
93,452,1
93,439,1
93,699,1
93,176,1
93,401,1
93,498,1
93,492,1
93,646,1
93,278,1
93,189,1
93,215,1
93,819,1
93,306,1
93,303,1
93,468,1
93,536,1
93,232,1
93,652,1
93,247,1
93,316,1
93,104,1
93,100,1
93,218,1
93,610,1
93,827,1
93,560,1
93,477,1
93,182,1
93,152,1
93,294,1
93,188,1
93,159,1
93,178,1
93,262,1
93,206,1
93,141,1
93,191,1
93,162,1
93,289,1
93,847,1
93,440,1
93,386,1
93,537,1
93,155,1
93,701,1
93,627,1
93,584,1
93,198,1
93,298,1
93,168,1
93,376,1
93,97,1
93,704,1
93,205,1
94,194,1
94,225,1
94,393,1
94,537,1
94,165,1
94,376,1
94,354,1
94,687,1
94,529,1
94,390,1
94,451,1
94,199,1
94,112,1
94,155,2
94,116,2
94,415,1
94,347,1
94,181,1
94,299,1
94,198,1
94,191,1
94,491,1
94,303,1
94,257,1
94,132,2
94,620,1
94,710,1
94,288,1
94,218,1
94,294,1
94,351,1
94,147,2
94,140,1
94,462,1
94,632,1
94,320,1
94,149,2
94,256,1
94,325,1
94,243,1
94,316,1
94,313,1
94,182,1
94,386,1
94,1000,1
94,111,1
94,527,1
94,205,1
94,661,1
94,515,1
94,210,1
94,245,1
94,570,1
94,152,2
94,401,1
94,259,1
94,298,1
94,315,1
94,464,1
94,169,1
94,688,1
94,397,1
94,473,1
94,247,1
94,456,1
94,427,1
94,416,1
94,309,1
94,402,1
94,258,1
94,629,1
94,610,1
94,467,1
94,699,1
94,704,1
94,319,1
94,1004,1
94,278,1
94,188,1
94,260,1
94,452,1
94,395,1
94,162,1
94,301,1
94,159,1
94,261,1
94,139,2
94,507,1
94,215,1
94,312,1
94,206,1
94,652,1
94,289,1
94,535,1
94,168,1
94,653,1
94,150,1
94,100,1
94,300,1
94,649,1
94,430,1
94,197,1
94,455,1
94,561,1
94,193,1
94,235,1
94,495,1
94,170,1
94,522,1
94,180,1
94,344,1
94,359,1
94,423,1
94,262,1
94,695,1
94,177,1
94,117,2
94,97,2
94,651,1
94,293,1
94,348,1
94,127,2
94,304,1
94,305,1
94,492,1
94,251,1
94,441,1
94,200,1
94,232,1
94,426,1
94,424,1
94,496,1
94,387,1
94,560,1
94,797,1
94,279,1
94,686,1
94,95,1
94,186,1
94,141,2
95,96,1
95,245,1
95,192,1
95,199,1
95,141,1
95,321,1
95,319,1
95,334,1
95,451,1
95,701,1
95,262,1
95,666,1
95,101,1
95,537,1
95,206,1
95,116,1
95,427,1
95,452,1
95,464,1
95,476,1
95,933,1
95,415,1
95,316,1
95,529,1
95,527,1
95,359,1
95,147,1
95,191,1
95,200,1
95,457,1
95,725,1
95,205,1
95,256,1
95,320,1
95,375,1
95,171,1
95,112,1
95,278,1
95,376,1
95,210,1
95,299,1
95,488,1
95,670,1
95,215,1
95,111,1
95,254,1
95,117,1
95,459,1
95,97,1
95,535,1
95,300,1
95,313,1
95,687,1
95,304,1
95,351,1
95,289,1
95,414,1
95,176,1
95,507,1
95,225,1
95,473,1
95,298,1
95,302,1
95,189,1
95,107,1
95,249,1
95,132,1
95,169,1
95,219,1
95,294,1
95,686,1
95,696,1
95,161,1
95,178,1
95,560,1
95,303,1
95,179,1
95,180,1
95,496,1
95,536,1
95,462,1
95,167,1
95,197,1
95,257,1
95,424,1
95,401,1
95,173,1
95,456,1
95,582,1
95,347,1
95,165,1
95,438,1
95,155,1
95,328,1
95,186,1
95,232,1
95,520,1
95,152,1
95,104,1
95,326,1
95,235,1
95,128,1
95,426,1
95,559,1
95,620,1
95,570,1
95,402,1
95,110,1
95,492,1
95,260,1
95,247,1
95,162,1
95,253,1
95,847,1
95,354,1
95,387,1
95,243,1
95,108,1
95,261,1
95,491,1
95,213,1
95,100,1
95,685,1
95,170,1
95,140,1
95,159,1
95,218,1
95,569,1
95,279,1
95,393,1
95,193,1
95,515,1
95,134,1
95,309,1
95,194,1
95,368,1
95,324,1
95,177,1
95,623,1
95,331,1
95,423,1
95,301,1
95,150,1
95,188,1
95,312,1
95,495,1
95,325,1
95,305,1
95,661,1
95,416,1
95,671,1
95,430,1
96,441,1
96,173,1
96,103,1
96,328,1
96,298,1
96,111,1
96,390,1
96,128,1
96,206,1
96,172,1
96,179,1
96,191,1
96,469,1
96,188,1
96,209,1
96,170,1
96,321,1
96,259,1
96,347,1
96,252,1
96,261,1
96,313,1
96,452,1
96,495,1
96,218,1
96,161,1
96,226,1
96,623,1
96,141,1
96,424,1
96,417,1
96,457,1
96,192,1
96,194,1
96,180,1
96,426,1
96,438,1
96,97,1
96,289,1
96,254,1
96,152,1
96,353,1
96,376,1
96,375,1
96,299,1
96,187,1
96,491,1
96,473,1
96,368,1
96,278,1
96,499,1
96,320,1
96,215,1
96,251,1
96,325,1
96,456,1
96,301,1
96,451,1
96,140,1
96,627,1
96,257,1
96,496,1
96,602,1
96,106,1
96,127,1
96,552,1
96,688,1
96,394,1
96,312,1
96,430,1
96,112,1
96,134,1
96,324,1
96,241,1
96,536,1
96,294,1
96,317,1
96,189,1
96,155,1
96,464,1
96,717,1
96,582,1
96,687,1
96,104,1
96,249,1
96,685,1
96,632,1
96,402,1
96,185,1
96,367,1
96,149,1
96,427,1
96,142,1
96,245,1
96,225,1
96,159,1
96,247,1
96,395,1
96,492,1
96,354,1
96,198,1
96,116,1
96,569,1
96,477,1
96,537,1
96,260,1
96,620,1
96,165,1
96,176,1
96,522,1
96,666,1
96,160,1
96,168,1
97,312,1
97,491,1
97,167,1
97,694,1
97,225,1
97,537,1
97,299,1
97,236,1
97,128,1
97,214,1
97,324,1
97,652,1
97,473,1
97,620,1
97,321,1
97,492,1
97,161,1
97,488,1
97,416,1
97,451,1
97,132,2
97,302,1
97,326,1
97,155,2
97,168,1
97,103,2
97,395,1
97,185,1
97,259,1
97,414,1
97,331,1
97,426,1
97,192,1
97,197,1
97,188,1
97,452,1
97,170,1
97,719,1
97,315,1
97,150,1
97,247,1
97,116,2
97,687,1
97,424,1
97,354,1
97,111,1
97,309,1
97,515,1
97,605,1
97,127,2
97,666,1
97,661,1
97,149,2
97,427,1
97,522,1
97,260,1
97,300,1
97,699,1
97,430,1
97,306,1
97,457,1
97,507,1
97,173,1
97,178,1
97,191,1
97,334,1
97,381,1
97,584,1
97,206,1
97,570,1
97,257,1
97,560,1
97,316,1
97,386,1
97,438,1
97,215,1
97,376,1
97,467,1
97,602,1
97,468,1
97,198,1
97,179,1
97,180,1
97,319,1
97,289,1
97,256,1
97,298,1
97,520,1
97,235,1
97,610,1
97,328,1
97,464,1
97,186,1
97,344,1
97,294,1
97,402,1
97,649,1
97,218,1
97,104,1
97,303,1
97,210,1
97,536,1
97,182,1
97,320,1
97,401,1
97,262,1
97,397,1
97,159,1
97,305,1
97,189,1
97,293,1
97,165,1
97,651,1
97,171,1
97,241,1
97,288,1
97,199,1
97,353,1
97,177,1
97,313,1
97,593,1
97,304,1
97,152,2
97,456,1
97,627,1
97,142,2
97,393,1
97,527,1
97,529,1
97,496,1
97,459,1
97,205,1
97,219,1
97,325,1
97,253,1
97,495,1
97,368,1
97,279,1
97,261,1
97,390,1
97,582,1
97,359,1
97,141,2
97,347,1
97,574,1
97,194,1
97,245,1
97,100,1
97,200,1
97,301,1
97,258,1
97,107,2
97,162,1
98,99,1
98,128,1
98,657,1
98,129,1
98,608,1
98,716,1
98,481,1
98,221,1
98,208,1
98,663,1
98,482,1
98,265,1
98,750,1
98,625,1
98,183,1
98,905,1
98,220,1
98,706,1
98,711,1
98,370,1
98,230,1
98,229,1
98,909,1
98,714,1
98,369,1
98,110,1
98,295,1
98,889,1
98,865,1
98,266,1
98,766,1
98,612,1
99,109,1
99,754,1
99,110,1
99,424,1
99,738,1
99,482,1
99,663,1
99,709,1
99,368,1
99,869,1
99,840,1
100,101,1
100,347,1
100,430,1
100,149,1
100,325,1
100,395,1
100,464,1
100,661,1
100,324,1
100,288,1
100,253,1
100,301,1
100,218,1
100,401,1
100,321,1
100,261,1
100,584,1
100,522,1
100,847,1
100,186,1
100,699,1
100,140,1
100,452,1
100,468,1
100,309,1
100,495,1
100,215,1
100,155,1
100,112,1
100,315,1
100,187,1
100,127,1
100,704,1
100,376,1
100,289,1
100,294,1
100,185,1
100,191,1
100,651,1
100,300,1
100,467,1
100,116,1
100,620,1
100,570,1
100,180,1
100,257,1
100,118,1
100,162,1
100,182,1
100,243,1
100,293,1
100,520,1
100,139,1
100,259,1
100,386,1
100,438,1
100,316,1
100,232,1
100,359,1
100,262,1
100,141,1
100,605,1
100,206,1
100,560,1
100,652,1
100,152,1
100,181,1
100,351,1
100,193,1
100,170,1
100,710,1
100,205,1
100,473,1
100,169,1
100,348,1
101,105,1
101,174,1
101,395,1
101,277,1
101,560,1
101,169,1
101,669,1
101,584,1
101,316,1
101,651,1
101,464,1
101,181,1
101,191,1
101,102,1
101,495,1
101,127,1
101,139,1
101,188,1
101,359,1
101,182,1
101,186,1
101,496,1
101,247,1
101,819,1
101,205,1
101,473,1
101,487,1
101,325,1
101,570,1
101,467,1
101,381,1
101,180,1
101,520,1
101,161,1
101,243,1
101,456,1
101,973,1
101,701,1
101,439,1
101,401,1
101,187,1
101,140,1
101,118,1
101,430,1
101,649,1
101,260,1
101,232,1
101,177,1
101,620,1
101,152,1
101,289,1
101,515,1
101,171,1
101,215,1
101,468,1
102,162,1
102,161,1
102,368,1
102,316,1
102,210,1
102,152,2
102,620,1
102,570,1
102,669,1
102,140,1
102,496,1
102,395,1
102,191,1
102,439,1
102,487,1
102,973,1
102,503,1
102,139,2
102,169,1
102,819,1
103,104,1
103,494,1
103,189,1
103,134,2
103,687,1
103,536,1
103,255,1
103,289,1
103,251,1
103,492,1
103,313,1
103,320,1
103,347,1
103,438,1
103,176,1
103,424,1
103,112,1
103,259,1
103,578,1
103,632,1
103,165,1
103,537,1
103,185,1
103,245,1
103,620,1
103,417,1
103,147,2
103,367,1
103,294,1
103,261,1
103,814,1
103,325,1
103,469,1
103,574,1
103,394,1
103,159,1
103,559,1
103,278,1
103,303,1
103,529,1
103,491,1
103,623,1
103,180,1
103,666,1
103,116,2
103,709,1
103,317,1
103,414,1
103,312,1
103,257,1
103,298,1
103,241,1
103,717,1
103,415,1
103,206,1
103,155,2
103,254,1
103,427,1
103,225,1
103,106,2
103,376,1
103,390,1
103,179,1
103,527,1
103,218,1
103,552,1
103,258,1
103,128,1
103,111,1
104,106,1
104,155,1
104,439,1
104,582,1
104,210,1
104,160,1
104,128,1
104,325,1
104,257,1
104,105,1
104,219,1
104,452,1
104,492,1
104,529,1
104,271,1
104,249,1
104,173,1
104,666,1
104,170,1
104,503,1
104,321,1
104,375,1
104,306,1
104,185,1
104,189,1
104,259,1
104,304,1
104,254,1
104,206,1
104,464,1
104,368,1
104,301,1
104,476,1
104,417,1
104,142,1
104,376,1
104,225,1
104,252,1
104,354,1
104,390,1
104,430,1
104,180,1
104,685,1
104,601,1
104,313,1
104,331,1
104,150,1
104,167,1
104,188,1
104,487,1
104,795,1
104,140,1
104,218,1
104,427,1
104,399,1
104,261,1
104,488,1
104,424,1
104,491,1
104,438,1
104,320,1
104,623,1
104,324,1
104,632,1
104,578,1
104,199,1
104,289,1
104,536,1
104,176,1
104,255,1
104,717,1
104,455,1
104,560,1
104,278,1
104,394,1
104,251,1
104,298,1
104,303,1
104,241,1
104,245,1
104,620,1
104,256,1
104,116,1
104,312,1
104,171,1
104,426,1
104,686,1
104,226,1
104,922,1
104,293,1
104,552,1
104,294,1
104,111,1
104,165,1
104,159,1
104,328,1
104,347,1
104,177,1
104,149,1
104,537,1
104,522,1
104,247,1
104,527,1
104,209,1
104,574,1
104,498,1
104,441,1
104,569,1
104,602,1
104,414,1
104,179,1
104,462,1
104,147,1
104,200,1
104,457,1
104,213,1
104,451,1
104,469,1
104,402,1
105,235,1
105,147,2
105,128,1
105,651,1
105,260,1
105,468,1
105,215,1
105,271,1
105,319,1
105,452,1
105,527,1
105,414,1
105,324,1
105,252,1
105,427,1
105,255,1
105,305,1
105,478,1
105,347,1
105,219,1
105,717,1
105,178,1
105,149,2
105,328,1
105,299,1
105,140,1
105,294,1
105,635,1
105,467,1
105,304,1
105,571,1
105,916,1
105,354,1
105,359,1
105,107,2
105,258,1
105,464,1
105,213,1
105,462,1
105,162,1
105,165,1
105,253,1
105,605,1
105,552,1
105,166,1
105,190,1
105,376,1
105,174,1
105,670,1
105,298,1
105,344,1
105,168,1
105,189,1
105,381,1
105,477,1
105,574,1
105,529,1
105,426,1
105,274,1
105,232,1
105,522,1
105,141,2
105,515,1
105,399,1
105,620,1
105,492,1
105,570,1
105,180,1
105,226,1
105,127,2
105,487,1
105,247,1
105,325,1
105,416,1
105,498,1
105,456,1
105,245,1
105,795,1
105,197,1
105,417,1
105,199,1
105,584,1
105,150,1
105,188,1
105,368,1
105,701,1
105,152,2
105,106,2
106,213,1
106,166,1
106,399,1
106,439,1
106,795,1
106,324,1
106,452,1
106,381,1
106,462,1
106,478,1
106,464,1
106,916,1
106,165,1
106,197,1
106,226,1
106,635,1
106,190,1
106,498,1
106,298,1
106,194,1
106,325,1
106,417,1
106,526,1
106,170,1
106,299,1
106,302,1
106,620,1
106,552,1
106,368,1
106,257,1
106,252,1
106,571,1
106,670,1
106,527,1
106,717,1
106,468,1
106,258,1
106,140,1
106,219,1
106,294,1
106,469,1
106,171,1
106,155,2
106,148,2
106,232,1
107,108,2
107,274,1
107,173,1
107,520,1
107,251,1
107,147,2
107,226,1
107,253,1
107,464,1
107,687,1
107,455,1
107,635,1
107,685,1
107,463,1
107,459,1
107,402,1
107,348,1
107,316,1
107,665,1
107,335,1
107,498,1
107,571,1
107,245,1
107,165,1
107,662,1
107,218,1
107,320,1
107,257,1
107,262,1
107,552,1
107,264,1
107,559,1
107,170,1
107,155,2
107,235,1
107,602,1
107,256,1
107,193,1
107,507,1
107,671,1
107,309,1
107,249,1
107,452,1
107,476,1
107,302,1
107,113,1
107,206,1
107,403,1
107,467,1
107,215,1
107,189,1
107,261,1
107,462,1
107,313,1
107,169,1
107,190,1
107,127,2
107,180,1
107,134,2
107,823,1
107,616,1
107,271,1
107,646,1
107,152,2
107,493,1
107,294,1
107,117,2
107,243,1
107,128,1
107,197,1
107,244,1
107,670,1
107,376,1
107,306,1
107,717,1
107,424,1
107,213,1
107,570,1
107,148,2
107,417,1
107,399,1
107,149,2
107,162,1
107,258,1
107,492,1
107,194,1
107,298,1
107,324,1
107,632,1
107,225,1
107,299,1
107,416,1
107,696,1
107,199,1
107,331,1
107,683,1
107,764,1
107,368,1
107,354,1
107,325,1
107,709,1
107,304,1
107,303,1
107,171,1
107,933,1
107,351,1
107,682,1
107,477,1
107,205,1
107,502,1
107,179,1
107,116,2
107,132,2
107,426,1
107,167,1
107,279,1
107,440,1
107,191,1
107,321,1
107,439,1
107,150,1
107,556,1
107,334,1
107,255,1
107,166,1
107,438,1
107,666,1
108,402,1
108,261,1
108,347,1
108,180,1
108,226,1
108,191,1
108,199,1
108,171,1
108,319,1
108,665,1
108,547,1
108,556,1
108,170,1
108,244,1
108,243,1
108,574,1
108,111,1
108,294,1
108,141,2
108,147,2
108,325,1
108,440,1
108,415,1
108,687,1
108,334,1
108,128,1
108,874,1
108,150,1
108,764,1
108,571,1
108,328,1
108,304,1
108,652,1
108,414,1
108,368,1
108,279,1
108,387,1
108,218,1
108,117,2
108,662,1
108,245,1
108,165,1
108,527,1
108,326,1
108,299,1
108,224,1
108,922,1
108,666,1
108,376,1
108,113,1
108,302,1
108,635,1
108,426,1
108,132,2
108,116,2
109,110,2
109,663,1
109,323,1
109,705,1
109,863,1
109,865,1
109,709,1
109,369,1
109,406,1
109,482,1
109,714,1
109,617,1
109,389,1
109,230,1
109,657,1
109,265,1
109,905,1
109,766,1
109,971,1
109,266,1
109,801,1
109,773,1
109,716,1
109,208,1
109,322,1
109,370,1
109,129,1
109,842,1
109,221,1
110,403,1
110,835,1
110,476,1
110,663,1
110,303,1
110,971,1
110,995,1
110,895,1
110,468,1
110,794,1
110,886,1
110,1022,1
110,766,1
111,112,1
111,182,1
111,530,1
111,205,1
111,305,1
111,185,1
111,128,1
111,314,1
111,610,1
111,278,1
111,213,1
111,176,1
111,303,1
111,601,1
111,666,1
111,179,1
111,302,1
111,219,1
111,390,1
111,192,1
111,206,1
111,328,1
111,321,1
111,570,1
111,279,1
111,167,1
111,582,1
111,367,1
111,258,1
111,414,1
111,402,1
111,306,1
111,259,1
111,155,1
111,574,1
111,394,1
111,319,1
111,331,1
111,515,1
111,257,1
111,537,1
111,335,1
111,469,1
111,670,1
111,324,1
111,300,1
111,142,1
111,334,1
111,359,1
111,171,1
111,696,1
111,495,1
111,241,1
111,160,1
111,304,1
111,387,1
111,492,1
111,260,1
111,140,1
111,401,1
111,738,1
111,699,1
111,188,1
111,620,1
111,132,1
111,452,1
111,348,1
111,245,1
111,325,1
111,846,1
111,189,1
111,261,1
111,194,1
111,529,1
111,165,1
111,149,1
111,351,1
111,262,1
111,289,1
111,168,1
111,225,1
111,745,1
111,210,1
111,249,1
111,251,1
111,627,1
111,301,1
111,294,1
111,605,1
111,159,1
111,459,1
111,162,1
111,491,1
111,424,1
111,198,1
111,218,1
111,507,1
111,177,1
111,488,1
111,312,1
111,464,1
111,386,1
111,393,1
111,438,1
111,536,1
111,451,1
111,347,1
111,199,1
111,687,1
111,527,1
111,725,1
111,415,1
111,141,1
111,426,1
111,293,1
111,344,1
111,649,1
111,457,1
111,427,1
111,313,1
111,116,1
111,191,1
111,200,1
111,256,1
111,320,1
111,720,1
111,462,1
111,299,1
111,397,1
111,236,1
111,559,1
111,232,1
111,298,1
111,134,1
111,173,1
111,150,1
111,127,1
111,180,1
111,354,1
111,186,1
111,376,1
111,651,1
111,254,1
111,326,1
111,522,1
111,652,1
111,611,1
112,278,1
112,255,1
112,261,1
112,170,1
112,427,1
112,344,1
112,430,1
112,424,1
112,522,1
112,189,1
112,491,1
112,289,1
112,315,1
112,162,1
112,152,1
112,666,1
112,438,1
112,627,1
112,560,1
112,251,1
112,394,1
112,316,1
112,451,1
112,259,1
112,312,1
112,582,1
112,416,1
112,209,1
112,401,1
112,467,1
112,205,1
112,520,1
112,182,1
112,160,1
112,320,1
112,206,1
112,536,1
112,397,1
112,256,1
112,464,1
112,441,1
112,294,1
112,492,1
112,347,1
112,623,1
112,537,1
112,334,1
112,651,1
112,176,1
112,232,1
112,376,1
112,215,1
112,317,1
112,699,1
112,186,1
112,257,1
112,473,1
112,288,1
112,188,1
112,390,1
112,359,1
113,150,1
113,351,1
113,439,1
113,496,1
113,180,1
113,304,1
113,165,1
113,403,1
113,561,1
113,387,1
113,258,1
113,199,1
113,253,1
113,271,1
113,193,1
113,334,1
113,671,1
113,279,1
113,147,1
113,477,1
113,303,1
113,326,1
113,243,1
113,171,1
113,331,1
113,556,1
113,376,1
113,547,1
113,132,1
113,218,1
113,455,1
114,115,1
114,450,1
114,540,1
114,641,1
114,782,1
114,638,1
114,680,1
114,599,1
114,692,1
114,727,1
114,911,1
114,512,1
114,510,1
114,378,1
114,502,1
114,350,1
114,449,1
114,600,1
114,740,1
114,276,1
114,519,1
114,576,1
114,365,1
114,252,1
114,461,1
114,926,1
114,283,1
114,760,1
114,361,1
114,614,1
114,497,1
114,144,1
114,575,1
115,655,1
115,385,1
115,540,1
115,450,1
115,365,1
115,565,1
115,680,1
115,806,1
115,911,1
115,769,1
115,638,1
115,270,1
115,121,1
115,519,1
115,787,1
115,362,1
115,757,1
115,429,1
115,497,1
115,727,1
115,668,1
115,276,1
115,941,1
115,692,1
115,576,1
115,910,1
115,508,1
115,782,1
115,349,1
115,606,1
115,502,1
115,729,1
115,283,1
115,361,1
115,599,1
115,461,1
115,593,1
115,275,1
115,600,1
115,304,1
115,760,1
116,226,1
116,288,1
116,632,1
116,347,1
116,326,1
116,198,1
116,259,1
116,570,1
116,188,1
116,368,1
116,257,1
116,627,1
116,462,1
116,671,1
116,464,1
116,209,1
116,251,1
116,492,1
116,651,1
116,507,1
116,241,1
116,359,1
116,725,1
116,685,1
116,141,2
116,232,1
116,277,1
116,477,1
116,215,1
116,552,1
116,255,1
116,496,1
116,206,1
116,192,1
116,328,1
116,334,1
116,185,1
116,529,1
116,279,1
116,155,2
116,686,1
116,459,1
116,455,1
116,430,1
116,344,1
116,249,1
116,309,1
116,387,1
116,159,1
116,629,1
116,142,2
116,393,1
116,498,1
116,661,1
116,219,1
116,205,1
116,922,1
116,463,1
116,682,1
116,300,1
116,536,1
116,298,1
116,687,1
116,499,1
116,602,1
116,313,1
116,569,1
116,717,1
116,293,1
116,401,1
116,427,1
116,177,1
116,187,1
116,354,1
116,646,1
116,395,1
116,245,1
116,440,1
116,170,1
116,127,2
116,218,1
116,515,1
116,260,1
116,199,1
116,335,1
116,491,1
116,417,1
116,561,1
116,451,1
116,520,1
116,235,1
116,320,1
116,171,1
116,176,1
116,304,1
116,402,1
116,527,1
116,302,1
116,351,1
116,469,1
116,180,1
116,424,1
116,167,1
116,331,1
116,150,1
116,560,1
116,132,2
116,415,1
116,467,1
116,666,1
116,575,1
116,274,1
116,537,1
116,325,1
116,278,1
116,210,1
116,376,1
116,696,1
116,324,1
116,452,1
116,441,1
116,620,1
116,457,1
116,271,1
116,173,1
116,319,1
116,578,1
116,623,1
116,495,1
116,168,1
116,438,1
116,403,1
116,236,1
116,182,1
116,160,1
116,574,1
116,306,1
116,213,1
116,747,1
116,194,1
116,305,1
116,256,1
116,321,1
116,225,1
116,299,1
116,261,1
116,289,1
116,128,1
116,535,1
116,303,1
116,456,1
116,390,1
116,414,1
116,165,1
116,522,1
116,709,1
116,169,1
116,134,2
116,247,1
116,751,1
116,147,2
116,200,1
116,605,1
116,426,1
116,316,1
116,149,2
116,243,1
116,189,1
116,348,1
116,559,1
116,178,1
116,526,1
116,473,1
116,148,2
116,262,1
116,197,1
116,488,1
116,258,1
116,312,1
116,301,1
116,294,1
116,846,1
116,179,1
117,118,1
117,620,1
117,430,1
117,464,1
117,886,1
117,193,1
117,561,1
117,670,1
117,348,1
117,520,1
117,180,1
117,191,1
117,253,1
117,515,1
117,496,1
117,232,1
117,235,1
117,495,1
117,682,1
117,243,1
117,165,1
117,309,1
117,294,1
117,247,1
117,390,1
117,166,1
117,218,1
117,334,1
117,477,1
117,387,1
117,169,1
117,198,1
117,556,1
117,560,1
117,152,2
117,488,1
117,456,1
117,190,1
117,260,1
117,635,1
117,686,1
117,316,1
117,182,1
117,701,1
117,416,1
117,181,1
117,161,1
117,302,1
117,325,1
117,141,2
117,271,1
117,261,1
117,173,1
117,933,1
117,258,1
117,403,1
117,478,1
117,128,1
117,140,1
117,571,1
117,170,1
117,331,1
117,995,1
117,351,1
117,617,1
117,440,1
117,661,1
117,452,1
117,439,1
117,150,1
117,376,1
117,314,1
117,381,1
117,476,1
117,646,1
118,316,1
118,495,1
118,258,1
118,430,1
118,570,1
118,351,1
118,169,1
118,181,1
118,476,1
118,819,1
118,186,1
118,487,1
118,315,1
118,973,1
118,205,1
118,187,1
118,139,1
118,560,1
118,701,1
118,152,1
118,171,1
118,359,1
118,243,1
118,477,1
118,649,1
118,561,1
118,395,1
118,584,1
118,218,1
118,669,1
118,496,1
118,127,1
118,191,1
118,174,1
118,439,1
118,161,1
118,440,1
119,120,1
119,609,1
119,793,1
119,357,1
119,356,1
119,595,1
119,596,1
119,135,1
119,845,1
119,785,1
119,673,1
119,123,1
119,339,1
119,201,1
119,643,1
119,764,1
119,564,1
119,132,1
119,831,1
119,648,1
119,591,1
119,458,1
119,843,1
119,255,1
119,592,1
119,453,1
119,803,1
119,672,1
119,809,1
119,557,1
119,363,1
119,317,1
119,660,1
119,286,1
119,307,1
119,533,1
119,912,1
119,234,1
119,587,1
119,755,1
119,875,1
119,454,1
119,318,1
119,358,1
120,702,1
120,752,1
120,145,1
120,157,1
120,458,1
120,489,1
120,358,1
120,436,1
120,333,1
120,592,1
120,803,1
120,460,1
120,151,1
120,534,1
120,590,1
120,826,1
120,195,1
120,521,1
120,156,1
120,234,1
120,412,1
120,233,1
120,759,1
120,607,1
120,154,1
120,240,1
120,374,1
120,434,1
120,643,1
121,122,1
121,346,1
121,740,1
121,432,1
121,563,1
121,276,1
121,722,1
121,204,1
121,934,1
121,952,1
121,449,1
121,362,1
121,471,1
121,614,1
121,512,1
121,380,1
121,941,1
121,224,1
121,543,1
121,668,1
121,223,1
121,926,1
121,680,1
121,429,1
121,283,1
121,461,1
121,378,1
121,145,1
121,144,1
121,366,1
121,760,1
121,420,1
121,450,1
121,600,1
121,692,1
121,593,1
121,638,1
121,497,1
121,216,1
121,729,1
121,263,1
121,681,1
121,540,1
121,513,1
121,170,1
121,143,1
122,540,1
122,597,1
122,378,1
122,722,1
122,802,1
122,655,1
122,450,1
122,600,1
122,428,1
122,143,1
122,639,1
122,512,1
122,385,1
122,366,1
122,384,1
122,429,1
122,638,1
123,124,1
123,662,1
123,454,1
123,255,1
123,755,1
123,252,1
123,596,1
123,339,1
123,648,1
123,843,1
123,474,1
123,307,1
123,595,1
123,591,1
123,135,1
123,343,1
123,729,1
123,317,1
123,656,1
123,383,1
123,223,1
123,986,1
123,875,1
123,701,1
123,698,1
123,453,1
123,368,1
123,587,1
124,273,1
124,472,1
124,506,1
124,698,1
124,475,1
124,525,1
124,564,1
124,454,1
124,871,1
124,595,1
124,453,1
124,707,1
124,748,1
124,246,1
124,135,1
124,528,1
124,585,1
124,880,1
124,562,1
124,831,1
124,285,1
124,786,1
124,308,1
124,204,1
124,586,1
124,136,1
124,383,1
124,523,1
124,837,1
124,138,1
124,596,1
124,533,1
124,843,1
124,919,1
124,969,1
124,726,1
124,422,1
124,744,1
124,357,1
124,355,1
124,587,1
124,736,1
124,656,1
124,729,1
124,850,1
124,851,1
124,137,1
124,339,1
124,396,1
124,734,1
125,126,1
125,374,1
125,154,1
125,483,1
125,543,1
125,448,1
125,227,1
125,434,1
125,145,1
125,248,1
125,489,1
125,636,1
125,615,1
125,222,1
125,151,1
125,546,1
125,708,1
125,156,1
125,787,1
125,470,1
125,594,1
125,332,1
125,752,1
125,460,1
125,250,1
125,366,1
125,609,1
125,352,1
125,413,1
125,337,1
125,640,1
125,557,1
125,233,1
125,239,1
125,444,1
125,280,1
125,703,1
125,490,1
125,826,1
125,437,1
125,133,1
125,534,1
125,231,1
125,466,1
125,759,1
125,170,1
125,217,1
125,436,1
125,762,1
125,458,1
125,551,1
125,234,1
125,550,1
125,380,1
125,803,1
125,146,1
125,577,1
125,216,1
125,435,1
125,518,1
125,516,1
125,446,1
125,412,1
125,433,1
125,539,1
125,157,1
125,195,1
125,486,1
125,789,1
125,607,1
125,702,1
125,689,1
125,398,1
125,240,1
125,558,1
125,521,1
125,211,1
125,360,1
125,770,1
125,333,1
126,327,1
126,333,1
126,437,1
126,211,1
126,826,1
126,558,1
126,234,1
126,516,1
126,231,1
126,708,1
126,412,1
126,636,1
126,803,1
126,280,1
126,732,1
126,145,1
126,538,1
126,483,1
126,577,1
126,702,1
126,156,1
126,594,1
126,470,1
126,240,1
126,364,1
126,615,1
126,458,1
126,486,1
126,248,1
126,448,1
126,216,1
126,380,1
126,759,1
126,195,1
126,133,1
126,490,1
126,762,1
126,434,1
126,151,1
126,433,1
126,154,1
126,546,1
126,681,1
126,539,1
126,466,1
126,534,1
126,752,1
126,489,1
126,413,1
127,128,1
127,177,1
127,150,1
127,289,1
127,316,1
127,293,1
127,347,1
127,159,1
127,152,2
127,247,1
127,344,1
127,170,1
127,148,2
127,399,1
127,149,2
127,171,1
127,260,1
127,426,1
127,200,1
127,252,1
127,192,1
127,206,1
127,165,1
127,235,1
127,401,1
127,274,1
127,186,1
127,251,1
127,395,1
127,326,1
127,302,1
127,476,1
127,491,1
127,278,1
127,397,1
127,215,1
127,402,1
127,520,1
127,685,1
127,687,1
127,328,1
127,191,1
127,181,1
127,351,1
127,440,1
127,456,1
127,438,1
127,256,1
127,571,1
127,321,1
127,439,1
127,376,1
127,194,1
127,423,1
127,424,1
127,359,1
127,666,1
127,142,2
127,259,1
127,537,1
127,701,1
127,467,1
127,651,1
127,547,1
127,496,1
127,168,1
127,661,1
127,214,1
127,169,1
127,299,1
127,452,1
127,560,1
127,309,1
127,182,1
127,258,1
127,210,1
127,187,1
127,188,1
127,300,1
127,139,2
127,232,1
127,199,1
127,253,1
127,241,1
127,298,1
127,198,1
127,390,1
127,627,1
127,459,1
127,584,1
127,430,1
127,515,1
127,140,1
127,279,1
127,180,1
127,243,1
127,451,1
127,218,1
127,570,1
127,306,1
127,179,1
127,205,1
127,166,1
127,178,1
127,305,1
127,416,1
127,495,1
127,141,2
127,582,1
127,441,1
127,294,1
127,522,1
127,488,1
127,331,1
127,225,1
127,245,1
127,301,1
127,197,1
127,147,2
127,620,1
127,162,1
127,368,1
127,261,1
127,257,1
127,277,1
127,288,1
127,155,2
127,348,1
127,185,1
127,498,1
127,464,1
127,324,1
127,605,1
127,354,1
127,325,1
127,468,1
127,649,1
127,167,1
127,320,1
128,462,1
128,199,1
128,245,1
128,578,1
128,602,1
128,149,1
128,331,1
128,253,1
128,496,1
128,299,1
128,393,1
128,464,1
128,148,1
128,520,1
128,328,1
128,257,1
128,187,1
128,661,1
128,415,1
128,390,1
128,302,1
128,304,1
128,289,1
128,232,1
128,313,1
128,438,1
128,846,1
128,314,1
128,185,1
128,666,1
128,620,1
128,381,1
128,402,1
128,319,1
128,309,1
128,249,1
128,165,1
128,522,1
128,176,1
128,132,1
128,197,1
128,259,1
128,206,1
128,891,1
128,574,1
128,424,1
128,629,1
128,134,1
128,951,1
128,601,1
128,279,1
128,294,1
128,179,1
128,325,1
128,527,1
128,430,1
128,168,1
128,300,1
128,261,1
128,180,1
128,262,1
128,456,1
128,326,1
128,200,1
128,306,1
128,632,1
128,194,1
128,241,1
128,162,1
128,219,1
128,687,1
128,298,1
128,593,1
128,159,1
128,347,1
128,258,1
128,426,1
128,397,1
128,141,1
128,191,1
128,696,1
128,725,1
128,459,1
128,354,1
128,236,1
128,225,1
128,367,1
128,177,1
128,142,1
128,293,1
128,529,1
128,305,1
128,218,1
128,376,1
128,155,1
128,150,1
128,278,1
128,686,1
128,171,1
128,701,1
128,606,1
128,507,1
128,190,1
128,492,1
128,334,1
128,387,1
128,414,1
128,335,1
128,425,1
128,189,1
128,455,1
129,130,1
129,221,1
129,266,1
129,801,1
129,389,1
129,893,1
129,873,1
129,863,1
129,814,1
129,295,1
129,773,1
129,323,1
129,370,1
129,824,1
129,711,1
129,369,1
129,265,1
129,706,1
129,220,1
129,766,1
129,406,1
129,612,1
129,695,1
129,657,1
129,905,1
129,322,1
129,608,1
129,481,1
129,208,1
129,982,1
129,663,1
129,482,1
129,230,1
130,295,1
130,905,1
130,608,1
131,132,1
131,752,1
131,343,1
131,944,1
131,912,1
131,227,1
131,845,1
131,589,1
131,778,1
131,580,1
131,223,1
131,1001,1
131,659,1
131,749,1
131,673,1
131,544,1
131,843,1
131,538,1
131,432,1
131,591,1
131,950,1
131,755,1
131,329,1
131,637,1
131,264,1
131,398,1
131,804,1
131,724,1
131,579,1
131,988,1
131,385,1
131,744,1
131,560,1
131,658,1
131,798,1
131,799,1
131,551,1
131,175,1
131,734,1
131,876,1
131,854,1
131,239,1
131,942,1
131,581,1
131,224,1
131,822,1
131,429,1
131,698,1
131,307,1
131,596,1
131,136,1
131,890,1
132,134,2
132,298,1
132,258,1
132,334,1
132,150,1
132,200,1
132,701,1
132,201,1
132,306,1
132,192,1
132,302,1
132,252,1
132,347,1
132,725,1
132,318,1
132,180,1
132,171,1
132,876,1
132,507,1
132,687,1
132,305,1
132,642,1
132,368,1
132,249,1
132,527,1
132,426,1
132,245,1
132,755,1
132,602,1
132,147,2
132,591,1
132,339,1
132,912,1
132,393,1
132,343,1
132,279,1
132,564,1
132,319,1
132,167,1
132,197,1
132,399,1
132,177,1
132,376,1
132,403,1
132,236,1
132,168,1
132,492,1
132,729,1
132,218,1
132,922,1
132,402,1
132,313,1
132,317,1
132,696,1
132,331,1
132,173,1
132,165,1
132,646,1
132,247,1
132,462,1
132,387,1
132,648,1
132,326,1
132,148,2
132,199,1
132,325,1
132,429,1
132,854,1
132,255,1
132,875,1
132,673,1
133,250,1
133,240,1
133,803,1
133,577,1
133,154,1
133,352,1
133,156,1
133,752,1
133,878,1
133,489,1
133,679,1
133,157,1
133,436,1
133,557,1
133,458,1
133,145,1
133,333,1
133,413,1
133,151,1
133,543,1
133,490,1
133,216,1
133,332,1
133,433,1
133,444,1
133,360,1
133,516,1
133,460,1
133,431,1
133,483,1
133,234,1
133,826,1
133,434,1
133,437,1
133,158,1
133,327,1
133,689,1
133,594,1
133,412,1
133,534,1
133,448,1
133,195,1
133,590,1
133,789,1
133,337,1
133,681,1
133,374,1
134,272,1
134,236,1
134,894,1
134,386,1
134,245,1
134,720,1
134,249,1
134,213,1
134,176,1
134,279,1
134,414,1
134,425,1
134,415,1
134,299,1
134,462,1
134,199,1
134,325,1
134,805,1
134,922,1
134,627,1
134,417,1
134,302,1
134,180,1
134,334,1
134,861,1
134,687,1
134,529,1
134,846,1
134,623,1
134,314,1
134,328,1
134,459,1
134,857,1
134,387,1
134,235,1
134,699,1
134,165,1
134,559,1
134,167,1
134,326,1
134,150,1
134,611,1
134,256,1
134,319,1
134,155,2
135,136,1
135,545,1
135,310,1
135,453,1
135,743,1
135,562,1
135,811,1
135,744,1
135,633,1
135,592,1
135,339,1
135,533,1
135,662,1
135,919,1
135,422,1
135,648,1
135,596,1
135,421,1
135,357,1
135,308,1
135,285,1
135,786,1
135,756,1
135,901,1
135,713,1
135,726,1
135,180,1
135,712,1
135,761,1
135,472,1
135,506,1
135,734,1
135,286,1
135,137,1
135,287,1
135,937,1
135,591,1
135,828,1
135,585,1
135,475,1
135,595,1
135,903,1
135,514,1
135,908,1
135,523,1
135,246,1
135,693,1
135,201,1
135,887,1
135,883,1
135,273,1
135,138,1
135,564,1
135,586,1
135,587,1
135,810,1
135,383,1
135,843,1
135,204,1
136,562,1
136,564,1
136,656,1
136,357,1
136,516,1
136,474,1
136,786,1
136,223,1
136,339,1
136,475,1
136,506,1
136,901,1
136,587,1
136,734,1
136,421,1
136,204,1
136,383,1
136,798,1
136,843,1
136,596,1
136,472,1
136,880,1
136,396,1
136,138,1
136,595,1
136,453,1
136,748,1
137,138,1
137,287,1
137,506,1
137,405,1
137,744,1
137,883,1
137,785,1
137,919,1
137,660,1
137,533,1
137,595,1
137,648,1
137,474,1
137,633,1
137,308,1
137,286,1
137,849,1
137,848,1
137,736,1
137,743,1
137,810,1
137,586,1
137,563,1
137,433,1
137,204,1
137,422,1
137,383,1
137,453,1
137,564,1
137,472,1
137,726,1
137,693,1
137,514,1
137,753,1
137,585,1
138,342,1
138,204,1
138,712,1
138,784,1
138,273,1
138,656,1
138,648,1
138,786,1
138,339,1
138,726,1
138,523,1
138,562,1
138,310,1
138,421,1
138,453,1
138,585,1
138,472,1
138,748,1
138,475,1
138,308,1
138,595,1
138,422,1
138,587,1
138,533,1
138,357,1
138,744,1
138,564,1
138,743,1
139,140,1
139,395,1
139,649,1
139,187,1
139,152,2
139,401,1
139,188,1
139,495,1
139,819,1
139,651,1
139,171,1
139,620,1
139,186,1
139,214,1
139,570,1
139,170,1
139,191,1
139,376,1
139,181,1
139,584,1
139,182,1
139,973,1
139,215,1
139,315,1
139,169,1
139,669,1
139,520,1
139,247,1
139,260,1
139,464,1
139,430,1
139,351,1
139,149,2
139,316,1
139,473,1
139,288,1
139,467,1
139,560,1
139,205,1
140,232,1
140,210,1
140,161,1
140,320,1
140,300,1
140,260,1
140,185,1
140,309,1
140,319,1
140,289,1
140,219,1
140,241,1
140,527,1
140,315,1
140,375,1
140,464,1
140,245,1
140,651,1
140,701,1
140,313,1
140,570,1
140,430,1
140,602,1
140,257,1
140,180,1
140,303,1
140,687,1
140,507,1
140,177,1
140,294,1
140,414,1
140,601,1
140,191,1
140,299,1
140,387,1
140,188,1
140,492,1
140,256,1
140,467,1
140,200,1
140,973,1
140,376,1
140,468,1
140,520,1
140,344,1
140,438,1
140,169,1
140,584,1
140,381,1
140,305,1
140,278,1
140,401,1
140,165,1
140,488,1
140,685,1
140,473,1
140,258,1
140,620,1
140,395,1
140,416,1
140,218,1
140,455,1
140,142,1
140,495,1
140,324,1
140,384,1
140,325,1
140,159,1
140,560,1
140,496,1
140,187,1
140,259,1
140,390,1
140,427,1
140,152,1
140,178,1
140,304,1
140,194,1
140,522,1
140,306,1
140,215,1
140,456,1
140,819,1
140,147,1
140,262,1
140,515,1
140,247,1
140,725,1
140,452,1
140,328,1
140,578,1
140,261,1
140,661,1
140,529,1
140,298,1
140,186,1
140,316,1
140,249,1
140,569,1
140,170,1
140,173,1
140,682,1
140,149,1
140,669,1
140,225,1
141,142,2
141,192,1
141,536,1
141,651,1
141,170,1
141,334,1
141,520,1
141,155,2
141,559,1
141,488,1
141,298,1
141,601,1
141,456,1
141,492,1
141,701,1
141,438,1
141,160,1
141,294,1
141,530,1
141,393,1
141,649,1
141,473,1
141,186,1
141,325,1
141,367,1
141,215,1
141,522,1
141,347,1
141,253,1
141,351,1
141,302,1
141,467,1
141,198,1
141,324,1
141,574,1
141,423,1
141,313,1
141,537,1
141,214,1
141,390,1
141,161,1
141,491,1
141,262,1
141,620,1
141,180,1
141,279,1
141,159,1
141,430,1
141,569,1
141,468,1
141,162,1
141,415,1
141,197,1
141,194,1
141,191,1
141,260,1
141,182,1
141,560,1
141,312,1
141,299,1
141,464,1
141,402,1
141,515,1
141,243,1
141,348,1
141,225,1
141,354,1
141,278,1
141,666,1
141,167,1
141,320,1
141,426,1
141,199,1
141,259,1
141,331,1
141,725,1
141,245,1
141,304,1
141,165,1
141,459,1
141,189,1
141,168,1
141,414,1
141,496,1
141,397,1
141,306,1
141,171,1
141,452,1
141,427,1
141,570,1
141,451,1
141,478,1
141,457,1
141,241,1
141,477,1
141,149,2
141,188,1
141,187,1
141,177,1
141,300,1
141,293,1
141,635,1
141,247,1
141,185,1
141,261,1
141,670,1
141,289,1
141,256,1
141,301,1
141,251,1
141,257,1
141,150,1
141,687,1
141,344,1
141,401,1
141,179,1
141,527,1
141,328,1
141,387,1
141,326,1
141,258,1
141,376,1
141,309,1
141,395,1
141,218,1
141,200,1
141,316,1
141,152,2
141,169,1
141,206,1
141,582,1
141,232,1
141,627,1
141,321,1
141,439,1
141,288,1
141,210,1
141,495,1
141,249,1
141,359,1
142,261,1
142,393,1
142,171,1
142,185,1
142,574,1
142,197,1
142,298,1
142,325,1
142,304,1
142,170,1
142,354,1
142,300,1
142,194,1
142,159,1
142,180,1
142,177,1
142,301,1
142,168,1
142,149,2
142,200,1
142,278,1
142,294,1
142,189,1
142,426,1
142,328,1
142,199,1
142,620,1
142,225,1
142,627,1
142,247,1
142,245,1
142,326,1
142,241,1
142,488,1
142,165,1
142,254,1
142,602,1
142,376,1
142,438,1
142,347,1
142,219,1
142,188,1
142,601,1
142,257,1
142,289,1
142,150,1
142,210,1
142,527,1
142,206,1
142,522,1
142,192,1
142,492,1
142,260,1
142,293,1
142,218,1
142,390,1
142,259,1
142,324,1
142,155,2
142,499,1
143,144,1
143,224,1
143,655,1
143,420,1
143,658,1
143,543,1
143,512,1
143,722,1
143,379,1
143,597,1
143,450,1
143,802,1
143,638,1
143,361,1
143,385,1
143,275,1
143,411,1
143,639,1
143,600,1
143,680,1
143,593,1
143,264,1
143,283,1
143,378,1
143,1020,1
143,760,1
143,854,1
143,508,1
143,428,1
143,489,1
143,429,1
143,449,1
143,782,1
144,420,1
144,540,1
144,429,1
144,450,1
144,874,1
144,497,1
144,740,1
144,729,1
144,614,1
144,680,1
144,760,1
144,837,1
144,942,1
144,513,1
144,270,1
144,471,1
144,600,1
144,365,1
144,638,1
144,384,1
144,926,1
144,378,1
144,692,1
144,449,1
144,275,1
144,650,1
144,263,1
144,952,1
144,385,1
144,349,1
144,511,1
144,512,1
145,146,1
145,248,1
145,521,1
145,330,1
145,679,1
145,222,1
145,534,1
145,446,1
145,539,1
145,518,1
145,681,1
145,558,1
145,239,1
145,466,1
145,702,1
145,708,1
145,352,1
145,803,1
145,151,1
145,234,1
145,195,1
145,607,1
145,227,1
145,307,1
145,332,1
145,546,1
145,490,1
145,444,1
145,772,1
145,231,1
145,371,1
145,550,1
145,336,1
145,516,1
145,609,1
145,615,1
145,551,1
145,154,1
145,762,1
145,460,1
145,380,1
145,240,1
145,826,1
145,398,1
145,437,1
145,327,1
145,557,1
145,759,1
145,329,1
145,433,1
145,216,1
145,233,1
145,594,1
145,337,1
145,217,1
145,483,1
145,703,1
145,412,1
145,458,1
145,945,1
145,211,1
145,517,1
145,636,1
145,413,1
145,590,1
145,448,1
145,678,1
145,470,1
145,435,1
145,280,1
145,592,1
145,434,1
145,789,1
145,817,1
145,436,1
145,156,1
145,489,1
145,333,1
145,374,1
145,734,1
146,374,1
146,759,1
146,534,1
146,589,1
146,577,1
146,154,1
146,927,1
146,466,1
146,234,1
146,157,1
146,448,1
146,231,1
146,826,1
146,240,1
146,380,1
146,435,1
146,248,1
146,364,1
146,521,1
146,444,1
146,486,1
146,539,1
146,360,1
146,557,1
146,195,1
146,732,1
146,434,1
146,762,1
146,607,1
146,483,1
146,412,1
146,280,1
146,470,1
146,803,1
146,151,1
146,546,1
146,156,1
146,170,1
146,752,1
146,590,1
146,352,1
146,460,1
146,518,1
146,437,1
146,878,1
146,592,1
147,148,2
147,149,2
147,206,1
147,632,1
147,271,1
147,687,1
147,170,1
147,152,2
147,629,1
147,476,1
147,682,1
147,515,1
147,264,1
147,155,2
147,685,1
147,464,1
147,620,1
147,368,1
147,260,1
147,214,1
147,661,1
147,294,1
147,696,1
147,150,1
147,417,1
147,459,1
147,166,1
147,416,1
147,193,1
147,278,1
147,279,1
147,247,1
147,570,1
147,441,1
147,205,1
147,192,1
147,571,1
147,325,1
147,399,1
147,168,1
147,331,1
147,253,1
147,561,1
147,814,1
147,492,1
147,258,1
147,306,1
147,199,1
147,302,1
147,426,1
147,180,1
147,305,1
147,334,1
147,218,1
147,191,1
147,671,1
147,319,1
147,232,1
147,439,1
147,347,1
147,197,1
147,167,1
147,215,1
147,165,1
147,309,1
147,496,1
147,425,1
147,662,1
147,351,1
147,552,1
147,415,1
147,488,1
147,686,1
147,455,1
147,666,1
147,226,1
147,243,1
147,907,1
147,616,1
147,224,1
147,522,1
147,376,1
147,535,1
147,440,1
147,438,1
147,303,1
147,402,1
147,178,1
147,274,1
147,424,1
147,244,1
147,477,1
147,456,1
147,709,1
147,359,1
147,235,1
147,665,1
147,467,1
147,313,1
147,605,1
147,452,1
147,188,1
147,498,1
147,298,1
147,507,1
147,344,1
148,178,1
148,616,1
148,262,1
148,602,1
148,235,1
148,515,1
148,344,1
148,547,1
148,520,1
148,610,1
148,225,1
148,424,1
148,823,1
148,794,1
148,440,1
148,507,1
148,298,1
148,492,1
148,570,1
148,274,1
148,881,1
148,894,1
148,303,1
148,155,2
148,738,1
148,620,1
148,277,1
148,575,1
148,328,1
148,325,1
148,334,1
148,416,1
148,200,1
148,150,1
148,253,1
148,559,1
148,556,1
148,402,1
148,462,1
148,192,1
148,522,1
148,463,1
148,188,1
148,455,1
148,683,1
148,397,1
148,438,1
148,922,1
148,306,1
148,464,1
148,670,1
148,319,1
148,477,1
148,827,1
148,271,1
148,671,1
148,247,1
148,627,1
148,452,1
148,260,1
148,168,1
148,687,1
148,571,1
148,387,1
148,653,1
148,258,1
148,189,1
148,243,1
148,376,1
148,651,1
148,561,1
148,309,1
148,193,1
148,167,1
148,279,1
148,496,1
148,302,1
148,709,1
148,351,1
148,686,1
148,685,1
148,313,1
148,300,1
148,305,1
148,439,1
148,456,1
148,632,1
148,335,1
148,257,1
148,661,1
148,218,1
148,199,1
148,149,2
148,331,1
148,359,1
148,498,1
148,696,1
148,294,1
149,150,1
149,319,1
149,190,1
149,161,1
149,666,1
149,344,1
149,423,1
149,456,1
149,179,1
149,155,2
149,403,1
149,351,1
149,245,1
149,298,1
149,312,1
149,214,1
149,492,1
149,462,1
149,253,1
149,473,1
149,495,1
149,259,1
149,182,1
149,426,1
149,610,1
149,261,1
149,536,1
149,198,1
149,552,1
149,652,1
149,199,1
149,515,1
149,359,1
149,165,1
149,152,2
149,321,1
149,188,1
149,522,1
149,303,1
149,488,1
149,215,1
149,627,1
149,584,1
149,670,1
149,570,1
149,348,1
149,452,1
149,320,1
149,299,1
149,402,1
149,464,1
149,178,1
149,185,1
149,424,1
149,186,1
149,527,1
149,218,1
149,491,1
149,241,1
149,401,1
149,725,1
149,376,1
149,468,1
149,620,1
149,393,1
149,430,1
149,194,1
149,210,1
149,326,1
149,354,1
149,313,1
149,710,1
149,649,1
149,180,1
149,438,1
149,187,1
149,605,1
149,328,1
149,206,1
149,170,1
149,243,1
149,353,1
149,160,1
149,507,1
149,309,1
149,331,1
149,260,1
149,162,1
149,498,1
149,201,1
149,537,1
149,289,1
149,225,1
149,347,1
149,167,1
149,894,1
149,294,1
149,427,1
149,232,1
149,159,1
149,304,1
149,316,1
149,651,1
149,247,1
149,739,1
149,171,1
149,632,1
149,177,1
149,616,1
149,274,1
149,197,1
149,390,1
149,301,1
149,257,1
149,258,1
149,205,1
149,520,1
149,302,1
149,325,1
149,647,1
149,687,1
149,496,1
149,324,1
149,395,1
149,189,1
149,933,1
149,574,1
149,306,1
149,451,1
149,467,1
149,166,1
149,168,1
149,169,1
150,351,1
150,305,1
150,671,1
150,300,1
150,331,1
150,294,1
150,602,1
150,507,1
150,455,1
150,169,1
150,245,1
150,299,1
150,247,1
150,152,1
150,403,1
150,426,1
150,438,1
150,320,1
150,476,1
150,274,1
150,390,1
150,271,1
150,235,1
150,199,1
150,301,1
150,717,1
150,180,1
150,402,1
150,319,1
150,252,1
150,632,1
150,251,1
150,846,1
150,547,1
150,218,1
150,427,1
150,224,1
150,191,1
150,244,1
150,452,1
150,571,1
150,232,1
150,368,1
150,527,1
150,279,1
150,298,1
150,210,1
150,441,1
150,666,1
150,665,1
150,167,1
150,556,1
150,293,1
150,574,1
150,347,1
150,258,1
150,225,1
150,687,1
150,764,1
150,325,1
150,193,1
150,611,1
150,165,1
150,393,1
150,334,1
150,205,1
150,177,1
150,451,1
150,652,1
150,670,1
150,198,1
150,155,1
150,685,1
150,529,1
150,303,1
150,178,1
150,261,1
150,173,1
150,236,1
150,192,1
150,415,1
150,866,1
150,439,1
150,425,1
150,256,1
150,171,1
150,326,1
150,354,1
150,496,1
150,635,1
150,179,1
150,243,1
150,646,1
150,552,1
150,213,1
150,170,1
150,561,1
150,226,1
150,197,1
150,304,1
150,264,1
150,189,1
150,306,1
150,255,1
150,456,1
150,424,1
150,462,1
150,376,1
150,922,1
150,188,1
150,440,1
150,249,1
150,241,1
150,492,1
150,313,1
150,662,1
150,477,1
150,206,1
150,464,1
150,725,1
150,701,1
150,417,1
150,328,1
150,488,1
150,324,1
150,387,1
150,185,1
150,560,1
150,278,1
150,253,1
150,559,1
150,168,1
150,219,1
150,416,1
150,302,1
150,696,1
151,412,1
151,201,1
151,374,1
151,154,1
151,436,1
151,458,1
151,466,1
151,380,1
151,483,1
151,413,1
151,803,1
151,156,1
151,327,1
151,681,1
151,280,1
151,234,1
151,231,1
151,752,1
151,233,1
151,489,1
151,216,1
151,759,1
151,217,1
151,332,1
151,240,1
151,521,1
151,239,1
151,490,1
151,557,1
151,437,1
151,546,1
151,248,1
151,195,1
151,534,1
151,636,1
151,434,1
152,153,1
152,456,1
152,669,1
152,306,1
152,351,1
152,215,1
152,232,1
152,620,1
152,316,1
152,182,1
152,440,1
152,570,1
152,605,1
152,439,1
152,515,1
152,260,1
152,699,1
152,430,1
152,416,1
152,395,1
152,289,1
152,495,1
152,386,1
152,649,1
152,205,1
152,258,1
152,301,1
152,315,1
152,584,1
152,170,1
152,155,2
152,438,1
152,464,1
152,206,1
152,473,1
152,162,1
152,218,1
152,288,1
152,507,1
152,198,1
152,169,1
152,560,1
152,670,1
152,704,1
152,181,1
152,847,1
152,401,1
152,652,1
152,467,1
152,387,1
152,348,1
152,452,1
152,520,1
152,294,1
152,186,1
152,441,1
152,253,1
152,304,1
152,651,1
152,193,1
152,187,1
152,559,1
152,701,1
152,368,1
152,309,1
152,168,1
152,496,1
152,210,1
152,468,1
152,478,1
152,314,1
152,827,1
152,278,1
152,261,1
152,325,1
152,556,1
152,319,1
152,214,1
152,375,1
152,359,1
152,476,1
152,376,1
152,188,1
152,191,1
152,277,1
152,298,1
152,190,1
152,243,1
152,973,1
153,571,1
153,627,1
153,178,1
153,249,1
153,928,1
153,319,1
153,192,1
153,701,1
153,478,1
153,236,1
153,193,1
153,186,1
153,687,1
153,185,1
153,243,1
153,682,1
153,218,1
154,222,1
154,460,1
154,516,1
154,679,1
154,248,1
154,550,1
154,483,1
154,539,1
154,618,1
154,234,1
154,448,1
154,789,1
154,436,1
154,689,1
154,211,1
154,700,1
154,444,1
154,435,1
154,412,1
154,434,1
154,557,1
154,534,1
154,458,1
154,762,1
154,433,1
154,327,1
154,413,1
154,240,1
154,330,1
154,195,1
154,380,1
154,577,1
154,772,1
154,360,1
154,732,1
154,708,1
154,466,1
154,307,1
154,590,1
154,615,1
154,803,1
154,490,1
154,770,1
154,592,1
154,231,1
154,702,1
154,486,1
154,489,1
154,364,1
154,352,1
154,227,1
154,470,1
154,332,1
154,371,1
154,157,1
154,558,1
154,643,1
154,607,1
154,759,1
154,216,1
154,333,1
154,217,1
154,594,1
154,501,1
154,826,1
154,521,1
154,752,1
154,878,1
154,518,1
154,156,1
154,437,1
154,280,1
154,681,1
154,546,1
154,538,1
155,430,1
155,393,1
155,424,1
155,687,1
155,403,1
155,187,1
155,536,1
155,620,1
155,872,1
155,253,1
155,173,1
155,438,1
155,335,1
155,298,1
155,496,1
155,462,1
155,165,1
155,316,1
155,495,1
155,666,1
155,159,1
155,522,1
155,293,1
155,236,1
155,210,1
155,169,1
155,313,1
155,328,1
155,245,1
155,395,1
155,699,1
155,299,1
155,200,1
155,651,1
155,574,1
155,171,1
155,261,1
155,547,1
155,199,1
155,331,1
155,427,1
155,570,1
155,578,1
155,745,1
155,347,1
155,473,1
155,215,1
155,167,1
155,401,1
155,537,1
155,168,1
155,304,1
155,441,1
155,814,1
155,247,1
155,262,1
155,300,1
155,348,1
155,162,1
155,182,1
155,180,1
155,198,1
155,556,1
155,464,1
155,688,1
155,319,1
155,288,1
155,452,1
155,415,1
155,235,1
155,205,1
155,627,1
155,455,1
155,325,1
155,682,1
155,468,1
155,709,1
155,260,1
155,312,1
155,507,1
155,605,1
155,315,1
155,214,1
155,178,1
155,306,1
155,320,1
155,492,1
155,218,1
155,359,1
155,561,1
155,351,1
155,305,1
155,402,1
155,179,1
155,258,1
155,632,1
155,189,1
155,326,1
155,423,1
155,188,1
155,520,1
155,185,1
155,197,1
155,225,1
155,257,1
155,515,1
155,457,1
155,192,1
155,289,1
155,535,1
155,302,1
155,278,1
155,279,1
155,232,1
155,344,1
155,426,1
155,243,1
155,324,1
155,560,1
155,170,1
155,303,1
155,456,1
155,529,1
155,176,1
155,376,1
155,491,1
155,467,1
155,527,1
155,653,1
155,488,1
155,602,1
155,459,1
155,186,1
155,177,1
155,294,1
155,846,1
155,256,1
155,301,1
155,160,1
155,161,1
155,354,1
155,206,1
156,157,1
156,332,1
156,577,1
156,589,1
156,636,1
156,202,1
156,412,1
156,240,1
156,689,1
156,437,1
156,539,1
156,789,1
156,413,1
156,195,1
156,466,1
156,222,1
156,534,1
156,280,1
156,470,1
156,681,1
156,239,1
156,458,1
156,803,1
156,333,1
156,759,1
156,216,1
156,521,1
156,558,1
156,592,1
156,615,1
156,546,1
156,826,1
156,590,1
156,734,1
156,490,1
156,360,1
156,234,1
156,380,1
156,374,1
156,752,1
156,231,1
156,436,1
156,489,1
156,448,1
156,248,1
156,327,1
156,433,1
156,217,1
156,762,1
156,434,1
156,557,1
156,307,1
156,352,1
157,248,1
157,689,1
157,803,1
157,413,1
157,330,1
157,431,1
157,470,1
157,380,1
157,458,1
157,577,1
157,752,1
157,826,1
157,460,1
157,534,1
157,762,1
157,594,1
157,360,1
157,222,1
157,643,1
157,615,1
157,679,1
157,444,1
157,539,1
157,333,1
157,195,1
157,352,1
157,216,1
157,878,1
157,280,1
157,434,1
157,538,1
157,332,1
157,772,1
157,432,1
157,489,1
157,592,1
157,412,1
158,412,1
158,216,1
158,234,1
158,803,1
159,160,1
159,375,1
159,354,1
159,666,1
159,797,1
159,469,1
159,536,1
159,687,1
159,254,1
159,293,1
159,424,1
159,179,1
159,278,1
159,225,1
159,180,1
159,218,1
159,321,1
159,507,1
159,210,1
159,522,1
159,699,1
159,259,1
159,182,1
159,427,1
159,319,1
159,552,1
159,499,1
159,313,1
159,320,1
159,529,1
159,289,1
159,537,1
159,685,1
159,390,1
159,226,1
159,328,1
159,257,1
159,344,1
159,162,1
159,696,1
159,176,1
159,426,1
159,294,1
159,376,1
159,219,1
159,325,1
159,206,1
159,457,1
159,197,1
159,430,1
159,209,1
159,401,1
159,488,1
159,298,1
159,438,1
159,623,1
159,331,1
159,602,1
159,245,1
159,241,1
159,261,1
159,169,1
159,451,1
159,251,1
159,601,1
159,205,1
159,288,1
159,491,1
159,194,1
159,492,1
159,200,1
159,312,1
159,185,1
159,632,1
159,301,1
159,189,1
159,347,1
159,299,1
159,417,1
159,367,1
160,261,1
160,320,1
160,402,1
160,289,1
160,218,1
160,685,1
160,257,1
160,417,1
160,441,1
160,499,1
160,375,1
160,632,1
160,209,1
160,173,1
160,368,1
160,179,1
160,537,1
160,278,1
160,427,1
160,172,1
160,301,1
160,347,1
160,491,1
160,390,1
160,492,1
160,376,1
160,325,1
160,313,1
160,582,1
160,251,1
160,259,1
160,503,1
160,165,1
160,451,1
160,397,1
160,321,1
160,334,1
160,252,1
160,623,1
160,205,1
160,916,1
160,367,1
160,189,1
160,200,1
160,294,1
160,424,1
160,469,1
160,353,1
160,254,1
160,298,1
160,241,1
160,226,1
160,225,1
160,574,1
160,552,1
160,688,1
160,245,1
160,536,1
160,457,1
160,666,1
160,354,1
160,312,1
160,206,1
160,627,1
160,185,1
160,331,1
160,167,1
160,170,1
160,438,1
160,717,1
161,162,1
161,348,1
161,177,1
161,306,1
161,478,1
161,232,1
161,182,1
161,459,1
161,277,1
161,351,1
161,316,1
161,191,1
161,262,1
161,243,1
161,440,1
161,170,1
161,185,1
161,376,1
161,682,1
161,488,1
161,169,1
161,324,1
161,289,1
161,492,1
161,253,1
161,301,1
161,430,1
161,261,1
161,602,1
161,257,1
161,439,1
161,520,1
161,670,1
161,187,1
161,495,1
161,218,1
161,381,1
161,560,1
161,271,1
161,294,1
161,570,1
161,661,1
161,584,1
161,171,1
161,686,1
161,193,1
161,395,1
162,215,1
162,260,1
162,399,1
162,169,1
162,168,1
162,390,1
162,620,1
162,274,1
162,245,1
162,210,1
162,218,1
162,496,1
162,188,1
162,186,1
162,328,1
162,669,1
162,259,1
162,495,1
162,198,1
162,298,1
162,247,1
162,468,1
162,289,1
162,515,1
162,182,1
162,610,1
162,316,1
162,325,1
162,492,1
162,456,1
162,473,1
162,584,1
162,347,1
162,258,1
162,467,1
162,235,1
162,815,1
162,430,1
162,315,1
162,205,1
162,261,1
162,170,1
162,560,1
162,376,1
162,359,1
162,294,1
162,498,1
162,452,1
162,178,1
162,320,1
162,522,1
162,395,1
162,520,1
162,819,1
162,193,1
162,306,1
162,180,1
162,171,1
162,401,1
162,464,1
162,301,1
162,570,1
162,225,1
162,710,1
162,299,1
162,387,1
162,688,1
162,403,1
162,451,1
162,973,1
162,651,1
162,699,1
162,304,1
162,288,1
162,605,1
162,243,1
162,416,1
162,309,1
162,477,1
162,214,1
163,164,1
163,407,1
163,645,1
163,896,1
163,779,1
163,296,1
163,531,1
163,808,1
163,485,1
163,964,1
163,484,1
163,505,1
163,781,1
163,291,1
163,524,1
163,297,1
163,541,1
163,532,1
163,290,1
163,418,1
163,391,1
163,504,1
163,480,1
163,542,1
163,465,1
163,871,1
163,844,1
163,862,1
163,419,1
163,392,1
163,583,1
163,923,1
163,479,1
163,554,1
163,763,1
164,844,1
164,963,1
164,542,1
164,418,1
164,391,1
164,923,1
164,505,1
164,509,1
164,871,1
164,504,1
164,567,1
164,484,1
164,485,1
164,465,1
164,491,1
164,532,1
165,166,1
165,302,1
165,399,1
165,289,1
165,241,1
165,559,1
165,326,1
165,496,1
165,570,1
165,477,1
165,647,1
165,351,1
165,635,1
165,243,1
165,177,1
165,451,1
165,198,1
165,455,1
165,258,1
165,515,1
165,492,1
165,299,1
165,279,1
165,459,1
165,347,1
165,403,1
165,232,1
165,498,1
165,260,1
165,464,1
165,359,1
165,457,1
165,171,1
165,304,1
165,738,1
165,623,1
165,469,1
165,205,1
165,215,1
165,193,1
165,179,1
165,376,1
165,441,1
165,922,1
165,520,1
165,312,1
165,197,1
165,293,1
165,180,1
165,685,1
165,305,1
165,189,1
165,301,1
165,319,1
165,825,1
165,294,1
165,416,1
165,173,1
165,646,1
165,194,1
165,298,1
165,569,1
165,219,1
165,190,1
165,620,1
165,393,1
165,251,1
165,439,1
165,417,1
165,368,1
165,309,1
165,527,1
165,387,1
165,245,1
165,916,1
165,325,1
165,426,1
165,503,1
165,192,1
165,891,1
165,468,1
165,191,1
165,271,1
165,556,1
165,354,1
165,717,1
165,488,1
165,402,1
165,424,1
165,529,1
165,933,1
165,185,1
165,274,1
165,605,1
165,313,1
165,300,1
165,478,1
165,324,1
165,507,1
165,255,1
165,252,1
165,328,1
165,795,1
165,499,1
165,696,1
165,249,1
165,666,1
165,256,1
165,213,1
165,167,1
165,687,1
165,303,1
165,348,1
165,257,1
165,462,1
165,169,1
165,272,1
165,172,1
165,278,1
165,206,1
165,467,1
165,168,1
165,522,1
165,253,1
165,170,1
165,414,1
165,536,1
165,670,1
165,632,1
165,235,1
165,262,1
165,574,1
165,688,1
165,187,1
165,602,1
165,259,1
165,476,1
165,627,1
165,261,1
165,452,1
165,178,1
165,951,1
165,188,1
165,985,1
165,381,1
165,247,1
165,335,1
165,552,1
165,226,1
165,456,1
165,320,1
165,218,1
165,846,1
165,425,1
165,375,1
165,701,1
165,225,1
165,671,1
165,199,1
165,334,1
165,397,1
165,725,1
165,331,1
165,306,1
165,651,1
166,556,1
166,737,1
166,359,1
166,260,1
166,462,1
166,168,1
166,347,1
166,498,1
166,247,1
166,608,1
166,741,1
166,399,1
166,527,1
166,957,1
166,245,1
166,328,1
166,235,1
166,522,1
166,456,1
166,167,1
166,232,1
166,324,1
166,620,1
166,728,1
166,252,1
166,685,1
166,314,1
166,795,1
166,258,1
166,334,1
166,368,1
166,173,1
166,188,1
166,487,1
166,646,1
166,272,1
166,701,1
166,274,1
166,178,1
166,190,1
166,298,1
166,617,1
166,916,1
166,376,1
166,476,1
167,376,1
167,426,1
167,456,1
167,279,1
167,294,1
167,424,1
167,199,1
167,738,1
167,891,1
167,522,1
167,215,1
167,399,1
167,552,1
167,272,1
167,574,1
167,170,1
167,492,1
167,916,1
167,278,1
167,206,1
167,507,1
167,331,1
167,232,1
167,951,1
167,632,1
167,190,1
167,326,1
167,249,1
167,262,1
167,646,1
167,179,1
167,303,1
167,696,1
167,602,1
167,235,1
167,526,1
167,455,1
167,605,1
167,402,1
167,354,1
167,414,1
167,177,1
167,302,1
167,247,1
167,218,1
167,320,1
167,325,1
167,527,1
167,922,1
167,178,1
167,393,1
167,459,1
167,245,1
167,256,1
167,825,1
167,464,1
167,846,1
167,312,1
167,188,1
167,387,1
167,334,1
167,305,1
167,258,1
167,815,1
167,261,1
167,462,1
167,180,1
167,725,1
167,173,1
167,192,1
167,313,1
167,647,1
167,347,1
167,498,1
167,623,1
167,685,1
167,241,1
167,236,1
167,306,1
167,488,1
167,189,1
167,298,1
167,469,1
167,219,1
167,304,1
168,245,1
168,215,1
168,289,1
168,257,1
168,177,1
168,464,1
168,620,1
168,294,1
168,293,1
168,200,1
168,397,1
168,488,1
168,570,1
168,376,1
168,462,1
168,194,1
168,347,1
168,605,1
168,218,1
168,739,1
168,179,1
168,258,1
168,309,1
168,467,1
168,173,1
168,180,1
168,306,1
168,192,1
168,473,1
168,423,1
168,687,1
168,199,1
168,274,1
168,452,1
168,627,1
168,438,1
168,560,1
168,399,1
168,205,1
168,359,1
168,651,1
168,315,1
168,584,1
168,187,1
168,401,1
168,574,1
168,386,1
168,312,1
168,507,1
168,354,1
168,235,1
168,498,1
168,325,1
168,426,1
168,304,1
168,520,1
168,424,1
168,616,1
168,299,1
168,241,1
168,451,1
168,253,1
168,262,1
168,522,1
168,326,1
168,492,1
168,206,1
168,348,1
168,261,1
168,232,1
168,171,1
168,277,1
168,225,1
168,197,1
168,416,1
169,171,1
169,301,1
169,401,1
169,205,1
169,652,1
169,819,1
169,520,1
169,315,1
169,560,1
169,478,1
169,194,1
169,661,1
169,232,1
169,701,1
169,496,1
169,187,1
169,218,1
169,215,1
169,686,1
169,395,1
169,247,1
169,185,1
169,328,1
169,191,1
169,347,1
169,467,1
169,170,1
169,403,1
169,669,1
169,235,1
169,635,1
169,325,1
169,253,1
169,277,1
169,495,1
169,477,1
169,651,1
169,180,1
169,182,1
169,278,1
169,646,1
169,584,1
169,174,1
169,488,1
169,627,1
169,316,1
169,439,1
169,306,1
169,178,1
169,181,1
169,351,1
169,376,1
169,193,1
169,198,1
169,261,1
169,258,1
169,649,1
169,289,1
169,309,1
169,456,1
169,556,1
169,294,1
169,473,1
169,570,1
169,348,1
169,440,1
169,682,1
169,670,1
169,561,1
169,430,1
169,243,1
169,973,1
169,288,1
170,171,1
170,210,1
170,197,1
170,563,1
170,315,1
170,624,1
170,417,1
170,347,1
170,279,1
170,520,1
170,729,1
170,301,1
170,561,1
170,401,1
170,304,1
170,495,1
170,457,1
170,302,1
170,910,1
170,313,1
170,288,1
170,385,1
170,235,1
170,261,1
170,496,1
170,699,1
170,933,1
170,181,1
170,356,1
170,451,1
170,299,1
170,355,1
170,885,1
170,328,1
170,491,1
170,847,1
170,325,1
170,351,1
170,560,1
170,432,1
170,452,1
170,552,1
170,319,1
170,303,1
170,198,1
170,278,1
170,177,1
170,687,1
170,488,1
170,574,1
170,186,1
170,260,1
170,651,1
170,192,1
170,922,1
170,492,1
170,395,1
170,640,1
170,652,1
170,316,1
170,537,1
170,666,1
170,464,1
170,393,1
170,324,1
170,797,1
170,402,1
170,394,1
170,176,1
170,456,1
170,256,1
170,649,1
170,632,1
170,416,1
170,226,1
170,430,1
170,320,1
170,376,1
170,605,1
170,223,1
170,326,1
170,685,1
170,570,1
170,368,1
170,241,1
170,536,1
170,460,1
170,206,1
170,293,1
170,215,1
170,182,1
170,254,1
170,515,1
170,189,1
170,429,1
170,426,1
170,512,1
170,414,1
170,780,1
170,476,1
170,507,1
170,233,1
170,620,1
170,205,1
170,377,1
170,191,1
170,381,1
170,251,1
170,275,1
170,188,1
170,305,1
170,543,1
170,294,1
170,627,1
170,467,1
170,710,1
170,364,1
170,749,1
170,386,1
170,253,1
170,243,1
170,179,1
170,289,1
170,584,1
170,638,1
170,719,1
170,257,1
170,218,1
170,200,1
170,245,1
170,225,1
170,680,1
170,597,1
170,185,1
170,587,1
170,367,1
170,334,1
170,438,1
170,478,1
170,309,1
171,176,1
171,348,1
171,194,1
171,476,1
171,570,1
171,473,1
171,174,1
171,559,1
171,182,1
171,191,1
171,652,1
171,496,1
171,395,1
171,682,1
171,245,1
171,321,1
171,498,1
171,218,1
171,241,1
171,394,1
171,359,1
171,293,1
171,547,1
171,251,1
171,440,1
171,262,1
171,259,1
171,426,1
171,495,1
171,666,1
171,670,1
171,424,1
171,459,1
171,192,1
171,260,1
171,306,1
171,468,1
171,477,1
171,492,1
171,651,1
171,261,1
171,181,1
171,188,1
171,236,1
171,303,1
171,326,1
171,185,1
171,390,1
171,414,1
171,522,1
171,462,1
171,225,1
171,257,1
171,180,1
171,556,1
171,574,1
171,173,1
171,320,1
171,527,1
171,438,1
171,331,1
171,328,1
171,279,1
171,701,1
171,571,1
171,393,1
171,980,1
171,649,1
171,189,1
171,560,1
171,325,1
171,294,1
171,299,1
171,334,1
171,403,1
171,255,1
171,922,1
171,552,1
171,319,1
171,243,1
171,605,1
171,488,1
171,298,1
171,214,1
171,258,1
171,401,1
171,725,1
171,289,1
171,278,1
171,249,1
171,197,1
171,354,1
171,386,1
171,687,1
171,347,1
171,206,1
171,316,1
171,200,1
171,187,1
171,247,1
171,376,1
171,627,1
171,351,1
171,491,1
171,199,1
171,452,1
171,177,1
171,529,1
171,439,1
171,210,1
171,620,1
171,215,1
171,193,1
171,402,1
171,916,1
171,304,1
171,520,1
172,173,1
172,666,1
172,209,1
172,226,1
172,451,1
172,289,1
172,457,1
172,491,1
172,441,1
172,294,1
172,367,1
172,503,1
172,313,1
172,492,1
172,241,1
172,688,1
173,304,1
173,414,1
173,825,1
173,478,1
173,245,1
173,522,1
173,571,1
173,249,1
173,334,1
173,685,1
173,303,1
173,462,1
173,456,1
173,527,1
173,351,1
173,620,1
173,258,1
173,251,1
173,402,1
173,261,1
173,326,1
173,257,1
173,331,1
173,199,1
173,426,1
173,795,1
173,602,1
173,225,1
173,328,1
173,347,1
173,933,1
173,376,1
173,403,1
173,498,1
173,320,1
173,316,1
173,232,1
173,464,1
173,951,1
173,459,1
173,294,1
173,213,1
173,206,1
173,922,1
173,187,1
173,190,1
173,477,1
173,198,1
173,305,1
173,279,1
173,701,1
173,325,1
173,243,1
173,496,1
174,670,1
174,439,1
174,235,1
174,682,1
174,495,1
174,181,1
174,192,1
174,316,1
174,232,1
174,620,1
174,570,1
174,416,1
174,440,1
174,258,1
174,351,1
174,359,1
174,477,1
175,579,1
175,336,1
175,196,1
175,626,1
175,548,1
175,640,1
175,330,1
175,798,1
175,589,1
175,446,1
175,501,1
175,412,1
175,988,1
175,812,1
175,724,1
175,352,1
175,307,1
175,431,1
175,281,1
175,228,1
175,550,1
175,227,1
175,216,1
175,587,1
176,417,1
176,209,1
176,560,1
176,438,1
176,536,1
176,245,1
176,320,1
176,255,1
176,507,1
176,805,1
176,189,1
176,313,1
176,578,1
176,257,1
176,185,1
176,251,1
176,492,1
176,218,1
176,632,1
176,179,1
176,317,1
176,259,1
176,602,1
176,424,1
176,206,1
176,232,1
176,325,1
176,376,1
176,611,1
176,569,1
176,473,1
176,198,1
176,241,1
176,687,1
176,666,1
176,582,1
176,312,1
176,699,1
176,459,1
176,559,1
176,623,1
176,427,1
176,262,1
176,494,1
176,394,1
176,387,1
176,529,1
176,178,1
176,254,1
176,316,1
176,451,1
176,278,1
176,547,1
176,425,1
176,526,1
176,294,1
176,441,1
176,962,1
176,367,1
176,261,1
176,188,1
176,225,1
176,491,1
176,187,1
176,390,1
176,289,1
177,326,1
177,515,1
177,452,1
177,344,1
177,309,1
177,241,1
177,180,1
177,325,1
177,218,1
177,300,1
177,694,1
177,464,1
177,347,1
177,527,1
177,390,1
177,560,1
177,256,1
177,847,1
177,627,1
177,210,1
177,359,1
177,315,1
177,488,1
177,473,1
177,623,1
177,319,1
177,186,1
177,312,1
177,492,1
177,247,1
177,199,1
177,574,1
177,215,1
177,673,1
177,178,1
177,522,1
177,620,1
177,402,1
177,354,1
177,293,1
177,289,1
177,192,1
177,601,1
177,424,1
177,261,1
177,334,1
177,368,1
177,651,1
177,188,1
177,381,1
177,257,1
177,232,1
177,459,1
177,393,1
177,198,1
177,426,1
177,912,1
177,194,1
177,260,1
177,496,1
177,570,1
177,200,1
177,294,1
177,348,1
177,467,1
177,328,1
177,262,1
177,304,1
177,225,1
177,299,1
177,245,1
177,197,1
177,456,1
177,376,1
177,206,1
177,331,1
177,416,1
177,401,1
177,185,1
178,304,1
178,232,1
178,334,1
178,331,1
178,298,1
178,325,1
178,302,1
178,309,1
178,294,1
178,274,1
178,685,1
178,571,1
178,399,1
178,477,1
178,193,1
178,933,1
178,213,1
178,492,1
178,235,1
178,725,1
178,191,1
178,197,1
178,303,1
178,219,1
178,671,1
178,368,1
178,462,1
178,256,1
178,620,1
178,180,1
178,559,1
178,351,1
178,271,1
178,218,1
178,376,1
178,704,1
178,846,1
178,670,1
178,488,1
178,682,1
178,570,1
178,252,1
178,651,1
178,507,1
178,245,1
178,416,1
178,556,1
178,243,1
178,455,1
178,717,1
178,289,1
178,253,1
178,440,1
178,314,1
178,359,1
178,464,1
178,381,1
178,258,1
178,552,1
178,354,1
178,439,1
178,192,1
178,795,1
178,467,1
178,190,1
178,452,1
178,306,1
178,279,1
179,180,1
179,457,1
179,294,1
179,256,1
179,304,1
179,666,1
179,351,1
179,451,1
179,218,1
179,717,1
179,527,1
179,321,1
179,198,1
179,194,1
179,699,1
179,464,1
179,309,1
179,215,1
179,623,1
179,278,1
179,320,1
179,438,1
179,289,1
179,467,1
179,260,1
179,424,1
179,367,1
179,257,1
179,226,1
179,303,1
179,602,1
179,225,1
179,251,1
179,249,1
179,552,1
179,347,1
179,313,1
179,376,1
179,456,1
179,426,1
179,402,1
179,185,1
179,632,1
179,354,1
179,427,1
179,299,1
179,469,1
179,219,1
179,205,1
179,241,1
179,390,1
179,298,1
179,647,1
179,582,1
179,206,1
179,245,1
179,209,1
179,393,1
179,522,1
179,492,1
179,620,1
179,232,1
179,261,1
179,302,1
179,259,1
179,537,1
179,325,1
179,254,1
179,687,1
179,359,1
179,189,1
179,258,1
179,344,1
179,455,1
179,452,1
180,210,1
180,393,1
180,324,1
180,187,1
180,477,1
180,828,1
180,198,1
180,451,1
180,302,1
180,456,1
180,529,1
180,305,1
180,298,1
180,294,1
180,241,1
180,649,1
180,912,1
180,225,1
180,215,1
180,464,1
180,415,1
180,325,1
180,402,1
180,560,1
180,609,1
180,304,1
180,347,1
180,620,1
180,186,1
180,354,1
180,627,1
180,260,1
180,301,1
180,452,1
180,309,1
180,582,1
180,543,1
180,527,1
180,251,1
180,473,1
180,559,1
180,515,1
180,191,1
180,595,1
180,496,1
180,257,1
180,770,1
180,288,1
180,321,1
180,331,1
180,218,1
180,571,1
180,642,1
180,289,1
180,255,1
180,348,1
180,199,1
180,724,1
180,312,1
180,317,1
180,414,1
180,666,1
180,438,1
180,245,1
180,262,1
180,648,1
180,249,1
180,522,1
180,243,1
180,397,1
180,201,1
180,424,1
180,319,1
180,453,1
180,601,1
180,462,1
180,293,1
180,328,1
180,725,1
180,430,1
180,192,1
180,247,1
180,261,1
180,315,1
180,492,1
180,922,1
180,326,1
180,385,1
180,488,1
180,651,1
180,459,1
180,316,1
180,491,1
180,253,1
180,467,1
180,755,1
180,343,1
180,570,1
180,537,1
180,875,1
180,574,1
180,200,1
180,279,1
180,591,1
180,687,1
180,258,1
180,359,1
180,498,1
180,394,1
180,194,1
180,313,1
180,185,1
180,425,1
180,232,1
180,401,1
180,390,1
180,278,1
180,457,1
180,320,1
180,299,1
180,206,1
180,300,1
180,351,1
180,334,1
180,197,1
180,188,1
180,507,1
180,547,1
180,673,1
180,344,1
180,426,1
180,701,1
180,495,1
180,306,1
180,602,1
180,520,1
180,652,1
180,256,1
180,252,1
180,376,1
180,259,1
181,182,1
181,277,1
181,701,1
181,316,1
181,584,1
181,395,1
181,359,1
181,205,1
181,649,1
181,315,1
181,560,1
181,187,1
181,376,1
181,215,1
181,467,1
181,847,1
181,682,1
181,473,1
181,186,1
181,293,1
181,430,1
181,191,1
181,495,1
181,487,1
181,299,1
182,232,1
182,205,1
182,294,1
182,314,1
182,347,1
182,198,1
182,325,1
182,496,1
182,652,1
182,258,1
182,560,1
182,210,1
182,188,1
182,215,1
182,456,1
182,214,1
182,440,1
182,699,1
182,315,1
182,401,1
182,559,1
182,651,1
182,584,1
182,316,1
182,376,1
182,620,1
182,309,1
182,478,1
182,257,1
182,477,1
182,289,1
182,301,1
182,225,1
182,191,1
182,218,1
182,351,1
182,348,1
182,261,1
182,186,1
182,243,1
182,359,1
182,682,1
182,610,1
182,797,1
182,468,1
182,425,1
182,438,1
182,430,1
182,395,1
182,495,1
182,611,1
182,288,1
182,185,1
182,570,1
182,649,1
182,272,1
182,193,1
182,646,1
182,467,1
182,556,1
182,973,1
182,187,1
182,520,1
182,473,1
183,184,1
183,295,1
183,695,1
183,553,1
183,730,1
183,242,1
183,962,1
183,935,1
183,631,1
183,706,1
183,977,1
183,674,1
183,1015,1
183,750,1
183,629,1
183,552,1
183,663,1
184,977,1
184,1015,1
185,186,1
185,335,1
185,602,1
185,215,1
185,560,1
185,745,1
185,326,1
185,610,1
185,241,1
185,661,1
185,347,1
185,325,1
185,300,1
185,236,1
185,293,1
185,262,1
185,401,1
185,739,1
185,725,1
185,191,1
185,387,1
185,192,1
185,261,1
185,492,1
185,462,1
185,570,1
185,249,1
185,469,1
185,320,1
185,651,1
185,402,1
185,415,1
185,529,1
185,294,1
185,414,1
185,278,1
185,488,1
185,496,1
185,321,1
185,376,1
185,260,1
185,319,1
185,247,1
185,343,1
185,666,1
185,302,1
185,205,1
185,189,1
185,457,1
185,386,1
185,491,1
185,582,1
185,456,1
185,289,1
185,288,1
185,198,1
185,427,1
185,232,1
185,200,1
185,304,1
185,536,1
185,194,1
185,390,1
185,397,1
185,305,1
185,324,1
185,245,1
185,430,1
185,257,1
185,424,1
185,451,1
185,629,1
185,515,1
185,242,1
185,459,1
185,348,1
185,687,1
185,467,1
185,354,1
185,313,1
185,315,1
185,473,1
185,367,1
185,464,1
185,299,1
185,507,1
185,438,1
185,225,1
185,312,1
185,210,1
185,301,1
185,353,1
185,627,1
185,298,1
185,426,1
185,720,1
185,699,1
185,206,1
185,188,1
185,259,1
185,309,1
185,328,1
185,601,1
185,715,1
185,620,1
185,218,1
185,334,1
185,306,1
186,381,1
186,570,1
186,701,1
186,197,1
186,193,1
186,225,1
186,294,1
186,359,1
186,430,1
186,376,1
186,288,1
186,324,1
186,191,1
186,704,1
186,669,1
186,386,1
186,495,1
186,652,1
186,401,1
186,205,1
186,699,1
186,487,1
186,215,1
186,258,1
186,247,1
186,464,1
186,316,1
186,835,1
186,819,1
186,847,1
186,620,1
186,515,1
186,459,1
186,351,1
186,797,1
186,473,1
186,232,1
186,315,1
186,467,1
186,395,1
186,492,1
186,426,1
186,520,1
186,651,1
186,416,1
186,214,1
186,218,1
186,468,1
186,262,1
186,277,1
186,210,1
186,610,1
186,670,1
186,289,1
186,920,1
186,243,1
186,560,1
186,522,1
187,188,1
187,232,1
187,473,1
187,427,1
187,334,1
187,467,1
187,520,1
187,215,1
187,253,1
187,440,1
187,206,1
187,464,1
187,395,1
187,670,1
187,205,1
187,198,1
187,359,1
187,348,1
187,649,1
187,495,1
187,560,1
187,251,1
187,316,1
187,243,1
187,376,1
187,189,1
187,584,1
187,468,1
187,261,1
187,570,1
187,315,1
187,298,1
187,651,1
187,430,1
187,578,1
187,294,1
187,191,1
187,289,1
187,522,1
187,328,1
187,351,1
187,214,1
188,351,1
188,354,1
188,258,1
188,687,1
188,243,1
188,235,1
188,259,1
188,605,1
188,205,1
188,522,1
188,381,1
188,699,1
188,507,1
188,320,1
188,225,1
188,316,1
188,430,1
188,467,1
188,191,1
188,294,1
188,326,1
188,473,1
188,215,1
188,277,1
188,298,1
188,200,1
188,424,1
188,397,1
188,570,1
188,440,1
188,261,1
188,427,1
188,569,1
188,301,1
188,272,1
188,459,1
188,426,1
188,520,1
188,627,1
188,274,1
188,245,1
188,253,1
188,324,1
188,464,1
188,401,1
188,739,1
188,438,1
188,652,1
188,402,1
188,620,1
188,498,1
188,452,1
188,847,1
188,738,1
188,584,1
188,304,1
188,686,1
188,241,1
188,302,1
188,289,1
188,331,1
188,386,1
188,661,1
188,306,1
188,376,1
188,303,1
188,194,1
188,560,1
188,559,1
188,416,1
188,347,1
188,321,1
188,651,1
188,492,1
188,309,1
188,488,1
188,682,1
188,670,1
188,189,1
188,257,1
188,232,1
188,325,1
188,359,1
188,696,1
189,261,1
189,375,1
189,219,1
189,255,1
189,520,1
189,218,1
189,537,1
189,298,1
189,324,1
189,257,1
189,259,1
189,206,1
189,376,1
189,578,1
189,241,1
189,424,1
189,620,1
189,321,1
189,192,1
189,289,1
189,226,1
189,390,1
189,319,1
189,602,1
189,368,1
189,260,1
189,491,1
189,536,1
189,696,1
189,652,1
189,194,1
189,455,1
189,666,1
189,225,1
189,325,1
189,552,1
189,247,1
189,235,1
189,632,1
189,709,1
189,305,1
189,623,1
189,574,1
189,309,1
189,320,1
189,251,1
189,304,1
189,313,1
189,354,1
189,492,1
189,441,1
189,199,1
189,456,1
189,316,1
189,278,1
189,294,1
189,464,1
189,529,1
189,394,1
189,601,1
189,569,1
189,200,1
189,488,1
189,328,1
189,348,1
189,312,1
189,245,1
189,258,1
189,438,1
189,507,1
189,427,1
189,254,1
189,209,1
189,191,1
189,561,1
189,402,1
190,191,1
190,496,1
190,368,1
190,670,1
190,701,1
190,193,1
190,309,1
190,476,1
190,279,1
190,381,1
190,632,1
190,243,1
190,520,1
190,825,1
190,351,1
190,325,1
190,478,1
190,492,1
190,646,1
190,218,1
190,933,1
190,249,1
190,198,1
190,468,1
190,794,1
190,571,1
190,477,1
190,232,1
190,359,1
190,403,1
190,498,1
190,980,1
190,319,1
190,210,1
190,547,1
190,456,1
190,331,1
190,661,1
190,527,1
191,260,1
191,243,1
191,376,1
191,288,1
191,649,1
191,381,1
191,401,1
191,439,1
191,205,1
191,277,1
191,359,1
191,258,1
191,194,1
191,467,1
191,478,1
191,452,1
191,279,1
191,278,1
191,235,1
191,571,1
191,226,1
191,933,1
191,682,1
191,646,1
191,309,1
191,215,1
191,602,1
191,651,1
191,224,1
191,306,1
191,402,1
191,193,1
191,232,1
191,315,1
191,192,1
191,973,1
191,440,1
191,198,1
191,570,1
191,515,1
191,253,1
191,403,1
191,476,1
191,245,1
191,456,1
191,348,1
191,395,1
191,502,1
191,247,1
191,316,1
191,498,1
191,687,1
191,294,1
191,666,1
191,477,1
191,669,1
191,495,1
191,214,1
191,387,1
191,218,1
191,686,1
191,661,1
191,847,1
191,496,1
191,319,1
191,301,1
191,473,1
191,210,1
191,569,1
191,701,1
191,520,1
191,560,1
191,328,1
191,464,1
191,264,1
191,416,1
191,430,1
191,635,1
191,368,1
191,325,1
191,662,1
191,670,1
191,819,1
191,261,1
191,584,1
191,244,1
191,271,1
191,351,1
191,561,1
191,529,1
191,556,1
192,193,1
192,319,1
192,305,1
192,294,1
192,685,1
192,256,1
192,629,1
192,261,1
192,218,1
192,313,1
192,916,1
192,430,1
192,304,1
192,415,1
192,426,1
192,725,1
192,491,1
192,320,1
192,194,1
192,299,1
192,488,1
192,393,1
192,561,1
192,620,1
192,701,1
192,298,1
192,569,1
192,527,1
192,846,1
192,682,1
192,258,1
192,289,1
192,686,1
192,456,1
192,199,1
192,232,1
192,200,1
192,492,1
192,375,1
192,254,1
192,403,1
192,496,1
192,253,1
192,376,1
192,687,1
192,477,1
192,402,1
192,439,1
192,347,1
192,387,1
192,866,1
192,197,1
192,351,1
192,462,1
192,302,1
192,328,1
192,354,1
192,324,1
192,213,1
192,452,1
192,334,1
192,279,1
192,440,1
192,245,1
192,325,1
192,661,1
192,331,1
192,235,1
192,476,1
193,258,1
193,205,1
193,306,1
193,416,1
193,403,1
193,288,1
193,309,1
193,351,1
193,279,1
193,561,1
193,387,1
193,682,1
193,661,1
193,381,1
193,334,1
193,319,1
193,701,1
193,478,1
193,232,1
193,651,1
193,214,1
193,496,1
193,488,1
193,520,1
193,646,1
193,507,1
193,439,1
193,933,1
193,368,1
193,243,1
193,456,1
193,687,1
193,699,1
193,402,1
193,571,1
193,302,1
193,685,1
193,476,1
193,235,1
193,570,1
193,440,1
193,477,1
193,671,1
193,218,1
193,401,1
193,316,1
193,556,1
193,271,1
193,376,1
193,198,1
193,473,1
193,686,1
193,253,1
193,247,1
193,430,1
193,331,1
193,670,1
194,601,1
194,288,1
194,536,1
194,438,1
194,522,1
194,347,1
194,298,1
194,492,1
194,232,1
194,348,1
194,570,1
194,328,1
194,651,1
194,260,1
194,321,1
194,401,1
194,257,1
194,200,1
194,627,1
194,331,1
194,390,1
194,376,1
194,344,1
194,294,1
194,197,1
194,661,1
194,261,1
194,507,1
194,515,1
194,302,1
194,359,1
194,354,1
194,324,1
194,560,1
194,206,1
194,205,1
194,304,1
194,452,1
194,218,1
194,309,1
194,241,1
194,313,1
194,426,1
194,491,1
194,325,1
194,488,1
194,537,1
194,256,1
194,247,1
194,451,1
194,456,1
194,316,1
194,314,1
194,620,1
194,289,1
194,416,1
194,320,1
194,666,1
194,464,1
195,196,1
195,486,1
195,546,1
195,333,1
195,223,1
195,592,1
195,216,1
195,448,1
195,826,1
195,352,1
195,607,1
195,770,1
195,248,1
195,436,1
195,516,1
195,708,1
195,636,1
195,538,1
195,679,1
195,577,1
195,483,1
195,702,1
195,470,1
195,534,1
195,501,1
195,374,1
195,732,1
195,618,1
195,413,1
195,307,1
195,332,1
195,327,1
195,521,1
195,231,1
195,700,1
195,615,1
195,217,1
195,371,1
195,222,1
195,445,1
195,233,1
195,759,1
195,878,1
195,643,1
195,211,1
195,803,1
195,435,1
195,789,1
195,752,1
195,594,1
195,433,1
195,590,1
195,280,1
195,539,1
195,490,1
195,380,1
195,458,1
195,558,1
195,437,1
195,678,1
195,434,1
195,234,1
195,240,1
195,460,1
195,412,1
195,489,1
195,557,1
195,762,1
195,690,1
195,330,1
196,377,1
196,337,1
196,548,1
196,307,1
196,618,1
196,703,1
196,640,1
196,227,1
196,282,1
196,432,1
196,587,1
196,444,1
196,518,1
196,412,1
196,501,1
196,724,1
196,770,1
196,330,1
196,446,1
196,336,1
196,734,1
196,534,1
196,431,1
196,212,1
196,573,1
196,691,1
196,626,1
196,988,1
196,580,1
196,500,1
196,246,1
196,735,1
196,777,1
196,447,1
196,228,1
196,250,1
196,211,1
196,281,1
196,945,1
196,907,1
196,700,1
196,579,1
196,445,1
196,690,1
196,517,1
196,812,1
196,550,1
197,198,1
197,210,1
197,300,1
197,393,1
197,574,1
197,415,1
197,464,1
197,245,1
197,347,1
197,299,1
197,294,1
197,289,1
197,235,1
197,215,1
197,426,1
197,387,1
197,687,1
197,256,1
197,401,1
197,390,1
197,344,1
197,515,1
197,247,1
197,495,1
197,326,1
197,259,1
197,492,1
197,694,1
197,527,1
197,627,1
197,469,1
197,488,1
197,359,1
197,473,1
197,451,1
197,325,1
197,651,1
197,312,1
197,334,1
197,261,1
197,313,1
197,610,1
197,468,1
197,199,1
197,205,1
197,620,1
197,560,1
197,402,1
197,354,1
197,467,1
197,218,1
197,304,1
197,452,1
197,279,1
197,241,1
197,522,1
197,288,1
197,258,1
197,376,1
198,646,1
198,682,1
198,670,1
198,477,1
198,218,1
198,381,1
198,666,1
198,331,1
198,279,1
198,215,1
198,438,1
198,719,1
198,933,1
198,293,1
198,426,1
198,560,1
198,402,1
198,520,1
198,440,1
198,294,1
198,298,1
198,570,1
198,395,1
198,522,1
198,245,1
198,289,1
198,206,1
198,314,1
198,376,1
198,492,1
198,536,1
198,259,1
198,846,1
198,351,1
198,232,1
198,430,1
198,495,1
198,261,1
198,306,1
198,316,1
198,464,1
198,243,1
198,478,1
198,980,1
198,236,1
198,348,1
198,556,1
198,685,1
198,661,1
198,320,1
198,324,1
198,439,1
199,200,1
199,249,1
199,334,1
199,347,1
199,313,1
199,206,1
199,403,1
199,298,1
199,235,1
199,507,1
199,462,1
199,402,1
199,457,1
199,289,1
199,393,1
199,247,1
199,687,1
199,795,1
199,399,1
199,348,1
199,255,1
199,279,1
199,459,1
199,326,1
199,331,1
199,301,1
199,696,1
199,646,1
199,258,1
199,492,1
199,256,1
199,846,1
199,559,1
199,527,1
199,327,1
199,241,1
199,306,1
199,922,1
199,426,1
199,325,1
199,302,1
199,319,1
199,642,1
199,414,1
199,629,1
199,574,1
199,218,1
199,725,1
199,424,1
199,602,1
199,304,1
199,305,1
199,552,1
199,245,1
199,328,1
199,498,1
199,219,1
199,376,1
200,457,1
200,259,1
200,301,1
200,367,1
200,491,1
200,261,1
200,529,1
200,347,1
200,289,1
200,469,1
200,397,1
200,302,1
200,687,1
200,256,1
200,328,1
200,335,1
200,426,1
200,611,1
200,386,1
200,225,1
200,260,1
200,507,1
200,620,1
200,438,1
200,245,1
200,459,1
200,376,1
200,627,1
200,279,1
200,319,1
200,738,1
200,530,1
200,488,1
200,582,1
200,218,1
200,354,1
200,210,1
200,451,1
200,498,1
200,313,1
200,300,1
200,305,1
200,293,1
200,745,1
200,241,1
200,522,1
200,206,1
200,257,1
200,294,1
200,424,1
200,390,1
200,527,1
200,574,1
200,304,1
200,415,1
200,326,1
200,492,1
200,666,1
200,262,1
200,325,1
200,324,1
200,394,1
200,299,1
201,202,1
201,640,1
201,543,1
201,755,1
201,275,1
201,668,1
201,752,1
201,875,1
201,868,1
201,264,1
201,422,1
201,383,1
201,654,1
201,609,1
201,239,1
201,648,1
201,471,1
201,727,1
201,828,1
201,680,1
201,204,1
201,593,1
201,595,1
201,968,1
201,918,1
201,472,1
201,540,1
201,454,1
201,337,1
201,411,1
201,317,1
201,585,1
201,453,1
201,533,1
201,385,1
201,339,1
201,564,1
201,591,1
201,596,1
201,211,1
201,867,1
201,673,1
201,450,1
202,292,1
202,513,1
202,409,1
202,566,1
202,874,1
202,733,1
202,721,1
202,269,1
202,411,1
202,875,1
202,408,1
202,929,1
202,952,1
202,510,1
202,950,1
202,270,1
202,244,1
202,884,1
202,511,1
202,595,1
202,1012,1
202,956,1
203,204,1
203,1019,1
204,586,1
204,656,1
204,718,1
204,753,1
204,474,1
204,918,1
204,777,1
204,864,1
204,713,1
204,573,1
204,784,1
204,287,1
204,595,1
204,404,1
204,585,1
204,785,1
204,383,1
204,775,1
204,237,1
204,268,1
204,860,1
204,749,1
204,562,1
204,339,1
204,310,1
204,596,1
204,849,1
204,726,1
204,533,1
204,454,1
204,717,1
204,285,1
204,420,1
204,528,1
204,901,1
204,587,1
204,363,1
204,729,1
204,405,1
204,506,1
204,338,1
204,286,1
204,828,1
204,525,1
204,748,1
204,514,1
204,648,1
204,876,1
204,919,1
204,453,1
204,342,1
204,523,1
204,902,1
204,843,1
204,475,1
204,660,1
204,385,1
204,472,1
204,308,1
204,564,1
204,707,1
205,206,1
205,320,1
205,815,1
205,527,1
205,686,1
205,515,1
205,416,1
205,496,1
205,348,1
205,258,1
205,306,1
205,261,1
205,326,1
205,298,1
205,253,1
205,313,1
205,376,1
205,293,1
205,620,1
205,245,1
205,537,1
205,289,1
205,464,1
205,401,1
205,704,1
205,467,1
205,699,1
205,452,1
205,210,1
205,344,1
205,316,1
205,426,1
205,241,1
205,325,1
205,319,1
205,301,1
205,430,1
205,427,1
205,386,1
205,274,1
205,522,1
205,652,1
205,610,1
205,395,1
205,488,1
205,438,1
205,309,1
205,215,1
205,251,1
205,257,1
205,570,1
205,260,1
205,232,1
205,262,1
205,247,1
205,390,1
205,492,1
205,214,1
205,315,1
205,359,1
205,560,1
205,303,1
205,520,1
205,561,1
205,347,1
205,710,1
205,495,1
205,299,1
205,627,1
205,605,1
205,294,1
205,491,1
205,225,1
205,651,1
205,468,1
205,473,1
205,661,1
205,451,1
205,328,1
205,243,1
205,536,1
205,288,1
206,260,1
206,464,1
206,257,1
206,417,1
206,375,1
206,627,1
206,520,1
206,299,1
206,294,1
206,687,1
206,347,1
206,527,1
206,320,1
206,717,1
206,536,1
206,252,1
206,462,1
206,414,1
206,331,1
206,451,1
206,426,1
206,258,1
206,298,1
206,459,1
206,354,1
206,390,1
206,232,1
206,492,1
206,491,1
206,623,1
206,394,1
206,552,1
206,278,1
206,319,1
206,328,1
206,651,1
206,457,1
206,605,1
206,359,1
206,427,1
206,344,1
206,254,1
206,916,1
206,247,1
206,441,1
206,499,1
206,225,1
206,467,1
206,325,1
206,301,1
206,236,1
206,312,1
206,262,1
206,424,1
206,249,1
206,303,1
206,611,1
206,226,1
206,653,1
206,376,1
206,261,1
206,209,1
206,259,1
206,293,1
206,393,1
206,574,1
206,469,1
206,402,1
206,602,1
206,522,1
206,218,1
206,321,1
206,515,1
206,324,1
206,666,1
206,367,1
206,452,1
206,368,1
206,632,1
206,313,1
206,570,1
206,241,1
206,886,1
206,274,1
206,210,1
206,569,1
206,688,1
206,251,1
206,348,1
206,494,1
206,289,1
206,245,1
206,582,1
206,401,1
206,316,1
206,537,1
206,438,1
206,215,1
207,208,1
207,714,1
207,389,1
207,481,1
207,813,1
207,265,1
207,716,1
207,657,1
207,905,1
207,295,1
207,220,1
208,406,1
208,608,1
208,323,1
208,482,1
208,322,1
208,865,1
208,716,1
208,856,1
208,266,1
208,905,1
208,766,1
208,220,1
208,612,1
208,801,1
208,230,1
208,842,1
208,824,1
208,663,1
208,773,1
208,893,1
208,863,1
208,265,1
208,369,1
208,714,1
208,389,1
208,657,1
209,289,1
209,451,1
209,218,1
209,717,1
209,685,1
209,278,1
209,552,1
209,688,1
209,213,1
209,578,1
209,313,1
209,367,1
209,632,1
209,536,1
209,822,1
209,257,1
209,491,1
209,254,1
209,252,1
209,469,1
209,623,1
209,666,1
209,462,1
209,394,1
209,441,1
209,312,1
209,245,1
209,424,1
209,368,1
209,492,1
209,499,1
209,417,1
209,294,1
209,574,1
209,251,1
209,457,1
209,320,1
209,226,1
209,349,1
210,304,1
210,245,1
210,259,1
210,522,1
210,359,1
210,313,1
210,401,1
210,651,1
210,620,1
210,627,1
210,393,1
210,354,1
210,347,1
210,468,1
210,570,1
210,473,1
210,687,1
210,324,1
210,315,1
210,253,1
210,261,1
210,294,1
210,819,1
210,262,1
210,467,1
210,326,1
210,574,1
210,241,1
210,492,1
210,426,1
210,299,1
210,527,1
210,376,1
210,225,1
210,933,1
210,293,1
210,218,1
210,243,1
210,301,1
210,402,1
210,632,1
210,520,1
210,288,1
210,289,1
210,232,1
210,348,1
210,325,1
210,430,1
210,331,1
210,495,1
210,488,1
210,560,1
210,397,1
211,212,1
211,246,1
211,233,1
211,690,1
211,708,1
211,723,1
211,703,1
211,734,1
211,446,1
211,678,1
211,281,1
211,227,1
211,337,1
211,352,1
211,517,1
211,483,1
211,799,1
211,490,1
211,752,1
211,240,1
211,458,1
211,307,1
211,550,1
211,724,1
211,336,1
211,470,1
211,988,1
211,637,1
211,445,1
211,248,1
211,945,1
211,580,1
211,735,1
211,431,1
211,216,1
211,518,1
211,548,1
211,842,1
211,640,1
211,772,1
211,239,1
211,447,1
211,250,1
211,744,1
211,587,1
211,377,1
211,777,1
211,432,1
211,228,1
211,412,1
211,770,1
211,700,1
211,234,1
211,679,1
211,371,1
211,702,1
211,573,1
211,878,1
211,539,1
211,626,1
211,282,1
211,812,1
211,907,1
211,444,1
211,330,1
211,398,1
211,380,1
211,434,1
211,534,1
211,880,1
211,280,1
211,590,1
211,500,1
211,546,1
211,579,1
211,333,1
211,501,1
211,618,1
212,548,1
212,550,1
212,723,1
212,239,1
212,690,1
212,945,1
212,431,1
212,330,1
212,735,1
212,336,1
212,446,1
212,579,1
212,640,1
212,307,1
212,587,1
212,988,1
212,501,1
212,444,1
212,445,1
212,734,1
212,337,1
212,618,1
212,626,1
212,500,1
212,227,1
212,228,1
212,724,1
212,517,1
212,777,1
212,281,1
212,412,1
212,432,1
213,503,1
213,507,1
213,571,1
213,279,1
213,687,1
213,325,1
213,218,1
213,795,1
213,487,1
213,326,1
213,717,1
213,236,1
213,226,1
213,331,1
213,469,1
213,417,1
213,425,1
213,602,1
213,856,1
213,402,1
213,261,1
213,219,1
213,462,1
213,441,1
213,492,1
213,671,1
213,299,1
213,252,1
213,319,1
213,635,1
213,271,1
213,498,1
213,301,1
213,399,1
213,725,1
213,328,1
213,866,1
213,302,1
213,426,1
213,451,1
213,245,1
213,368,1
213,527,1
213,478,1
213,305,1
213,552,1
213,387,1
214,215,1
214,584,1
214,468,1
214,376,1
214,488,1
214,315,1
214,354,1
214,560,1
214,316,1
214,522,1
214,243,1
214,395,1
214,218,1
214,570,1
214,401,1
214,439,1
214,351,1
214,467,1
214,288,1
214,430,1
214,495,1
214,661,1
214,651,1
214,473,1
215,584,1
215,344,1
215,464,1
215,452,1
215,710,1
215,515,1
215,620,1
215,259,1
215,313,1
215,261,1
215,347,1
215,467,1
215,328,1
215,426,1
215,316,1
215,570,1
215,473,1
215,468,1
215,294,1
215,253,1
215,258,1
215,651,1
215,527,1
215,456,1
215,293,1
215,652,1
215,303,1
215,536,1
215,441,1
215,427,1
215,354,1
215,402,1
215,247,1
215,395,1
215,430,1
215,492,1
215,359,1
215,520,1
215,251,1
215,309,1
215,274,1
215,245,1
215,401,1
215,325,1
215,306,1
215,260,1
215,298,1
215,348,1
215,321,1
215,376,1
215,368,1
215,301,1
215,522,1
215,320,1
215,232,1
215,649,1
215,605,1
216,217,1
216,490,1
216,734,1
216,534,1
216,412,1
216,689,1
216,607,1
216,557,1
216,248,1
216,233,1
216,708,1
216,352,1
216,460,1
216,483,1
216,609,1
216,470,1
216,636,1
216,458,1
216,543,1
216,280,1
216,434,1
216,539,1
216,333,1
216,489,1
216,444,1
216,466,1
216,374,1
216,789,1
216,681,1
216,752,1
216,239,1
216,878,1
216,988,1
216,435,1
216,803,1
216,864,1
216,518,1
216,573,1
216,558,1
216,826,1
216,332,1
216,759,1
216,231,1
216,521,1
216,227,1
216,577,1
216,433,1
216,770,1
216,546,1
216,637,1
216,250,1
216,371,1
216,590,1
216,589,1
216,448,1
216,436,1
216,380,1
216,240,1
216,330,1
216,327,1
216,437,1
217,557,1
217,412,1
217,280,1
217,489,1
217,380,1
217,437,1
217,227,1
217,516,1
217,240,1
217,592,1
217,546,1
217,460,1
217,636,1
217,534,1
217,518,1
217,434,1
217,222,1
217,573,1
217,752,1
217,483,1
217,762,1
217,759,1
217,521,1
218,219,1
218,262,1
218,571,1
218,313,1
218,401,1
218,670,1
218,717,1
218,271,1
218,469,1
218,635,1
218,701,1
218,298,1
218,328,1
218,393,1
218,602,1
218,236,1
218,304,1
218,671,1
218,247,1
218,649,1
218,309,1
218,611,1
218,300,1
218,257,1
218,232,1
218,325,1
218,226,1
218,574,1
218,473,1
218,301,1
218,661,1
218,354,1
218,496,1
218,686,1
218,321,1
218,709,1
218,368,1
218,395,1
218,381,1
218,467,1
218,359,1
218,245,1
218,438,1
218,302,1
218,294,1
218,376,1
218,258,1
218,259,1
218,520,1
218,278,1
218,251,1
218,424,1
218,685,1
218,347,1
218,394,1
218,299,1
218,415,1
218,455,1
218,620,1
218,462,1
218,578,1
218,477,1
218,488,1
218,476,1
218,305,1
218,601,1
218,795,1
218,451,1
218,319,1
218,256,1
218,326,1
218,687,1
218,492,1
218,225,1
218,464,1
218,522,1
218,303,1
218,439,1
218,725,1
218,922,1
218,570,1
218,440,1
218,992,1
218,402,1
218,495,1
218,666,1
218,456,1
218,452,1
218,745,1
218,560,1
218,430,1
218,235,1
218,387,1
218,556,1
218,279,1
218,416,1
218,260,1
218,249,1
218,243,1
218,403,1
218,334,1
218,390,1
218,846,1
218,320,1
218,241,1
218,527,1
218,933,1
218,253,1
218,537,1
218,324,1
218,653,1
218,331,1
218,288,1
218,629,1
218,289,1
218,651,1
218,515,1
218,426,1
218,682,1
218,441,1
218,559,1
218,348,1
218,261,1
218,507,1
218,414,1
218,306,1
218,491,1
218,351,1
218,696,1
218,468,1
218,293,1
218,316,1
219,331,1
219,271,1
219,261,1
219,375,1
219,390,1
219,241,1
219,325,1
219,424,1
219,492,1
219,305,1
219,417,1
219,438,1
219,602,1
219,226,1
219,368,1
219,294,1
219,455,1
219,666,1
219,462,1
219,452,1
219,529,1
219,469,1
219,320,1
219,415,1
219,402,1
219,717,1
219,578,1
219,795,1
219,259,1
219,399,1
219,632,1
219,251,1
219,491,1
219,298,1
219,249,1
219,252,1
219,289,1
219,334,1
219,272,1
219,247,1
219,451,1
219,313,1
219,601,1
219,328,1
219,302,1
219,571,1
219,552,1
219,414,1
219,498,1
219,304,1
219,696,1
219,507,1
219,715,1
220,221,1
220,774,1
220,612,1
220,265,1
220,706,1
220,388,1
220,481,1
220,323,1
220,905,1
220,229,1
220,657,1
220,813,1
220,716,1
220,663,1
220,714,1
220,369,1
220,230,1
220,370,1
220,482,1
220,389,1
220,266,1
220,295,1
221,266,1
221,482,1
221,766,1
221,522,1
221,663,1
221,481,1
221,295,1
221,369,1
221,370,1
221,608,1
221,230,1
221,322,1
221,706,1
221,229,1
221,863,1
222,594,1
222,436,1
222,654,1
222,521,1
222,534,1
222,227,1
222,434,1
222,460,1
222,752,1
222,681,1
222,380,1
222,332,1
222,248,1
222,466,1
222,412,1
222,489,1
222,231,1
222,483,1
222,360,1
222,546,1
222,826,1
222,240,1
222,789,1
222,435,1
223,224,1
223,698,1
223,943,1
223,596,1
223,509,1
223,355,1
223,728,1
223,843,1
223,662,1
223,587,1
223,822,1
223,847,1
223,368,1
223,343,1
223,944,1
223,656,1
223,543,1
223,729,1
223,574,1
223,875,1
223,752,1
224,428,1
224,450,1
224,383,1
224,847,1
224,656,1
224,508,1
224,802,1
224,876,1
224,283,1
224,294,1
224,366,1
224,244,1
224,461,1
224,764,1
224,361,1
224,276,1
224,449,1
224,875,1
224,760,1
224,264,1
224,665,1
224,409,1
224,639,1
224,662,1
224,950,1
224,355,1
224,279,1
224,512,1
224,680,1
224,226,1
224,275,1
224,368,1
224,378,1
224,666,1
224,912,1
224,349,1
224,638,1
224,385,1
224,513,1
224,728,1
224,424,1
225,394,1
225,262,1
225,304,1
225,459,1
225,687,1
225,294,1
225,401,1
225,319,1
225,313,1
225,300,1
225,738,1
225,328,1
225,261,1
225,620,1
225,331,1
225,402,1
225,492,1
225,354,1
225,299,1
225,467,1
225,491,1
225,520,1
225,574,1
225,347,1
225,438,1
225,324,1
225,326,1
225,457,1
225,745,1
225,652,1
225,298,1
225,260,1
225,424,1
225,451,1
225,529,1
225,314,1
225,241,1
225,426,1
225,386,1
225,256,1
225,582,1
225,390,1
225,452,1
225,530,1
225,393,1
225,397,1
225,605,1
225,321,1
225,367,1
225,536,1
225,427,1
225,245,1
225,464,1
225,359,1
225,325,1
225,305,1
225,335,1
225,293,1
225,257,1
225,627,1
225,570,1
225,344,1
225,259,1
225,278,1
225,488,1
225,302,1
225,601,1
225,289,1
225,236,1
225,376,1
225,499,1
225,507,1
225,527,1
225,498,1
225,301,1
225,522,1
225,610,1
225,666,1
225,537,1
225,651,1
225,348,1
226,313,1
226,487,1
226,279,1
226,491,1
226,320,1
226,666,1
226,503,1
226,254,1
226,688,1
226,958,1
226,271,1
226,364,1
226,778,1
226,717,1
226,251,1
226,469,1
226,665,1
226,261,1
226,367,1
226,671,1
226,462,1
226,375,1
226,399,1
226,368,1
226,552,1
226,241,1
226,571,1
226,312,1
226,243,1
226,441,1
226,498,1
226,252,1
226,608,1
226,476,1
226,457,1
226,304,1
226,328,1
226,685,1
226,417,1
226,602,1
226,785,1
226,259,1
226,662,1
226,499,1
226,268,1
226,294,1
226,527,1
226,440,1
226,390,1
226,632,1
226,795,1
226,841,1
226,394,1
226,257,1
226,451,1
226,536,1
226,916,1
226,492,1
226,302,1
227,228,1
227,239,1
227,700,1
227,233,1
227,579,1
227,812,1
227,587,1
227,798,1
227,240,1
227,640,1
227,734,1
227,246,1
227,777,1
227,431,1
227,551,1
227,580,1
227,501,1
227,337,1
227,447,1
227,945,1
227,548,1
227,735,1
227,281,1
227,446,1
227,749,1
227,550,1
227,546,1
227,518,1
227,364,1
227,534,1
227,330,1
227,432,1
227,723,1
227,557,1
227,385,1
227,412,1
227,307,1
227,444,1
227,772,1
227,352,1
227,398,1
227,521,1
227,592,1
227,329,1
227,770,1
228,691,1
228,812,1
228,734,1
228,735,1
228,432,1
228,337,1
228,431,1
228,307,1
228,517,1
228,548,1
228,799,1
228,772,1
228,500,1
228,690,1
228,626,1
228,281,1
228,445,1
228,945,1
228,579,1
228,988,1
228,700,1
228,246,1
228,336,1
228,770,1
228,412,1
228,550,1
228,446,1
228,501,1
228,587,1
229,230,1
229,265,1
229,612,1
229,295,1
229,657,1
229,706,1
229,388,1
229,774,1
229,481,1
229,613,1
229,716,1
229,266,1
229,714,1
229,800,1
229,813,1
229,389,1
230,824,1
230,406,1
230,674,1
230,905,1
230,443,1
230,612,1
230,663,1
230,773,1
230,323,1
230,716,1
230,265,1
230,813,1
230,322,1
230,608,1
230,865,1
230,389,1
230,766,1
230,482,1
230,863,1
230,657,1
230,388,1
230,295,1
231,433,1
231,521,1
231,239,1
231,489,1
231,752,1
231,732,1
231,518,1
231,437,1
231,435,1
231,470,1
231,557,1
231,434,1
231,826,1
231,789,1
231,458,1
231,534,1
231,615,1
231,280,1
231,281,1
231,516,1
231,550,1
231,483,1
231,762,1
231,546,1
231,412,1
231,248,1
231,380,1
231,594,1
231,352,1
231,240,1
231,636,1
232,701,1
232,527,1
232,309,1
232,259,1
232,247,1
232,320,1
232,682,1
232,294,1
232,491,1
232,469,1
232,477,1
232,253,1
232,916,1
232,359,1
232,556,1
232,306,1
232,468,1
232,569,1
232,847,1
232,314,1
232,289,1
232,467,1
232,368,1
232,257,1
232,426,1
232,495,1
232,685,1
232,498,1
232,646,1
232,260,1
232,886,1
232,584,1
232,462,1
232,464,1
232,478,1
232,348,1
232,395,1
232,399,1
232,245,1
232,258,1
232,522,1
232,670,1
232,666,1
232,649,1
232,570,1
232,438,1
232,328,1
232,560,1
232,440,1
232,620,1
232,351,1
232,376,1
232,261,1
232,520,1
232,547,1
232,347,1
232,492,1
232,496,1
232,526,1
232,456,1
232,316,1
232,303,1
232,561,1
232,319,1
232,325,1
232,324,1
232,427,1
232,430,1
233,234,1
233,352,1
233,413,1
233,434,1
233,437,1
233,436,1
233,239,1
233,489,1
233,412,1
233,594,1
233,690,1
233,732,1
233,590,1
233,607,1
233,516,1
233,708,1
233,483,1
233,332,1
233,546,1
233,557,1
233,826,1
233,431,1
233,592,1
233,333,1
233,448,1
233,759,1
233,702,1
233,521,1
233,772,1
233,543,1
233,577,1
233,240,1
233,460,1
233,789,1
233,534,1
233,752,1
233,380,1
233,435,1
234,470,1
234,333,1
234,501,1
234,636,1
234,280,1
234,360,1
234,546,1
234,413,1
234,539,1
234,458,1
234,590,1
234,437,1
234,434,1
234,518,1
234,594,1
234,732,1
234,460,1
234,557,1
234,364,1
234,358,1
234,436,1
234,412,1
234,489,1
234,483,1
234,803,1
234,248,1
234,592,1
234,708,1
234,433,1
234,466,1
235,259,1
235,313,1
235,682,1
235,272,1
235,571,1
235,547,1
235,274,1
235,635,1
235,464,1
235,520,1
235,344,1
235,303,1
235,376,1
235,661,1
235,403,1
235,440,1
235,319,1
235,671,1
235,390,1
235,496,1
235,253,1
235,522,1
235,456,1
235,271,1
235,348,1
235,452,1
235,302,1
235,328,1
235,387,1
235,245,1
235,304,1
235,515,1
235,351,1
235,236,1
235,258,1
235,620,1
235,247,1
235,402,1
235,243,1
235,260,1
235,670,1
235,331,1
235,476,1
235,477,1
235,438,1
235,425,1
235,395,1
235,455,1
235,306,1
235,701,1
235,334,1
235,289,1
235,399,1
235,570,1
235,325,1
235,686,1
235,354,1
235,601,1
235,651,1
235,416,1
235,685,1
235,294,1
235,309,1
235,359,1
235,314,1
235,560,1
235,561,1
236,642,1
236,725,1
236,386,1
236,507,1
236,699,1
236,401,1
236,293,1
236,701,1
236,262,1
236,415,1
236,299,1
236,335,1
236,522,1
236,653,1
236,347,1
236,846,1
236,559,1
236,527,1
236,314,1
236,294,1
236,272,1
236,326,1
236,611,1
236,301,1
236,425,1
236,827,1
236,602,1
236,529,1
236,866,1
236,348,1
236,462,1
236,325,1
236,271,1
236,376,1
236,245,1
237,238,1
237,307,1
237,849,1
237,285,1
237,960,1
237,707,1
237,308,1
237,859,1
237,969,1
237,850,1
237,340,1
237,744,1
237,286,1
237,860,1
237,718,1
237,775,1
237,784,1
237,818,1
238,744,1
238,308,1
238,523,1
238,707,1
238,340,1
238,859,1
238,307,1
238,818,1
238,775,1
238,718,1
238,850,1
238,784,1
239,240,1
239,398,1
239,446,1
239,587,1
239,735,1
239,307,1
239,557,1
239,744,1
239,636,1
239,551,1
239,333,1
239,749,1
239,880,1
239,546,1
239,812,1
239,798,1
239,517,1
239,280,1
239,550,1
239,589,1
239,777,1
239,723,1
239,659,1
239,681,1
239,432,1
239,330,1
239,580,1
239,329,1
239,573,1
239,890,1
239,640,1
239,724,1
239,637,1
239,518,1
239,618,1
239,703,1
239,377,1
239,534,1
239,799,1
239,336,1
239,988,1
239,579,1
239,945,1
239,544,1
239,734,1
239,435,1
239,500,1
240,490,1
240,521,1
240,352,1
240,643,1
240,607,1
240,534,1
240,546,1
240,681,1
240,281,1
240,679,1
240,789,1
240,557,1
240,458,1
240,436,1
240,636,1
240,762,1
240,702,1
240,735,1
240,433,1
240,412,1
240,752,1
240,248,1
240,333,1
240,466,1
240,590,1
240,470,1
240,518,1
240,434,1
240,398,1
240,759,1
240,460,1
240,327,1
240,577,1
240,371,1
240,489,1
240,366,1
240,437,1
240,380,1
240,435,1
240,332,1
240,280,1
240,550,1
241,242,1
241,278,1
241,623,1
241,321,1
241,259,1
241,354,1
241,313,1
241,424,1
241,488,1
241,414,1
241,527,1
241,520,1
241,304,1
241,320,1
241,522,1
241,451,1
241,632,1
241,515,1
241,552,1
241,462,1
241,303,1
241,312,1
241,261,1
241,492,1
241,574,1
241,309,1
241,324,1
241,298,1
241,536,1
241,469,1
241,717,1
241,456,1
241,426,1
241,376,1
241,245,1
241,537,1
241,666,1
241,390,1
241,429,1
241,367,1
241,294,1
241,491,1
241,347,1
241,688,1
241,260,1
241,257,1
241,247,1
241,620,1
241,397,1
241,344,1
241,438,1
241,393,1
241,687,1
241,457,1
241,326,1
241,652,1
241,578,1
241,464,1
241,289,1
241,427,1
241,299,1
241,328,1
241,325,1
241,258,1
241,251,1
242,509,1
242,414,1
242,739,1
242,314,1
242,750,1
242,977,1
242,1007,1
242,695,1
242,982,1
242,326,1
242,684,1
242,962,1
242,415,1
243,244,1
243,319,1
243,381,1
243,348,1
243,571,1
243,671,1
243,288,1
243,430,1
243,476,1
243,289,1
243,456,1
243,686,1
243,452,1
243,704,1
243,376,1
243,353,1
243,665,1
243,556,1
243,359,1
243,316,1
243,439,1
243,701,1
243,682,1
243,328,1
243,304,1
243,277,1
243,876,1
243,324,1
243,264,1
243,258,1
243,529,1
243,331,1
243,933,1
243,661,1
243,685,1
243,502,1
243,368,1
243,547,1
243,496,1
243,306,1
243,620,1
243,279,1
243,651,1
243,253,1
243,325,1
243,602,1
243,687,1
243,440,1
243,468,1
243,464,1
243,520,1
243,570,1
243,477,1
243,299,1
243,478,1
243,309,1
243,315,1
243,515,1
243,670,1
243,302,1
243,847,1
243,260,1
243,560,1
243,294,1
243,334,1
243,522,1
243,271,1
243,401,1
243,351,1
243,403,1
243,890,1
243,387,1
243,495,1
243,247,1
243,942,1
243,278,1
243,673,1
244,279,1
244,270,1
244,1006,1
244,874,1
244,424,1
244,665,1
244,662,1
244,410,1
244,511,1
244,408,1
244,513,1
244,999,1
244,302,1
244,950,1
244,368,1
244,409,1
244,764,1
244,264,1
245,299,1
245,416,1
245,302,1
245,271,1
245,331,1
245,569,1
245,527,1
245,642,1
245,279,1
245,335,1
245,415,1
245,552,1
245,300,1
245,326,1
245,351,1
245,278,1
245,611,1
245,632,1
245,247,1
245,456,1
245,256,1
245,249,1
245,452,1
245,459,1
245,451,1
245,725,1
245,462,1
245,464,1
245,301,1
245,399,1
245,309,1
245,272,1
245,536,1
245,262,1
245,393,1
245,574,1
245,666,1
245,328,1
245,426,1
245,305,1
245,441,1
245,344,1
245,274,1
245,582,1
245,424,1
245,258,1
245,313,1
245,866,1
245,559,1
245,507,1
245,627,1
245,289,1
245,402,1
245,438,1
245,306,1
245,696,1
245,846,1
245,427,1
245,425,1
245,687,1
245,417,1
245,325,1
245,348,1
245,387,1
245,324,1
245,257,1
245,671,1
245,488,1
245,376,1
245,602,1
245,294,1
245,620,1
245,720,1
245,261,1
245,298,1
245,492,1
245,319,1
245,390,1
245,304,1
245,334,1
245,312,1
245,314,1
245,570,1
245,652,1
245,578,1
245,347,1
245,303,1
245,354,1
245,254,1
245,469,1
245,251,1
245,738,1
245,414,1
246,544,1
246,336,1
246,517,1
246,250,1
246,447,1
246,880,1
246,337,1
246,307,1
246,592,1
246,330,1
246,523,1
246,431,1
246,626,1
246,703,1
246,564,1
246,744,1
246,690,1
246,579,1
246,648,1
246,770,1
246,446,1
246,445,1
246,777,1
246,548,1
246,501,1
246,595,1
246,281,1
246,752,1
246,444,1
246,550,1
246,518,1
246,472,1
246,432,1
246,587,1
246,713,1
246,640,1
246,383,1
246,724,1
246,734,1
246,538,1
246,907,1
246,618,1
247,253,1
247,271,1
247,414,1
247,605,1
247,416,1
247,520,1
247,570,1
247,415,1
247,623,1
247,464,1
247,301,1
247,522,1
247,289,1
247,277,1
247,399,1
247,492,1
247,354,1
247,574,1
247,507,1
247,309,1
247,313,1
247,477,1
247,325,1
247,294,1
247,584,1
247,440,1
247,635,1
247,401,1
247,249,1
247,274,1
247,402,1
247,359,1
247,473,1
247,426,1
247,666,1
247,670,1
247,306,1
247,351,1
247,571,1
247,459,1
247,661,1
247,397,1
247,316,1
247,682,1
247,495,1
247,393,1
247,257,1
247,303,1
247,452,1
247,560,1
247,298,1
247,488,1
247,847,1
247,467,1
247,686,1
247,498,1
247,321,1
247,651,1
247,627,1
247,439,1
247,320,1
247,304,1
247,381,1
247,324,1
247,376,1
247,331,1
247,430,1
247,261,1
247,258,1
247,620,1
247,403,1
248,412,1
248,327,1
248,590,1
248,803,1
248,466,1
248,413,1
248,752,1
248,448,1
248,489,1
248,546,1
248,679,1
248,643,1
248,470,1
248,878,1
248,689,1
248,333,1
248,539,1
248,501,1
248,615,1
248,534,1
248,589,1
248,435,1
248,592,1
248,702,1
248,371,1
248,352,1
248,607,1
248,518,1
248,433,1
248,659,1
248,434,1
248,436,1
248,557,1
248,458,1
248,636,1
248,762,1
248,826,1
248,490,1
248,849,1
248,332,1
248,360,1
248,280,1
248,521,1
249,325,1
249,309,1
249,701,1
249,415,1
249,825,1
249,492,1
249,279,1
249,725,1
249,262,1
249,456,1
249,387,1
249,272,1
249,319,1
249,347,1
249,261,1
249,426,1
249,376,1
249,414,1
249,300,1
249,861,1
249,933,1
249,602,1
249,301,1
249,498,1
249,417,1
249,328,1
249,334,1
249,402,1
249,298,1
249,393,1
249,606,1
249,331,1
249,305,1
249,304,1
249,922,1
249,629,1
249,462,1
249,627,1
250,412,1
250,380,1
250,444,1
250,282,1
250,789,1
250,550,1
250,330,1
250,432,1
250,431,1
250,337,1
250,281,1
250,724,1
250,626,1
250,689,1
250,770,1
250,543,1
250,377,1
250,435,1
250,945,1
250,501,1
250,723,1
250,587,1
250,579,1
250,678,1
250,517,1
250,700,1
250,573,1
250,516,1
250,735,1
250,446,1
250,445,1
250,640,1
250,447,1
250,548,1
250,734,1
251,252,1
251,261,1
251,424,1
251,620,1
251,376,1
251,492,1
251,402,1
251,426,1
251,582,1
251,255,1
251,687,1
251,685,1
251,367,1
251,328,1
251,416,1
251,671,1
251,578,1
251,313,1
251,469,1
251,304,1
251,294,1
251,560,1
251,438,1
251,317,1
251,696,1
251,331,1
251,381,1
251,417,1
251,464,1
251,717,1
251,561,1
251,536,1
251,394,1
251,537,1
251,298,1
251,451,1
251,570,1
251,916,1
251,334,1
251,257,1
251,271,1
251,312,1
251,321,1
251,254,1
251,574,1
251,666,1
251,289,1
251,476,1
251,440,1
251,390,1
251,632,1
251,922,1
251,699,1
251,441,1
251,368,1
251,527,1
251,709,1
251,491,1
251,320,1
251,278,1
251,259,1
251,427,1
251,649,1
252,317,1
252,574,1
252,503,1
252,255,1
252,795,1
252,312,1
252,740,1
252,729,1
252,417,1
252,832,1
252,614,1
252,668,1
252,441,1
252,778,1
252,728,1
252,552,1
252,368,1
252,276,1
252,623,1
252,650,1
252,782,1
252,717,1
252,688,1
252,461,1
252,399,1
252,543,1
252,294,1
252,469,1
252,836,1
252,565,1
252,254,1
252,755,1
252,350,1
252,263,1
252,339,1
252,680,1
252,600,1
252,343,1
252,502,1
252,264,1
252,304,1
252,540,1
252,685,1
252,487,1
252,619,1
252,451,1
252,866,1
252,283,1
252,692,1
252,271,1
252,593,1
253,651,1
253,424,1
253,661,1
253,402,1
253,459,1
253,309,1
253,686,1
253,258,1
253,439,1
253,289,1
253,488,1
253,430,1
253,669,1
253,520,1
253,381,1
253,304,1
253,440,1
253,298,1
253,456,1
253,561,1
253,467,1
253,320,1
253,397,1
253,395,1
253,325,1
253,334,1
253,477,1
253,620,1
253,560,1
253,685,1
253,687,1
253,478,1
253,491,1
253,278,1
253,522,1
253,306,1
253,492,1
253,921,1
253,394,1
253,496,1
253,303,1
253,376,1
253,416,1
253,515,1
253,351,1
253,556,1
253,294,1
253,387,1
253,271,1
253,328,1
253,671,1
253,495,1
253,260,1
253,261,1
253,403,1
253,348,1
253,670,1
253,316,1
253,415,1
253,279,1
253,682,1
254,255,1
254,363,1
254,457,1
254,688,1
254,298,1
254,312,1
254,317,1
254,261,1
254,569,1
254,289,1
254,451,1
254,536,1
254,574,1
254,717,1
254,417,1
254,441,1
254,685,1
254,499,1
254,552,1
254,343,1
254,469,1
254,623,1
254,492,1
254,294,1
254,313,1
254,278,1
254,602,1
254,632,1
255,555,1
255,673,1
255,717,1
255,709,1
255,298,1
255,339,1
255,653,1
255,889,1
255,666,1
255,591,1
255,278,1
255,289,1
255,394,1
255,317,1
255,916,1
255,754,1
255,843,1
255,684,1
255,343,1
255,424,1
255,596,1
255,698,1
255,578,1
255,320,1
255,306,1
255,443,1
255,294,1
255,331,1
255,755,1
255,491,1
255,928,1
255,492,1
255,498,1
255,402,1
255,390,1
255,845,1
255,399,1
255,875,1
255,494,1
255,983,1
255,646,1
255,696,1
256,257,1
256,320,1
256,582,1
256,259,1
256,261,1
256,601,1
256,416,1
256,397,1
256,301,1
256,368,1
256,376,1
256,325,1
256,359,1
256,328,1
256,324,1
256,515,1
256,331,1
256,666,1
256,427,1
256,738,1
256,289,1
256,279,1
256,687,1
256,321,1
256,415,1
256,390,1
256,537,1
256,402,1
256,491,1
256,334,1
256,313,1
256,438,1
256,507,1
256,347,1
256,319,1
256,527,1
256,258,1
256,305,1
256,303,1
256,635,1
256,559,1
256,304,1
256,326,1
256,393,1
256,725,1
256,302,1
256,488,1
256,426,1
256,387,1
256,271,1
257,331,1
257,328,1
257,367,1
257,593,1
257,507,1
257,441,1
257,259,1
257,368,1
257,491,1
257,578,1
257,317,1
257,651,1
257,313,1
257,320,1
257,623,1
257,348,1
257,520,1
257,347,1
257,375,1
257,299,1
257,627,1
257,424,1
257,394,1
257,560,1
257,289,1
257,469,1
257,438,1
257,359,1
257,402,1
257,293,1
257,452,1
257,456,1
257,258,1
257,605,1
257,430,1
257,464,1
257,498,1
257,632,1
257,582,1
257,325,1
257,294,1
257,312,1
257,457,1
257,574,1
257,304,1
257,354,1
257,353,1
257,467,1
257,552,1
257,488,1
257,397,1
257,395,1
257,666,1
257,536,1
257,321,1
257,530,1
257,401,1
257,522,1
257,527,1
257,390,1
257,344,1
257,427,1
257,537,1
257,278,1
257,426,1
257,687,1
257,620,1
257,301,1
257,277,1
257,260,1
257,324,1
257,261,1
257,303,1
257,451,1
257,688,1
257,376,1
257,715,1
257,319,1
257,499,1
257,306,1
257,417,1
257,492,1
258,324,1
258,348,1
258,271,1
258,393,1
258,498,1
258,651,1
258,354,1
258,403,1
258,646,1
258,671,1
258,416,1
258,387,1
258,438,1
258,464,1
258,666,1
258,326,1
258,261,1
258,303,1
258,279,1
258,390,1
258,304,1
258,402,1
258,316,1
258,331,1
258,334,1
258,522,1
258,507,1
258,476,1
258,294,1
258,492,1
258,376,1
258,687,1
258,670,1
258,547,1
258,278,1
258,344,1
258,426,1
258,701,1
258,685,1
258,620,1
258,459,1
258,424,1
258,696,1
258,359,1
258,661,1
258,399,1
258,309,1
258,394,1
258,260,1
258,477,1
258,455,1
258,473,1
258,682,1
258,561,1
258,274,1
258,452,1
258,313,1
258,441,1
258,570,1
258,320,1
258,298,1
258,559,1
258,605,1
258,715,1
258,289,1
258,305,1
258,635,1
258,325,1
258,571,1
258,462,1
258,556,1
258,328,1
258,439,1
258,515,1
258,319,1
258,456,1
258,351,1
258,496,1
258,795,1
258,301,1
258,440,1
258,427,1
258,299,1
258,306,1
259,317,1
259,574,1
259,328,1
259,488,1
259,797,1
259,260,1
259,620,1
259,313,1
259,402,1
259,347,1
259,457,1
259,320,1
259,582,1
259,469,1
259,666,1
259,537,1
259,294,1
259,312,1
259,289,1
259,278,1
259,627,1
259,699,1
259,397,1
259,491,1
259,496,1
259,394,1
259,560,1
259,632,1
259,368,1
259,353,1
259,298,1
259,426,1
259,376,1
259,623,1
259,492,1
259,390,1
259,354,1
259,375,1
259,261,1
259,515,1
259,301,1
259,293,1
259,578,1
259,464,1
259,424,1
259,324,1
259,325,1
259,451,1
259,438,1
259,522,1
259,326,1
259,452,1
259,321,1
259,367,1
259,427,1
260,438,1
260,354,1
260,440,1
260,520,1
260,416,1
260,847,1
260,464,1
260,298,1
260,560,1
260,584,1
260,570,1
260,620,1
260,359,1
260,495,1
260,452,1
260,304,1
260,261,1
260,522,1
260,430,1
260,670,1
260,381,1
260,426,1
260,492,1
260,289,1
260,488,1
260,699,1
260,309,1
260,351,1
260,477,1
260,288,1
260,294,1
260,395,1
260,303,1
260,401,1
260,325,1
260,686,1
260,324,1
260,302,1
260,320,1
260,424,1
260,682,1
260,376,1
260,651,1
260,605,1
260,467,1
260,321,1
260,306,1
260,347,1
260,661,1
260,473,1
260,652,1
261,309,1
261,367,1
261,430,1
261,328,1
261,464,1
261,747,1
261,496,1
261,402,1
261,354,1
261,417,1
261,320,1
261,569,1
261,574,1
261,560,1
261,627,1
261,319,1
261,536,1
261,326,1
261,537,1
261,263,1
261,395,1
261,635,1
261,688,1
261,303,1
261,649,1
261,313,1
261,559,1
261,522,1
261,426,1
261,578,1
261,492,1
261,570,1
261,462,1
261,666,1
261,293,1
261,321,1
261,401,1
261,456,1
261,451,1
261,457,1
261,289,1
261,376,1
261,427,1
261,661,1
261,473,1
261,394,1
261,348,1
261,527,1
261,298,1
261,351,1
261,623,1
261,312,1
261,299,1
261,304,1
261,262,1
261,368,1
261,324,1
261,301,1
261,393,1
261,488,1
261,520,1
261,632,1
261,331,1
261,652,1
261,316,1
261,390,1
261,278,1
261,552,1
261,353,1
261,315,1
261,593,1
261,359,1
261,696,1
261,294,1
261,438,1
261,336,1
261,325,1
261,452,1
261,687,1
261,424,1
261,347,1
261,387,1
261,441,1
261,701,1
261,491,1
261,469,1
261,467,1
261,317,1
261,620,1
261,344,1
261,582,1
261,302,1
261,499,1
261,375,1
261,495,1
262,299,1
262,425,1
262,397,1
262,674,1
262,424,1
262,652,1
262,386,1
262,414,1
262,402,1
262,530,1
262,467,1
262,393,1
262,794,1
262,462,1
262,289,1
262,602,1
262,738,1
262,745,1
262,288,1
262,529,1
262,324,1
262,319,1
262,675,1
262,426,1
262,294,1
262,325,1
262,376,1
262,326,1
262,300,1
262,401,1
262,527,1
262,387,1
262,569,1
262,687,1
262,314,1
262,303,1
262,739,1
262,415,1
262,493,1
262,704,1
262,335,1
262,301,1
262,394,1
262,507,1
262,751,1
262,610,1
262,293,1
262,701,1
262,334,1
262,459,1
262,699,1
262,347,1
262,375,1
263,264,1
263,497,1
263,600,1
263,471,1
263,728,1
263,740,1
263,349,1
263,680,1
263,921,1
263,778,1
263,276,1
263,508,1
263,832,1
263,641,1
263,1025,1
263,540,1
263,283,1
263,461,1
263,565,1
263,822,1
263,614,1
263,365,1
263,692,1
263,791,1
263,926,1
263,891,1
263,502,1
263,519,1
263,575,1
263,599,1
263,382,1
263,606,1
264,368,1
264,658,1
264,476,1
264,802,1
264,343,1
264,915,1
264,382,1
264,836,1
264,276,1
264,749,1
264,950,1
264,275,1
264,942,1
264,279,1
264,665,1
264,575,1
264,654,1
264,764,1
264,565,1
264,597,1
264,952,1
264,502,1
264,755,1
264,349,1
264,429,1
264,891,1
264,366,1
264,440,1
264,508,1
264,497,1
264,834,1
264,729,1
264,606,1
264,593,1
264,778,1
264,543,1
264,540,1
264,854,1
264,668,1
264,662,1
264,832,1
264,385,1
264,362,1
264,519,1
264,383,1
264,876,1
265,266,1
265,716,1
265,442,1
265,773,1
265,657,1
265,613,1
265,863,1
265,674,1
265,971,1
265,905,1
265,481,1
265,663,1
265,389,1
265,893,1
265,813,1
265,824,1
265,388,1
265,370,1
265,855,1
265,553,1
265,476,1
265,323,1
265,369,1
265,714,1
265,865,1
265,766,1
265,322,1
265,443,1
265,406,1
265,612,1
265,482,1
265,706,1
265,268,1
265,842,1
266,657,1
266,905,1
266,873,1
266,706,1
266,865,1
266,716,1
266,766,1
266,291,1
266,612,1
266,369,1
266,906,1
266,781,1
266,389,1
266,663,1
266,871,1
266,554,1
266,482,1
266,964,1
266,481,1
266,295,1
266,893,1
267,268,1
267,836,1
267,924,1
267,614,1
268,924,1
268,833,1
268,791,1
268,836,1
268,755,1
268,657,1
268,619,1
268,540,1
268,350,1
268,934,1
268,472,1
268,614,1
268,785,1
269,270,1
269,950,1
269,409,1
269,566,1
269,510,1
269,513,1
269,956,1
269,408,1
269,511,1
269,884,1
269,292,1
269,874,1
269,654,1
270,528,1
270,411,1
270,884,1
270,950,1
270,409,1
270,510,1
270,511,1
270,429,1
270,952,1
270,874,1
270,760,1
270,361,1
270,566,1
270,911,1
270,654,1
270,769,1
270,513,1
270,721,1
271,476,1
271,298,1
271,334,1
271,325,1
271,456,1
271,294,1
271,455,1
271,279,1
271,578,1
271,725,1
271,682,1
271,309,1
271,685,1
271,439,1
271,399,1
271,520,1
271,376,1
271,687,1
271,527,1
271,477,1
271,496,1
271,462,1
271,417,1
271,671,1
271,303,1
271,916,1
271,561,1
271,319,1
271,368,1
271,571,1
271,866,1
271,328,1
271,440,1
271,670,1
271,403,1
271,717,1
271,441,1
271,351,1
271,416,1
271,278,1
271,387,1
271,304,1
271,302,1
271,331,1
271,556,1
272,328,1
272,314,1
272,646,1
272,476,1
272,699,1
272,894,1
272,559,1
272,304,1
272,387,1
272,459,1
272,527,1
272,556,1
272,334,1
272,415,1
272,319,1
272,386,1
272,866,1
272,629,1
272,630,1
272,425,1
272,611,1
272,313,1
272,417,1
272,359,1
272,652,1
273,585,1
273,718,1
273,902,1
273,736,1
273,848,1
273,472,1
273,860,1
273,775,1
273,743,1
273,784,1
273,308,1
273,342,1
273,523,1
273,849,1
273,405,1
273,533,1
273,586,1
273,285,1
274,359,1
274,515,1
274,306,1
274,646,1
274,608,1
274,347,1
274,319,1
274,570,1
274,866,1
274,309,1
274,467,1
274,487,1
274,314,1
274,492,1
274,376,1
274,556,1
274,605,1
274,464,1
274,456,1
274,652,1
274,620,1
274,522,1
274,520,1
275,276,1
275,461,1
275,508,1
275,722,1
275,420,1
275,471,1
275,854,1
275,804,1
275,502,1
275,337,1
275,802,1
275,575,1
275,809,1
275,579,1
275,727,1
275,456,1
275,942,1
275,385,1
275,576,1
275,588,1
275,782,1
275,606,1
275,654,1
275,915,1
275,512,1
275,655,1
275,638,1
275,428,1
275,760,1
275,384,1
275,787,1
275,658,1
275,361,1
275,283,1
275,680,1
275,379,1
275,543,1
275,450,1
275,597,1
275,668,1
275,378,1
275,911,1
275,429,1
275,519,1
275,565,1
275,593,1
276,757,1
276,349,1
276,606,1
276,727,1
276,510,1
276,350,1
276,769,1
276,668,1
276,593,1
276,941,1
276,833,1
276,681,1
276,782,1
276,729,1
276,497,1
276,576,1
276,361,1
276,599,1
276,834,1
276,960,1
276,614,1
276,836,1
276,461,1
276,740,1
276,565,1
276,502,1
276,787,1
276,911,1
276,760,1
276,363,1
276,519,1
276,417,1
276,543,1
276,641,1
276,728,1
276,910,1
276,619,1
276,429,1
276,832,1
276,540,1
276,449,1
276,508,1
276,680,1
276,283,1
276,600,1
276,385,1
276,655,1
277,278,1
277,348,1
277,575,1
277,570,1
277,701,1
277,627,1
277,430,1
277,456,1
277,498,1
277,686,1
277,473,1
277,359,1
277,294,1
277,306,1
277,520,1
277,325,1
277,661,1
277,560,1
277,316,1
277,351,1
277,315,1
277,397,1
277,395,1
277,376,1
277,401,1
277,584,1
278,457,1
278,666,1
278,635,1
278,376,1
278,488,1
278,320,1
278,325,1
278,424,1
278,403,1
278,814,1
278,602,1
278,495,1
278,299,1
278,298,1
278,427,1
278,439,1
278,331,1
278,306,1
278,395,1
278,289,1
278,438,1
278,687,1
278,279,1
278,671,1
278,696,1
278,324,1
278,507,1
278,348,1
278,397,1
278,620,1
278,582,1
278,426,1
278,477,1
278,559,1
278,402,1
278,473,1
278,313,1
278,685,1
278,312,1
278,451,1
278,401,1
278,351,1
278,467,1
278,334,1
278,415,1
278,394,1
278,560,1
278,494,1
278,321,1
278,304,1
278,632,1
278,556,1
278,301,1
278,536,1
278,717,1
278,430,1
278,414,1
278,570,1
278,469,1
278,462,1
278,417,1
278,492,1
278,315,1
278,623,1
278,294,1
278,317,1
278,303,1
279,403,1
279,376,1
279,764,1
279,662,1
279,476,1
279,687,1
279,725,1
279,696,1
279,477,1
279,574,1
279,455,1
279,298,1
279,439,1
279,305,1
279,325,1
279,334,1
279,294,1
279,347,1
279,302,1
279,426,1
279,351,1
279,438,1
279,666,1
279,665,1
279,414,1
279,547,1
279,671,1
279,571,1
279,627,1
279,331,1
279,304,1
279,393,1
279,529,1
279,387,1
279,440,1
279,368,1
279,719,1
279,496,1
279,319,1
279,462,1
279,456,1
279,602,1
279,313,1
279,556,1
279,922,1
279,685,1
279,631,1
279,527,1
279,507,1
279,402,1
280,448,1
280,521,1
280,489,1
280,380,1
280,826,1
280,518,1
280,984,1
280,636,1
280,799,1
280,458,1
280,546,1
280,374,1
280,789,1
280,466,1
280,548,1
280,551,1
280,355,1
280,460,1
280,550,1
280,337,1
280,752,1
280,352,1
280,333,1
280,307,1
280,332,1
280,577,1
280,534,1
280,615,1
280,446,1
280,681,1
280,762,1
280,330,1
280,444,1
280,490,1
280,734,1
280,433,1
280,434,1
280,812,1
280,436,1
280,412,1
280,777,1
280,557,1
281,282,1
281,789,1
281,587,1
281,447,1
281,849,1
281,412,1
281,626,1
281,534,1
281,690,1
281,988,1
281,724,1
281,445,1
281,377,1
281,431,1
281,579,1
281,589,1
281,337,1
281,637,1
281,446,1
281,945,1
281,573,1
281,907,1
281,517,1
281,432,1
281,798,1
281,500,1
281,444,1
281,307,1
281,330,1
281,336,1
281,548,1
281,580,1
281,501,1
281,777,1
281,618,1
281,691,1
281,735,1
281,723,1
281,703,1
281,700,1
281,640,1
281,734,1
281,812,1
281,550,1
281,770,1
281,435,1
281,678,1
281,518,1
282,446,1
282,501,1
282,517,1
282,337,1
282,724,1
282,432,1
282,412,1
282,700,1
282,626,1
282,548,1
282,336,1
282,550,1
282,723,1
282,307,1
282,907,1
282,518,1
282,579,1
282,393,1
282,445,1
282,734,1
282,330,1
282,431,1
282,945,1
283,284,1
283,420,1
283,655,1
283,740,1
283,599,1
283,540,1
283,680,1
283,593,1
283,429,1
283,668,1
283,576,1
283,502,1
283,760,1
283,361,1
283,450,1
283,512,1
283,379,1
283,378,1
283,910,1
283,911,1
283,606,1
283,816,1
283,769,1
283,461,1
283,692,1
283,834,1
283,729,1
283,385,1
283,365,1
283,722,1
283,497,1
283,449,1
283,543,1
283,638,1
283,728,1
283,600,1
284,673,1
284,566,1
284,665,1
284,365,1
284,662,1
284,656,1
284,876,1
284,727,1
284,944,1
284,755,1
284,591,1
284,890,1
284,366,1
284,540,1
285,286,1
285,358,1
285,549,1
285,796,1
285,311,1
285,598,1
285,338,1
285,784,1
285,310,1
285,761,1
285,340,1
285,341,1
285,342,1
285,850,1
285,937,1
285,713,1
285,860,1
285,511,1
285,586,1
285,718,1
285,523,1
285,405,1
285,918,1
285,400,1
285,656,1
285,712,1
285,525,1
285,664,1
285,421,1
285,903,1
285,902,1
285,533,1
285,969,1
285,585,1
285,339,1
285,308,1
285,707,1
285,472,1
285,650,1
286,533,1
286,664,1
286,656,1
286,650,1
286,540,1
286,585,1
286,400,1
286,654,1
286,718,1
286,355,1
286,918,1
286,525,1
286,784,1
286,785,1
286,707,1
286,564,1
286,711,1
286,472,1
286,308,1
286,598,1
286,363,1
286,405,1
286,404,1
286,809,1
286,383,1
286,796,1
286,783,1
286,338,1
286,339,1
286,340,1
286,902,1
286,753,1
286,595,1
286,523,1
286,453,1
286,958,1
286,586,1
286,514,1
287,693,1
287,595,1
287,883,1
287,453,1
287,743,1
287,474,1
287,753,1
287,726,1
287,514,1
287,811,1
287,849,1
287,421,1
287,422,1
287,744,1
287,633,1
288,651,1
288,300,1
288,464,1
288,491,1
288,456,1
288,294,1
288,529,1
288,289,1
288,488,1
288,652,1
288,495,1
288,560,1
288,522,1
288,395,1
288,570,1
288,610,1
288,401,1
288,894,1
288,520,1
288,827,1
288,376,1
288,515,1
288,381,1
288,354,1
288,1004,1
288,620,1
288,467,1
288,473,1
288,386,1
288,699,1
288,316,1
288,293,1
288,704,1
288,430,1
288,1000,1
288,324,1
288,315,1
288,416,1
289,313,1
289,547,1
289,495,1
289,293,1
289,368,1
289,537,1
289,309,1
289,687,1
289,316,1
289,651,1
289,326,1
289,320,1
289,456,1
289,438,1
289,847,1
289,317,1
289,520,1
289,464,1
289,468,1
289,717,1
289,574,1
289,488,1
289,661,1
289,334,1
289,602,1
289,666,1
289,560,1
289,582,1
289,491,1
289,393,1
289,359,1
289,496,1
289,522,1
289,402,1
289,469,1
289,315,1
289,671,1
289,492,1
289,390,1
289,536,1
289,515,1
289,552,1
289,632,1
289,299,1
289,312,1
289,424,1
289,451,1
289,494,1
289,294,1
289,430,1
289,354,1
289,347,1
289,578,1
289,376,1
289,457,1
289,367,1
289,570,1
289,426,1
289,351,1
289,401,1
289,325,1
289,304,1
289,593,1
289,620,1
289,375,1
289,306,1
289,649,1
289,319,1
289,335,1
289,324,1
289,328,1
289,394,1
289,467,1
289,301,1
289,441,1
289,709,1
289,417,1
289,452,1
289,499,1
289,699,1
289,473,1
289,395,1
289,623,1
289,298,1
289,584,1
289,427,1
290,291,1
290,524,1
290,392,1
290,391,1
290,862,1
290,532,1
290,484,1
290,479,1
290,871,1
290,531,1
290,504,1
290,583,1
290,808,1
290,645,1
290,554,1
290,896,1
290,480,1
290,542,1
290,541,1
290,465,1
290,419,1
291,297,1
291,844,1
291,542,1
291,763,1
291,480,1
291,407,1
291,392,1
291,554,1
291,583,1
291,418,1
291,532,1
291,808,1
291,484,1
291,645,1
291,479,1
291,531,1
291,779,1
291,504,1
291,862,1
291,465,1
291,485,1
291,871,1
291,419,1
292,950,1
292,715,1
292,387,1
292,511,1
292,408,1
292,874,1
293,294,1
293,359,1
293,315,1
293,319,1
293,321,1
293,305,1
293,529,1
293,313,1
293,728,1
293,415,1
293,304,1
293,328,1
293,353,1
293,430,1
293,459,1
293,492,1
293,522,1
293,367,1
293,386,1
293,515,1
293,560,1
293,347,1
293,666,1
293,527,1
293,651,1
293,426,1
293,457,1
293,301,1
293,402,1
293,325,1
293,324,1
293,738,1
293,390,1
293,710,1
293,326,1
293,574,1
293,469,1
293,491,1
293,299,1
293,872,1
293,316,1
293,451,1
293,467,1
293,488,1
293,699,1
293,300,1
293,601,1
293,401,1
293,376,1
294,390,1
294,491,1
294,375,1
294,537,1
294,687,1
294,578,1
294,671,1
294,507,1
294,520,1
294,325,1
294,468,1
294,699,1
294,315,1
294,464,1
294,331,1
294,488,1
294,717,1
294,427,1
294,651,1
294,496,1
294,441,1
294,347,1
294,299,1
294,467,1
294,313,1
294,393,1
294,305,1
294,652,1
294,394,1
294,426,1
294,492,1
294,701,1
294,451,1
294,300,1
294,298,1
294,547,1
294,552,1
294,397,1
294,368,1
294,316,1
294,359,1
294,376,1
294,312,1
294,395,1
294,593,1
294,623,1
294,916,1
294,303,1
294,529,1
294,666,1
294,780,1
294,351,1
294,354,1
294,457,1
294,627,1
294,440,1
294,582,1
294,324,1
294,326,1
294,536,1
294,306,1
294,823,1
294,424,1
294,602,1
294,560,1
294,456,1
294,459,1
294,452,1
294,527,1
294,569,1
294,430,1
294,320,1
294,455,1
294,661,1
294,570,1
294,632,1
294,353,1
294,317,1
294,499,1
294,301,1
294,688,1
294,438,1
294,302,1
294,401,1
294,649,1
294,635,1
294,415,1
294,739,1
294,747,1
294,522,1
294,319,1
294,696,1
294,304,1
294,846,1
294,328,1
294,526,1
294,709,1
294,321,1
294,402,1
294,574,1
294,620,1
294,473,1
294,605,1
294,309,1
294,348,1
294,571,1
294,417,1
294,498,1
294,854,1
294,367,1
294,462,1
294,469,1
294,495,1
294,344,1
295,370,1
295,553,1
295,932,1
295,889,1
295,663,1
295,746,1
295,706,1
295,608,1
295,766,1
295,730,1
295,750,1
296,297,1
296,392,1
296,554,1
296,480,1
296,532,1
296,465,1
296,505,1
296,484,1
296,779,1
297,583,1
297,779,1
297,391,1
297,479,1
297,862,1
297,484,1
297,554,1
297,844,1
297,419,1
297,645,1
297,531,1
297,896,1
297,763,1
297,392,1
297,964,1
297,383,1
297,542,1
297,485,1
298,306,1
298,426,1
298,301,1
298,671,1
298,302,1
298,459,1
298,620,1
298,696,1
298,569,1
298,646,1
298,555,1
298,441,1
298,507,1
298,498,1
298,348,1
298,313,1
298,417,1
298,334,1
298,552,1
298,464,1
298,376,1
298,574,1
298,536,1
298,602,1
298,451,1
298,687,1
298,494,1
298,455,1
298,684,1
298,527,1
298,324,1
298,344,1
298,402,1
298,578,1
298,496,1
298,325,1
298,452,1
298,469,1
298,359,1
298,427,1
298,309,1
298,390,1
298,305,1
298,605,1
298,477,1
298,394,1
298,312,1
298,304,1
298,335,1
298,347,1
298,666,1
298,522,1
298,331,1
298,651,1
298,846,1
298,321,1
298,303,1
298,492,1
298,438,1
298,462,1
298,725,1
298,328,1
298,326,1
298,685,1
298,424,1
298,635,1
298,319,1
299,387,1
299,492,1
299,347,1
299,582,1
299,527,1
299,601,1
299,401,1
299,320,1
299,326,1
299,415,1
299,304,1
299,314,1
299,376,1
299,424,1
299,459,1
299,302,1
299,303,1
299,488,1
299,560,1
299,498,1
299,328,1
299,301,1
299,319,1
299,529,1
299,666,1
299,552,1
299,559,1
299,522,1
299,344,1
299,574,1
299,507,1
299,354,1
299,872,1
299,325,1
299,324,1
299,451,1
299,791,1
299,300,1
299,331,1
299,426,1
299,390,1
299,312,1
300,301,1
300,529,1
300,325,1
300,304,1
300,328,1
300,715,1
300,578,1
300,319,1
300,426,1
300,347,1
300,457,1
300,601,1
300,326,1
300,666,1
300,376,1
300,353,1
300,469,1
300,390,1
300,574,1
300,488,1
300,324,1
300,354,1
300,522,1
301,469,1
301,393,1
301,325,1
301,303,1
301,331,1
301,397,1
301,710,1
301,455,1
301,560,1
301,313,1
301,699,1
301,629,1
301,651,1
301,320,1
301,359,1
301,467,1
301,375,1
301,395,1
301,536,1
301,725,1
301,535,1
301,416,1
301,401,1
301,304,1
301,495,1
301,344,1
301,522,1
301,464,1
301,688,1
301,627,1
301,452,1
301,441,1
301,582,1
301,499,1
301,687,1
301,347,1
301,473,1
301,605,1
301,326,1
301,649,1
301,353,1
301,316,1
301,402,1
301,491,1
301,537,1
301,492,1
301,376,1
301,527,1
301,367,1
301,430,1
301,620,1
301,520,1
301,426,1
301,309,1
302,303,1
302,393,1
302,368,1
302,376,1
302,438,1
302,347,1
302,325,1
302,440,1
302,496,1
302,328,1
302,334,1
302,666,1
302,313,1
302,632,1
302,605,1
302,441,1
302,427,1
302,559,1
302,456,1
302,561,1
302,305,1
302,507,1
302,417,1
302,665,1
302,455,1
302,527,1
302,304,1
302,602,1
302,580,1
302,402,1
302,319,1
302,725,1
302,635,1
302,552,1
302,488,1
302,387,1
302,685,1
302,717,1
302,671,1
302,469,1
302,415,1
302,331,1
302,646,1
302,416,1
302,320,1
302,492,1
303,456,1
303,477,1
303,535,1
303,823,1
303,426,1
303,455,1
303,403,1
303,438,1
303,522,1
303,492,1
303,653,1
303,313,1
303,427,1
303,325,1
303,376,1
303,527,1
303,459,1
303,696,1
303,469,1
303,467,1
303,865,1
303,304,1
303,347,1
303,402,1
303,496,1
303,354,1
303,526,1
303,671,1
303,815,1
303,687,1
303,331,1
303,317,1
303,328,1
303,605,1
303,794,1
303,537,1
303,319,1
304,394,1
304,424,1
304,305,1
304,324,1
304,403,1
304,602,1
304,846,1
304,331,1
304,426,1
304,686,1
304,319,1
304,368,1
304,661,1
304,347,1
304,574,1
304,795,1
304,416,1
304,556,1
304,402,1
304,701,1
304,438,1
304,351,1
304,456,1
304,687,1
304,488,1
304,326,1
304,439,1
304,414,1
304,725,1
304,306,1
304,696,1
304,354,1
304,328,1
304,415,1
304,611,1
304,477,1
304,560,1
304,462,1
304,666,1
304,515,1
304,632,1
304,376,1
304,492,1
304,325,1
304,452,1
304,387,1
304,526,1
304,425,1
304,570,1
304,313,1
304,393,1
304,717,1
304,390,1
304,527,1
304,309,1
304,496,1
304,320,1
304,469,1
304,559,1
305,306,1
305,376,1
305,313,1
305,459,1
305,331,1
305,632,1
305,399,1
305,745,1
305,325,1
305,795,1
305,455,1
305,402,1
305,334,1
305,492,1
305,438,1
305,685,1
305,498,1
305,687,1
305,488,1
305,527,1
305,462,1
305,530,1
305,717,1
305,393,1
305,725,1
305,507,1
305,696,1
305,602,1
305,335,1
305,426,1
305,347,1
306,635,1
306,610,1
306,737,1
306,387,1
306,430,1
306,507,1
306,463,1
306,464,1
306,496,1
306,709,1
306,827,1
306,704,1
306,426,1
306,687,1
306,780,1
306,351,1
306,477,1
306,478,1
306,522,1
306,319,1
306,653,1
306,646,1
306,683,1
306,439,1
306,671,1
306,376,1
306,823,1
306,881,1
306,529,1
306,701,1
306,359,1
306,456,1
306,602,1
306,617,1
306,386,1
306,570,1
306,696,1
306,547,1
306,438,1
306,666,1
306,414,1
306,401,1
306,794,1
306,314,1
306,493,1
306,344,1
306,467,1
306,623,1
306,616,1
306,440,1
306,309,1
306,325,1
306,605,1
306,556,1
306,670,1
306,620,1
306,334,1
306,537,1
306,331,1
306,416,1
307,308,1
307,358,1
307,736,1
307,700,1
307,446,1
307,548,1
307,817,1
307,784,1
307,831,1
307,718,1
307,793,1
307,523,1
307,626,1
307,579,1
307,707,1
307,859,1
307,723,1
307,445,1
307,380,1
307,585,1
307,564,1
307,592,1
307,775,1
307,587,1
307,544,1
307,577,1
307,703,1
307,828,1
307,690,1
307,818,1
307,969,1
307,432,1
307,453,1
307,589,1
307,691,1
307,490,1
307,333,1
307,330,1
307,591,1
307,580,1
307,735,1
307,340,1
307,329,1
307,921,1
307,988,1
307,501,1
307,336,1
307,377,1
307,907,1
307,400,1
307,588,1
307,843,1
307,550,1
307,640,1
307,357,1
307,880,1
307,777,1
307,660,1
307,885,1
307,734,1
307,770,1
307,849,1
307,337,1
307,724,1
307,472,1
307,517,1
307,812,1
307,557,1
307,573,1
307,698,1
307,744,1
307,799,1
307,945,1
307,618,1
307,363,1
307,595,1
307,850,1
307,551,1
307,534,1
307,518,1
307,431,1
307,783,1
307,412,1
307,539,1
307,447,1
307,398,1
307,444,1
308,567,1
308,338,1
308,587,1
308,340,1
308,383,1
308,598,1
308,475,1
308,698,1
308,736,1
308,993,1
308,818,1
308,775,1
308,342,1
308,850,1
308,786,1
308,358,1
308,919,1
308,586,1
308,918,1
308,987,1
308,969,1
308,734,1
308,585,1
308,400,1
308,482,1
308,533,1
308,472,1
308,707,1
308,405,1
308,523,1
308,748,1
308,650,1
308,851,1
308,784,1
308,525,1
308,902,1
308,860,1
308,310,1
308,848,1
308,718,1
308,744,1
309,661,1
309,620,1
309,560,1
309,387,1
309,313,1
309,699,1
309,569,1
309,933,1
309,390,1
309,376,1
309,520,1
309,464,1
309,701,1
309,951,1
309,351,1
309,325,1
309,496,1
309,670,1
309,343,1
309,605,1
309,416,1
309,570,1
309,515,1
309,430,1
309,456,1
309,402,1
309,467,1
309,359,1
309,477,1
309,682,1
309,403,1
309,316,1
309,401,1
309,651,1
309,344,1
309,452,1
309,561,1
309,423,1
310,311,1
310,668,1
310,533,1
310,549,1
310,784,1
310,472,1
310,656,1
310,598,1
310,718,1
310,405,1
310,903,1
310,400,1
310,525,1
310,421,1
310,342,1
310,523,1
310,919,1
310,586,1
310,648,1
310,902,1
310,761,1
310,712,1
310,338,1
310,937,1
311,919,1
311,707,1
311,523,1
311,341,1
311,342,1
311,903,1
311,598,1
311,650,1
311,338,1
311,400,1
311,586,1
311,549,1
311,664,1
311,902,1
311,712,1
311,784,1
311,711,1
311,796,1
311,533,1
311,718,1
312,321,1
312,397,1
312,354,1
312,451,1
312,368,1
312,688,1
312,457,1
312,426,1
312,795,1
312,499,1
312,699,1
312,632,1
312,441,1
312,417,1
312,367,1
312,582,1
312,666,1
312,623,1
312,390,1
312,491,1
312,492,1
312,427,1
312,552,1
312,570,1
312,424,1
312,685,1
312,627,1
312,320,1
312,488,1
312,325,1
312,537,1
312,375,1
312,717,1
312,574,1
312,469,1
312,438,1
312,376,1
312,394,1
312,313,1
313,402,1
313,414,1
313,653,1
313,331,1
313,451,1
313,601,1
313,717,1
313,324,1
313,494,1
313,507,1
313,578,1
313,394,1
313,347,1
313,469,1
313,441,1
313,560,1
313,401,1
313,335,1
313,559,1
313,325,1
313,529,1
313,685,1
313,452,1
313,738,1
313,457,1
313,390,1
313,424,1
313,430,1
313,344,1
313,582,1
313,491,1
313,376,1
313,319,1
313,492,1
313,522,1
313,397,1
313,671,1
313,464,1
313,455,1
313,536,1
313,488,1
313,320,1
313,462,1
313,387,1
313,438,1
313,745,1
313,416,1
313,527,1
313,417,1
313,503,1
313,632,1
313,499,1
313,354,1
313,552,1
313,368,1
313,415,1
313,696,1
313,367,1
313,334,1
313,375,1
313,602,1
313,620,1
313,623,1
313,537,1
313,866,1
313,427,1
313,651,1
313,666,1
313,321,1
313,530,1
314,425,1
314,493,1
314,326,1
314,682,1
314,602,1
314,376,1
314,416,1
314,386,1
314,368,1
314,415,1
314,334,1
314,476,1
314,646,1
314,827,1
314,328,1
314,556,1
314,685,1
314,957,1
314,487,1
314,403,1
314,477,1
314,559,1
314,704,1
314,670,1
314,608,1
314,699,1
314,351,1
314,414,1
314,610,1
314,530,1
314,829,1
314,739,1
314,440,1
314,701,1
315,316,1
315,570,1
315,477,1
315,401,1
315,439,1
315,395,1
315,348,1
315,699,1
315,464,1
315,468,1
315,376,1
315,701,1
315,847,1
315,797,1
315,351,1
315,651,1
315,473,1
315,430,1
315,381,1
315,495,1
315,575,1
315,560,1
315,520,1
316,627,1
316,570,1
316,473,1
316,649,1
316,670,1
316,646,1
316,359,1
316,467,1
316,584,1
316,651,1
316,464,1
316,376,1
316,440,1
316,620,1
316,347,1
316,699,1
316,468,1
316,401,1
316,682,1
316,348,1
316,652,1
316,496,1
316,395,1
316,973,1
316,430,1
316,605,1
316,351,1
316,669,1
316,495,1
316,819,1
316,635,1
316,560,1
316,520,1
316,515,1
316,477,1
316,847,1
317,318,1
317,578,1
317,673,1
317,666,1
317,472,1
317,402,1
317,876,1
317,579,1
317,390,1
317,385,1
317,845,1
317,538,1
317,350,1
317,709,1
317,453,1
317,609,1
317,698,1
317,394,1
317,596,1
317,755,1
317,1020,1
317,343,1
317,724,1
317,339,1
317,424,1
317,648,1
317,564,1
317,591,1
317,875,1
317,492,1
318,755,1
318,1018,1
318,648,1
318,609,1
318,435,1
318,789,1
318,875,1
319,426,1
319,527,1
319,411,1
319,334,1
319,682,1
319,393,1
319,459,1
319,507,1
319,683,1
319,687,1
319,325,1
319,347,1
319,335,1
319,488,1
319,846,1
319,477,1
319,415,1
319,455,1
319,351,1
319,492,1
319,324,1
319,438,1
319,629,1
319,933,1
319,462,1
319,696,1
319,326,1
319,425,1
319,738,1
319,602,1
319,439,1
319,632,1
319,402,1
319,556,1
319,376,1
319,416,1
319,559,1
319,331,1
319,720,1
319,424,1
319,725,1
319,359,1
319,685,1
319,451,1
320,328,1
320,469,1
320,491,1
320,347,1
320,376,1
320,325,1
320,451,1
320,457,1
320,424,1
320,601,1
320,464,1
320,354,1
320,623,1
320,393,1
320,605,1
320,321,1
320,351,1
320,359,1
320,353,1
320,536,1
320,402,1
320,627,1
320,375,1
320,574,1
320,416,1
320,537,1
320,582,1
320,578,1
320,632,1
320,452,1
320,666,1
320,492,1
320,688,1
320,344,1
320,438,1
320,620,1
320,488,1
320,390,1
320,427,1
321,488,1
321,522,1
321,328,1
321,390,1
321,424,1
321,715,1
321,627,1
321,620,1
321,344,1
321,467,1
321,847,1
321,354,1
321,351,1
321,457,1
321,438,1
321,426,1
321,427,1
321,601,1
321,325,1
321,582,1
321,348,1
321,451,1
321,666,1
321,347,1
321,623,1
321,491,1
321,452,1
321,536,1
321,537,1
321,376,1
321,515,1
321,492,1
321,353,1
321,464,1
322,323,1
322,773,1
322,406,1
322,714,1
322,824,1
322,612,1
322,657,1
322,893,1
322,865,1
322,608,1
322,766,1
322,905,1
322,842,1
322,663,1
322,863,1
322,482,1
322,855,1
323,824,1
323,714,1
323,813,1
323,766,1
323,893,1
323,663,1
323,612,1
323,481,1
323,773,1
323,716,1
323,406,1
323,482,1
323,657,1
323,865,1
323,863,1
324,347,1
324,515,1
324,492,1
324,687,1
324,415,1
324,394,1
324,916,1
324,348,1
324,438,1
324,359,1
324,331,1
324,578,1
324,390,1
324,488,1
324,715,1
324,401,1
324,629,1
324,376,1
324,457,1
324,498,1
324,386,1
324,353,1
324,611,1
324,325,1
324,414,1
324,527,1
324,344,1
324,387,1
324,326,1
324,522,1
324,328,1
324,725,1
324,569,1
324,605,1
324,354,1
324,601,1
325,401,1
325,354,1
325,459,1
325,522,1
325,661,1
325,686,1
325,670,1
325,601,1
325,515,1
325,430,1
325,467,1
325,488,1
325,424,1
325,331,1
325,427,1
325,452,1
325,438,1
325,537,1
325,393,1
325,492,1
325,351,1
325,402,1
325,462,1
325,627,1
325,457,1
325,602,1
325,375,1
325,529,1
325,376,1
325,381,1
325,574,1
325,560,1
325,390,1
325,552,1
325,507,1
325,536,1
325,725,1
325,498,1
325,326,1
325,328,1
325,473,1
325,359,1
325,464,1
325,468,1
325,387,1
325,535,1
325,559,1
325,666,1
325,478,1
325,344,1
325,451,1
325,520,1
325,569,1
325,426,1
325,701,1
325,347,1
325,629,1
325,527,1
325,456,1
325,555,1
325,491,1
325,414,1
325,415,1
325,696,1
325,620,1
325,397,1
325,416,1
325,687,1
325,496,1
325,651,1
326,354,1
326,602,1
326,745,1
326,393,1
326,462,1
326,560,1
326,763,1
326,529,1
326,438,1
326,666,1
326,827,1
326,402,1
326,376,1
326,387,1
326,559,1
326,414,1
326,530,1
326,331,1
326,492,1
326,347,1
326,527,1
326,522,1
326,846,1
326,547,1
326,739,1
326,720,1
326,493,1
326,574,1
326,390,1
326,451,1
326,386,1
326,699,1
326,488,1
326,537,1
326,687,1
326,328,1
326,415,1
326,611,1
326,426,1
326,359,1
326,459,1
326,491,1
326,610,1
326,427,1
326,652,1
327,380,1
327,470,1
327,448,1
327,435,1
327,436,1
327,360,1
327,681,1
327,437,1
327,444,1
327,412,1
327,546,1
327,434,1
327,521,1
327,539,1
327,826,1
327,433,1
327,490,1
327,352,1
327,538,1
327,590,1
327,789,1
327,752,1
327,516,1
327,332,1
327,689,1
327,489,1
327,589,1
327,636,1
327,458,1
328,417,1
328,569,1
328,552,1
328,605,1
328,687,1
328,522,1
328,425,1
328,415,1
328,452,1
328,348,1
328,670,1
328,394,1
328,473,1
328,632,1
328,468,1
328,570,1
328,559,1
328,416,1
328,399,1
328,462,1
328,916,1
328,438,1
328,467,1
328,469,1
328,401,1
328,353,1
328,611,1
328,359,1
328,608,1
328,402,1
328,464,1
328,651,1
328,602,1
328,527,1
328,498,1
328,426,1
328,354,1
328,334,1
328,393,1
328,423,1
328,717,1
328,725,1
328,368,1
328,331,1
328,477,1
328,424,1
328,507,1
328,376,1
328,347,1
328,492,1
328,414,1
328,574,1
328,629,1
328,488,1
329,330,1
329,534,1
329,659,1
329,444,1
329,544,1
329,579,1
329,798,1
329,640,1
329,749,1
329,432,1
329,551,1
329,518,1
329,398,1
329,557,1
329,799,1
330,702,1
330,573,1
330,445,1
330,812,1
330,907,1
330,618,1
330,700,1
330,336,1
330,534,1
330,447,1
330,398,1
330,551,1
330,460,1
330,517,1
330,849,1
330,431,1
330,333,1
330,337,1
330,724,1
330,752,1
330,444,1
330,723,1
330,734,1
330,577,1
330,500,1
330,501,1
330,377,1
330,626,1
330,579,1
330,580,1
330,557,1
330,799,1
330,735,1
330,548,1
330,703,1
330,691,1
330,446,1
330,518,1
330,640,1
330,770,1
331,440,1
331,347,1
331,457,1
331,334,1
331,351,1
331,507,1
331,522,1
331,359,1
331,402,1
331,687,1
331,701,1
331,476,1
331,556,1
331,387,1
331,416,1
331,496,1
331,439,1
331,527,1
331,498,1
331,381,1
331,459,1
331,685,1
331,671,1
331,529,1
331,354,1
331,376,1
331,438,1
331,571,1
331,492,1
331,696,1
331,477,1
331,344,1
331,725,1
331,462,1
331,456,1
331,846,1
331,601,1
331,403,1
331,426,1
331,455,1
332,333,1
332,483,1
332,436,1
332,557,1
332,466,1
332,380,1
332,577,1
332,489,1
332,435,1
332,789,1
332,689,1
332,434,1
332,539,1
332,678,1
332,849,1
332,412,1
332,543,1
332,759,1
332,458,1
332,679,1
332,437,1
332,490,1
332,826,1
332,460,1
332,470,1
332,337,1
332,371,1
332,534,1
332,587,1
332,558,1
332,812,1
332,752,1
332,448,1
332,352,1
332,636,1
332,607,1
332,681,1
332,486,1
332,433,1
332,546,1
333,466,1
333,590,1
333,413,1
333,490,1
333,458,1
333,679,1
333,579,1
333,412,1
333,539,1
333,735,1
333,460,1
333,336,1
333,544,1
333,435,1
333,826,1
333,878,1
333,577,1
333,752,1
333,799,1
333,587,1
333,371,1
333,558,1
333,489,1
333,337,1
333,551,1
333,546,1
333,812,1
333,434,1
333,557,1
333,437,1
333,518,1
333,448,1
334,439,1
334,402,1
334,602,1
334,701,1
334,646,1
334,608,1
334,403,1
334,507,1
334,376,1
334,487,1
334,571,1
334,347,1
334,661,1
334,488,1
334,426,1
334,696,1
334,725,1
334,496,1
334,456,1
334,671,1
334,866,1
334,686,1
334,559,1
334,368,1
334,685,1
334,427,1
334,387,1
334,415,1
334,477,1
334,476,1
334,561,1
334,440,1
334,687,1
334,527,1
334,537,1
334,351,1
334,560,1
334,957,1
334,414,1
334,682,1
334,556,1
334,462,1
334,416,1
334,441,1
334,922,1
335,602,1
335,498,1
335,745,1
335,720,1
335,459,1
335,623,1
335,414,1
335,507,1
335,438,1
335,632,1
335,494,1
335,696,1
335,530,1
335,462,1
335,492,1
335,387,1
335,738,1
335,386,1
336,337,1
336,735,1
336,544,1
336,431,1
336,681,1
336,640,1
336,517,1
336,752,1
336,626,1
336,557,1
336,945,1
336,678,1
336,703,1
336,812,1
336,799,1
336,446,1
336,691,1
336,589,1
336,550,1
336,587,1
336,579,1
336,907,1
336,580,1
336,548,1
336,444,1
336,412,1
336,432,1
336,445,1
336,724,1
336,447,1
336,501,1
336,618,1
336,700,1
336,734,1
336,518,1
336,777,1
336,690,1
337,518,1
337,703,1
337,812,1
337,444,1
337,500,1
337,770,1
337,777,1
337,618,1
337,573,1
337,517,1
337,501,1
337,445,1
337,735,1
337,945,1
337,377,1
337,447,1
337,734,1
337,640,1
337,713,1
337,826,1
337,431,1
337,690,1
337,523,1
337,446,1
337,723,1
337,534,1
337,590,1
337,548,1
337,587,1
337,691,1
337,579,1
337,412,1
337,907,1
337,724,1
337,580,1
337,789,1
337,700,1
337,550,1
337,772,1
337,679,1
338,339,1
338,549,1
338,586,1
338,421,1
338,341,1
338,784,1
338,796,1
338,598,1
338,707,1
338,656,1
338,718,1
338,918,1
338,809,1
338,783,1
338,585,1
338,340,1
338,533,1
338,363,1
338,902,1
338,711,1
338,650,1
338,400,1
338,342,1
338,713,1
338,405,1
338,525,1
338,712,1
338,664,1
339,363,1
339,586,1
339,656,1
339,405,1
339,587,1
339,755,1
339,585,1
339,454,1
339,784,1
339,887,1
339,341,1
339,506,1
339,609,1
339,912,1
339,875,1
339,595,1
339,707,1
339,698,1
339,400,1
339,404,1
339,525,1
339,343,1
339,474,1
339,843,1
339,919,1
339,562,1
339,383,1
339,357,1
339,591,1
339,564,1
339,350,1
339,453,1
339,648,1
339,828,1
339,783,1
339,809,1
339,918,1
339,355,1
339,660,1
339,533,1
339,662,1
339,358,1
339,446,1
339,340,1
339,726,1
339,472,1
339,650,1
339,523,1
340,341,1
340,525,1
340,707,1
340,545,1
340,859,1
340,650,1
340,718,1
340,969,1
340,783,1
340,818,1
340,775,1
340,533,1
340,918,1
340,736,1
340,850,1
340,400,1
340,598,1
340,784,1
340,586,1
340,744,1
341,405,1
341,525,1
341,664,1
341,707,1
341,809,1
341,383,1
341,400,1
341,656,1
341,511,1
341,918,1
341,784,1
341,650,1
341,796,1
341,363,1
341,598,1
342,533,1
342,736,1
342,585,1
342,421,1
342,860,1
342,523,1
342,784,1
342,472,1
342,712,1
342,648,1
342,422,1
343,344,1
343,717,1
343,729,1
343,875,1
343,656,1
343,983,1
343,591,1
343,492,1
343,383,1
343,845,1
343,912,1
343,502,1
343,662,1
343,454,1
343,350,1
343,876,1
343,749,1
343,578,1
343,999,1
343,755,1
343,543,1
343,596,1
343,698,1
343,843,1
343,673,1
343,697,1
344,570,1
344,347,1
344,522,1
344,426,1
344,464,1
344,536,1
344,354,1
344,376,1
344,605,1
344,451,1
344,423,1
344,651,1
344,582,1
344,467,1
344,397,1
344,438,1
344,847,1
344,535,1
344,452,1
344,492,1
344,627,1
344,353,1
345,935,1
345,751,1
346,543,1
346,518,1
346,659,1
346,910,1
346,362,1
346,822,1
346,757,1
346,934,1
347,527,1
347,535,1
347,582,1
347,451,1
347,402,1
347,537,1
347,620,1
347,574,1
347,438,1
347,507,1
347,426,1
347,390,1
347,430,1
347,348,1
347,401,1
347,459,1
347,354,1
347,559,1
347,569,1
347,536,1
347,467,1
347,522,1
347,696,1
347,464,1
347,427,1
347,376,1
347,393,1
347,414,1
347,632,1
347,495,1
347,462,1
347,651,1
347,452,1
347,488,1
347,415,1
347,492,1
347,491,1
347,627,1
347,526,1
347,725,1
347,386,1
347,687,1
347,367,1
348,495,1
348,395,1
348,427,1
348,652,1
348,464,1
348,556,1
348,354,1
348,430,1
348,649,1
348,560,1
348,496,1
348,351,1
348,582,1
348,570,1
348,569,1
348,520,1
348,439,1
348,478,1
348,627,1
348,376,1
348,440,1
348,467,1
348,491,1
348,477,1
348,646,1
348,522,1
349,350,1
349,668,1
349,692,1
349,833,1
349,782,1
349,791,1
349,729,1
349,722,1
349,508,1
349,769,1
349,461,1
349,760,1
349,942,1
349,382,1
349,614,1
349,543,1
349,383,1
349,565,1
349,512,1
349,832,1
349,502,1
349,361,1
349,575,1
349,471,1
349,680,1
349,763,1
349,941,1
349,600,1
349,822,1
349,804,1
349,540,1
349,420,1
349,778,1
349,910,1
349,362,1
349,728,1
349,891,1
349,593,1
350,619,1
350,836,1
350,593,1
350,641,1
350,599,1
350,941,1
350,680,1
350,782,1
350,833,1
350,760,1
350,832,1
350,502,1
350,540,1
350,543,1
350,934,1
350,727,1
350,429,1
350,383,1
350,574,1
350,600,1
350,668,1
350,565,1
350,606,1
351,381,1
351,670,1
351,719,1
351,464,1
351,928,1
351,430,1
351,635,1
351,452,1
351,473,1
351,701,1
351,496,1
351,561,1
351,649,1
351,686,1
351,827,1
351,476,1
351,685,1
351,359,1
351,376,1
351,642,1
351,477,1
351,495,1
351,440,1
351,616,1
351,478,1
351,403,1
351,687,1
351,387,1
351,520,1
351,682,1
351,488,1
351,547,1
351,416,1
351,556,1
351,560,1
351,933,1
351,571,1
351,646,1
351,492,1
351,661,1
351,395,1
351,456,1
351,438,1
351,671,1
351,439,1
351,390,1
351,704,1
352,681,1
352,431,1
352,762,1
352,534,1
352,590,1
352,557,1
352,374,1
352,437,1
352,444,1
352,577,1
352,466,1
352,826,1
352,752,1
352,436,1
352,864,1
352,360,1
352,458,1
352,640,1
352,708,1
352,615,1
352,413,1
352,759,1
352,489,1
352,460,1
352,789,1
352,412,1
352,609,1
352,636,1
352,878,1
352,490,1
352,483,1
352,546,1
352,435,1
352,543,1
352,521,1
352,380,1
352,448,1
352,434,1
352,470,1
352,558,1
352,594,1
352,539,1
352,518,1
353,354,1
353,390,1
353,376,1
353,578,1
353,457,1
353,537,1
353,492,1
353,491,1
353,451,1
353,715,1
353,438,1
353,582,1
353,427,1
353,666,1
353,627,1
354,376,1
354,499,1
354,401,1
354,522,1
354,582,1
354,488,1
354,537,1
354,438,1
354,601,1
354,574,1
354,468,1
354,393,1
354,627,1
354,427,1
354,452,1
354,515,1
354,451,1
354,491,1
354,467,1
354,426,1
354,620,1
354,649,1
354,395,1
354,359,1
354,623,1
354,536,1
354,527,1
354,459,1
354,492,1
354,464,1
354,814,1
354,397,1
354,402,1
354,473,1
354,666,1
354,651,1
354,390,1
355,356,1
355,400,1
355,383,1
355,595,1
355,656,1
355,587,1
355,557,1
355,729,1
355,919,1
355,662,1
355,791,1
355,574,1
355,944,1
355,734,1
355,672,1
355,592,1
355,363,1
355,796,1
355,454,1
355,809,1
355,786,1
355,598,1
355,534,1
356,672,1
356,453,1
356,404,1
356,587,1
356,523,1
356,848,1
356,358,1
356,885,1
356,809,1
356,585,1
356,564,1
356,533,1
356,574,1
356,592,1
356,563,1
356,902,1
357,358,1
357,562,1
357,831,1
357,453,1
357,587,1
357,940,1
357,472,1
357,880,1
357,748,1
357,726,1
357,383,1
357,533,1
357,474,1
357,506,1
357,396,1
357,523,1
357,786,1
357,585,1
358,586,1
358,772,1
358,803,1
358,523,1
358,660,1
358,810,1
358,978,1
358,588,1
358,831,1
358,454,1
358,404,1
358,472,1
358,587,1
358,643,1
358,458,1
358,650,1
358,764,1
358,591,1
358,843,1
358,453,1
358,596,1
358,753,1
359,520,1
359,670,1
359,527,1
359,492,1
359,376,1
359,620,1
359,498,1
359,701,1
359,651,1
359,464,1
359,386,1
359,488,1
359,467,1
359,635,1
359,395,1
359,381,1
359,496,1
359,397,1
359,652,1
359,570,1
359,456,1
359,401,1
359,627,1
359,827,1
359,427,1
359,584,1
359,426,1
359,457,1
359,605,1
359,547,1
359,795,1
359,649,1
359,560,1
359,424,1
359,452,1
359,368,1
359,495,1
359,507,1
359,685,1
359,430,1
359,515,1
360,558,1
360,803,1
360,789,1
360,607,1
360,762,1
360,448,1
360,752,1
360,434,1
360,489,1
360,594,1
360,592,1
360,483,1
360,470,1
360,433,1
360,380,1
360,437,1
360,435,1
360,412,1
361,362,1
361,519,1
361,497,1
361,638,1
361,787,1
361,729,1
361,600,1
361,757,1
361,576,1
361,420,1
361,782,1
361,471,1
361,449,1
361,461,1
361,429,1
361,540,1
361,721,1
361,910,1
361,911,1
361,599,1
361,769,1
361,692,1
361,668,1
361,502,1
361,740,1
361,378,1
361,606,1
361,804,1
361,510,1
361,722,1
361,926,1
361,543,1
361,680,1
361,428,1
361,385,1
361,655,1
361,512,1
361,832,1
361,450,1
361,760,1
362,680,1
362,692,1
362,728,1
362,471,1
362,565,1
362,461,1
362,782,1
362,606,1
362,641,1
362,654,1
362,600,1
363,596,1
363,514,1
363,785,1
363,592,1
363,837,1
363,843,1
363,533,1
363,740,1
363,793,1
363,960,1
363,540,1
363,782,1
363,753,1
363,404,1
363,777,1
363,588,1
363,672,1
363,591,1
363,400,1
363,656,1
363,958,1
363,919,1
363,564,1
363,660,1
363,586,1
363,525,1
363,818,1
363,903,1
364,833,1
364,789,1
364,672,1
364,516,1
364,783,1
364,979,1
364,777,1
364,762,1
364,615,1
364,437,1
364,587,1
364,640,1
364,581,1
364,624,1
365,366,1
365,656,1
365,614,1
365,890,1
365,944,1
365,655,1
365,673,1
365,876,1
365,382,1
365,727,1
365,566,1
365,591,1
365,540,1
365,502,1
365,429,1
365,755,1
365,606,1
365,668,1
365,662,1
365,665,1
365,816,1
365,911,1
365,565,1
366,540,1
366,654,1
366,606,1
366,802,1
366,512,1
366,717,1
366,722,1
366,876,1
366,952,1
366,428,1
366,614,1
366,816,1
366,787,1
366,513,1
366,420,1
366,727,1
366,378,1
366,429,1
366,384,1
366,740,1
366,729,1
366,385,1
367,368,1
367,666,1
367,469,1
367,552,1
367,424,1
367,623,1
367,688,1
367,492,1
367,499,1
367,451,1
367,417,1
367,457,1
367,687,1
367,503,1
367,582,1
367,414,1
367,602,1
367,376,1
367,536,1
368,487,1
368,476,1
368,608,1
368,469,1
368,729,1
368,451,1
368,502,1
368,701,1
368,498,1
368,957,1
368,699,1
368,632,1
368,440,1
368,795,1
368,623,1
368,399,1
368,457,1
368,847,1
368,441,1
368,764,1
368,416,1
368,424,1
368,439,1
368,717,1
368,651,1
368,574,1
368,646,1
368,394,1
368,685,1
368,582,1
368,492,1
368,571,1
368,755,1
368,666,1
368,381,1
368,528,1
368,662,1
368,656,1
368,665,1
368,556,1
368,670,1
368,376,1
368,417,1
368,520,1
368,402,1
368,552,1
369,370,1
369,657,1
369,814,1
369,766,1
369,711,1
369,706,1
369,388,1
369,612,1
369,663,1
369,905,1
369,801,1
369,482,1
369,865,1
369,389,1
370,813,1
370,750,1
370,714,1
370,663,1
370,706,1
370,711,1
370,905,1
370,889,1
370,716,1
370,657,1
371,546,1
371,446,1
371,643,1
371,826,1
371,412,1
371,539,1
371,752,1
371,516,1
371,557,1
371,590,1
371,489,1
371,681,1
372,373,1
372,776,1
372,913,1
372,873,1
372,943,1
372,821,1
372,963,1
372,930,1
372,904,1
372,931,1
372,567,1
373,776,1
373,873,1
373,913,1
373,838,1
373,931,1
373,821,1
373,943,1
373,904,1
374,607,1
374,433,1
374,490,1
374,436,1
374,681,1
374,458,1
374,460,1
374,518,1
374,759,1
374,413,1
374,546,1
374,594,1
374,752,1
374,483,1
374,534,1
374,789,1
374,521,1
374,702,1
374,577,1
374,437,1
375,666,1
375,499,1
375,688,1
375,661,1
375,427,1
375,430,1
375,376,1
375,602,1
375,686,1
375,457,1
375,451,1
375,492,1
376,401,1
376,488,1
376,467,1
376,459,1
376,477,1
376,685,1
376,387,1
376,536,1
376,652,1
376,394,1
376,635,1
376,397,1
376,574,1
376,552,1
376,438,1
376,468,1
376,469,1
376,602,1
376,495,1
376,560,1
376,694,1
376,415,1
376,670,1
376,847,1
376,457,1
376,462,1
376,569,1
376,561,1
376,423,1
376,559,1
376,451,1
376,417,1
376,390,1
376,440,1
376,393,1
376,427,1
376,661,1
376,666,1
376,527,1
376,627,1
376,473,1
376,426,1
376,687,1
376,515,1
376,651,1
376,386,1
376,605,1
376,699,1
376,395,1
376,710,1
376,696,1
376,556,1
376,582,1
376,719,1
376,402,1
376,649,1
376,522,1
376,456,1
376,520,1
376,452,1
376,570,1
376,671,1
376,529,1
376,441,1
376,496,1
376,610,1
376,797,1
376,535,1
376,686,1
376,526,1
376,815,1
376,491,1
376,704,1
376,755,1
376,424,1
376,620,1
376,632,1
376,537,1
376,584,1
376,464,1
376,416,1
376,430,1
376,414,1
376,492,1
376,725,1
377,724,1
377,589,1
377,435,1
377,734,1
377,550,1
377,789,1
377,777,1
377,501,1
377,812,1
377,587,1
377,444,1
377,723,1
377,579,1
377,640,1
378,379,1
378,420,1
378,804,1
378,729,1
378,385,1
378,450,1
378,722,1
378,540,1
378,449,1
378,597,1
378,680,1
378,543,1
378,802,1
378,428,1
378,655,1
378,593,1
378,638,1
378,512,1
378,600,1
378,384,1
378,429,1
378,639,1
378,658,1
378,497,1
379,450,1
379,417,1
379,760,1
379,802,1
379,638,1
379,540,1
379,722,1
379,599,1
379,512,1
379,449,1
379,519,1
379,508,1
379,600,1
379,565,1
379,832,1
380,437,1
380,412,1
380,489,1
380,458,1
380,558,1
380,615,1
380,752,1
380,885,1
380,516,1
380,538,1
380,521,1
380,434,1
380,708,1
380,539,1
380,732,1
380,435,1
380,702,1
380,557,1
380,486,1
380,483,1
380,678,1
380,433,1
380,681,1
380,789,1
380,618,1
380,636,1
380,592,1
380,534,1
380,878,1
380,501,1
380,460,1
380,546,1
380,490,1
380,826,1
380,803,1
380,432,1
380,643,1
380,762,1
380,470,1
380,594,1
381,496,1
381,670,1
381,477,1
381,456,1
381,686,1
381,430,1
381,403,1
381,780,1
381,560,1
381,886,1
381,661,1
381,847,1
381,957,1
381,440,1
381,439,1
381,463,1
381,995,1
381,701,1
381,478,1
381,464,1
382,383,1
382,921,1
382,729,1
382,891,1
382,912,1
382,650,1
382,942,1
382,832,1
382,593,1
382,755,1
382,575,1
382,668,1
383,502,1
383,591,1
383,650,1
383,744,1
383,876,1
383,422,1
383,871,1
383,786,1
383,472,1
383,575,1
383,454,1
383,596,1
383,540,1
383,453,1
383,836,1
383,755,1
383,533,1
383,587,1
383,748,1
383,763,1
383,901,1
383,595,1
383,880,1
383,523,1
383,525,1
383,736,1
383,834,1
383,854,1
383,475,1
383,564,1
383,586,1
383,656,1
383,917,1
383,726,1
383,648,1
383,729,1
383,843,1
383,585,1
383,474,1
383,778,1
383,806,1
383,668,1
383,562,1
383,1030,1
383,614,1
383,782,1
383,940,1
383,396,1
383,919,1
383,664,1
383,506,1
383,784,1
383,543,1
384,385,1
384,429,1
384,760,1
384,952,1
384,816,1
384,428,1
384,450,1
384,942,1
384,513,1
384,658,1
385,471,1
385,787,1
385,512,1
385,760,1
385,600,1
385,638,1
385,654,1
385,429,1
385,609,1
385,640,1
385,782,1
385,597,1
385,428,1
385,722,1
385,680,1
385,749,1
385,804,1
385,593,1
385,444,1
385,543,1
385,941,1
385,573,1
385,420,1
385,639,1
385,658,1
385,591,1
385,575,1
385,915,1
385,518,1
385,926,1
385,727,1
385,564,1
385,655,1
385,854,1
385,450,1
385,911,1
385,802,1
386,652,1
386,559,1
386,745,1
386,552,1
386,415,1
386,430,1
386,495,1
386,498,1
386,401,1
386,417,1
386,459,1
386,522,1
386,463,1
386,794,1
386,570,1
386,493,1
386,425,1
386,611,1
386,704,1
386,610,1
386,473,1
386,827,1
386,651,1
386,739,1
386,699,1
386,676,1
386,894,1
386,529,1
386,547,1
387,571,1
387,670,1
387,507,1
387,462,1
387,661,1
387,720,1
387,527,1
387,438,1
387,425,1
387,416,1
387,725,1
387,846,1
387,556,1
387,414,1
387,602,1
387,805,1
387,606,1
387,393,1
387,498,1
387,439,1
387,477,1
387,682,1
387,415,1
387,671,1
387,559,1
387,417,1
387,402,1
387,685,1
387,611,1
387,687,1
387,440,1
387,738,1
388,389,1
388,613,1
388,657,1
388,905,1
388,481,1
388,813,1
388,612,1
388,716,1
388,986,1
388,774,1
389,905,1
389,716,1
389,657,1
389,774,1
389,612,1
389,813,1
389,481,1
389,714,1
389,613,1
390,427,1
390,424,1
390,666,1
390,522,1
390,536,1
390,469,1
390,426,1
390,499,1
390,623,1
390,574,1
390,709,1
390,520,1
390,464,1
390,417,1
390,452,1
390,552,1
390,457,1
390,492,1
390,451,1
390,488,1
390,758,1
390,632,1
390,582,1
390,438,1
390,620,1
390,394,1
390,393,1
391,392,1
391,808,1
391,531,1
391,484,1
391,505,1
391,871,1
391,419,1
391,479,1
391,923,1
391,896,1
391,418,1
391,779,1
391,964,1
391,587,1
391,532,1
391,763,1
391,844,1
391,504,1
391,542,1
391,465,1
391,583,1
391,485,1
391,480,1
391,645,1
391,554,1
392,532,1
392,419,1
392,485,1
392,541,1
392,418,1
392,465,1
392,896,1
392,923,1
392,583,1
392,645,1
392,871,1
392,808,1
392,542,1
392,479,1
392,844,1
392,729,1
392,524,1
392,779,1
392,484,1
392,531,1
392,763,1
392,480,1
392,862,1
392,505,1
392,554,1
393,402,1
393,397,1
393,401,1
393,527,1
393,456,1
393,492,1
393,462,1
393,430,1
393,488,1
393,438,1
393,574,1
393,426,1
393,606,1
394,560,1
394,424,1
394,627,1
394,499,1
394,666,1
394,536,1
394,494,1
394,632,1
394,441,1
394,402,1
394,417,1
394,438,1
394,492,1
394,578,1
394,451,1
394,552,1
394,582,1
395,495,1
395,467,1
395,584,1
395,477,1
395,452,1
395,669,1
395,649,1
395,556,1
395,464,1
395,515,1
395,560,1
395,627,1
395,670,1
395,973,1
395,439,1
395,520,1
395,473,1
395,651,1
395,468,1
395,570,1
395,430,1
395,819,1
395,401,1
395,620,1
395,496,1
396,562,1
396,472,1
396,786,1
396,587,1
396,511,1
396,940,1
396,595,1
396,475,1
396,656,1
397,710,1
397,426,1
397,574,1
397,527,1
397,520,1
397,423,1
397,451,1
397,452,1
397,815,1
397,537,1
397,491,1
397,651,1
397,610,1
397,747,1
397,582,1
397,601,1
397,457,1
397,507,1
397,402,1
397,627,1
397,846,1
397,530,1
397,427,1
398,581,1
398,640,1
398,444,1
398,703,1
398,681,1
398,798,1
398,550,1
398,734,1
398,735,1
398,579,1
398,587,1
398,518,1
398,557,1
398,659,1
398,534,1
398,544,1
398,799,1
398,546,1
398,589,1
398,551,1
398,749,1
398,752,1
398,637,1
398,885,1
399,927,1
399,528,1
399,864,1
399,717,1
399,778,1
399,795,1
399,464,1
399,670,1
399,552,1
399,462,1
399,452,1
399,701,1
399,942,1
399,498,1
399,456,1
399,403,1
399,616,1
400,405,1
400,796,1
400,918,1
400,818,1
400,940,1
400,608,1
400,650,1
400,854,1
400,472,1
400,809,1
400,712,1
400,784,1
400,887,1
400,598,1
400,783,1
400,664,1
400,533,1
400,586,1
400,543,1
400,711,1
400,511,1
400,707,1
401,473,1
401,651,1
401,584,1
401,522,1
401,620,1
401,424,1
401,570,1
401,605,1
401,520,1
401,456,1
401,797,1
401,464,1
401,652,1
401,515,1
401,710,1
401,430,1
401,488,1
401,426,1
401,627,1
401,495,1
401,560,1
401,468,1
401,416,1
401,423,1
401,467,1
401,610,1
401,527,1
401,699,1
401,452,1
402,440,1
402,632,1
402,426,1
402,687,1
402,552,1
402,578,1
402,685,1
402,464,1
402,725,1
402,462,1
402,750,1
402,846,1
402,635,1
402,416,1
402,623,1
402,527,1
402,424,1
402,529,1
402,602,1
402,982,1
402,455,1
402,696,1
402,922,1
402,507,1
402,582,1
402,601,1
402,417,1
402,492,1
402,477,1
402,438,1
402,666,1
402,866,1
402,469,1
402,569,1
402,488,1
403,547,1
403,701,1
403,646,1
403,561,1
403,476,1
403,439,1
403,496,1
403,477,1
403,685,1
403,671,1
403,556,1
403,440,1
403,670,1
403,487,1
403,682,1
403,425,1
403,559,1
404,405,1
404,511,1
404,753,1
404,525,1
404,919,1
404,523,1
404,564,1
404,958,1
404,585,1
404,592,1
404,472,1
404,510,1
404,785,1
404,588,1
404,918,1
404,849,1
404,587,1
405,472,1
405,525,1
405,598,1
405,585,1
405,718,1
405,707,1
405,783,1
405,533,1
405,784,1
405,711,1
405,848,1
405,850,1
405,919,1
405,586,1
405,796,1
405,902,1
405,918,1
405,656,1
405,753,1
405,614,1
405,726,1
405,924,1
406,824,1
406,865,1
406,765,1
406,766,1
406,773,1
406,863,1
406,663,1
406,992,1
406,443,1
407,862,1
407,531,1
407,844,1
407,479,1
407,583,1
407,896,1
407,532,1
407,465,1
407,484,1
407,542,1
407,645,1
407,779,1
408,409,1
408,884,1
408,566,1
408,721,1
408,1002,1
408,511,1
408,950,1
408,874,1
408,667,1
408,654,1
409,733,1
409,667,1
409,884,1
409,566,1
409,1012,1
409,510,1
409,874,1
409,950,1
409,511,1
409,929,1
409,956,1
410,411,1
410,939,1
410,497,1
410,697,1
410,999,1
410,1006,1
411,854,1
411,950,1
411,543,1
411,874,1
411,939,1
411,511,1
411,447,1
412,434,1
412,489,1
412,557,1
412,460,1
412,702,1
412,550,1
412,752,1
412,577,1
412,483,1
412,789,1
412,949,1
412,615,1
412,770,1
412,558,1
412,539,1
412,681,1
412,589,1
412,543,1
412,490,1
412,590,1
412,759,1
412,678,1
412,587,1
412,732,1
412,546,1
412,724,1
412,594,1
412,826,1
412,445,1
412,437,1
412,501,1
412,466,1
412,458,1
412,573,1
412,538,1
412,436,1
412,618,1
412,433,1
412,534,1
412,689,1
412,448,1
412,516,1
412,486,1
412,518,1
412,521,1
412,700,1
412,444,1
412,878,1
412,640,1
412,772,1
412,435,1
412,679,1
412,446,1
412,691,1
412,762,1
412,643,1
412,945,1
412,579,1
412,431,1
412,413,1
412,803,1
412,735,1
412,592,1
412,626,1
412,787,1
413,437,1
413,803,1
413,772,1
413,458,1
413,558,1
413,490,1
413,470,1
413,433,1
413,516,1
413,557,1
413,546,1
413,483,1
413,732,1
413,577,1
413,607,1
413,752,1
413,539,1
413,435,1
413,434,1
413,594,1
413,700,1
413,789,1
413,534,1
413,787,1
413,460,1
413,708,1
414,415,1
414,861,1
414,507,1
414,720,1
414,603,1
414,620,1
414,629,1
414,492,1
414,602,1
414,687,1
414,459,1
414,529,1
414,425,1
414,610,1
414,725,1
414,739,1
414,426,1
414,717,1
414,527,1
414,464,1
415,602,1
415,699,1
415,739,1
415,529,1
415,456,1
415,556,1
415,866,1
415,687,1
415,704,1
415,676,1
415,611,1
415,846,1
415,620,1
415,629,1
415,425,1
415,559,1
415,488,1
415,1000,1
415,462,1
415,827,1
415,464,1
415,794,1
415,861,1
415,507,1
415,720,1
415,630,1
415,459,1
416,670,1
416,616,1
416,463,1
416,515,1
416,965,1
416,570,1
416,561,1
416,795,1
416,661,1
416,635,1
416,439,1
416,686,1
416,620,1
416,823,1
416,452,1
416,608,1
416,646,1
416,685,1
416,473,1
416,464,1
416,560,1
416,682,1
416,498,1
416,683,1
416,699,1
416,704,1
416,478,1
416,456,1
416,440,1
416,476,1
416,701,1
416,881,1
417,795,1
417,728,1
417,492,1
417,469,1
417,441,1
417,498,1
417,685,1
417,717,1
417,451,1
417,536,1
417,688,1
417,552,1
417,666,1
417,462,1
417,425,1
417,438,1
417,623,1
417,529,1
417,574,1
417,632,1
417,578,1
417,499,1
418,419,1
418,583,1
418,771,1
418,484,1
418,480,1
418,505,1
418,504,1
418,844,1
418,896,1
418,645,1
418,542,1
418,763,1
418,479,1
418,485,1
418,531,1
418,871,1
418,532,1
418,541,1
418,779,1
418,923,1
418,465,1
418,524,1
418,808,1
418,554,1
419,479,1
419,862,1
419,465,1
419,484,1
419,532,1
419,844,1
419,531,1
419,485,1
419,554,1
419,505,1
419,896,1
419,541,1
419,763,1
419,480,1
419,779,1
419,871,1
419,645,1
419,771,1
419,542,1
419,583,1
419,524,1
419,504,1
419,808,1
420,680,1
420,638,1
420,540,1
420,576,1
420,760,1
420,497,1
420,428,1
420,787,1
420,802,1
420,832,1
420,722,1
420,740,1
420,461,1
420,450,1
420,614,1
420,510,1
420,512,1
420,941,1
420,639,1
421,422,1
421,533,1
421,761,1
421,475,1
421,549,1
421,472,1
421,726,1
421,713,1
421,744,1
421,506,1
421,712,1
421,811,1
421,809,1
421,511,1
421,523,1
421,903,1
421,648,1
421,937,1
422,648,1
422,633,1
422,786,1
422,514,1
422,744,1
422,809,1
422,743,1
422,940,1
422,533,1
422,901,1
422,726,1
422,976,1
422,917,1
422,656,1
422,506,1
422,810,1
422,474,1
422,712,1
422,475,1
422,908,1
422,811,1
422,955,1
422,562,1
422,693,1
422,588,1
423,424,1
423,496,1
423,522,1
423,520,1
423,699,1
423,605,1
423,467,1
423,570,1
423,468,1
424,738,1
424,427,1
424,536,1
424,438,1
424,491,1
424,823,1
424,559,1
424,709,1
424,451,1
424,687,1
424,666,1
424,507,1
424,578,1
424,715,1
424,570,1
424,537,1
424,492,1
424,696,1
424,582,1
424,530,1
424,632,1
424,623,1
424,522,1
424,684,1
424,907,1
425,459,1
425,476,1
425,805,1
425,846,1
425,611,1
425,462,1
425,559,1
425,861,1
425,652,1
425,866,1
425,894,1
425,975,1
425,699,1
425,675,1
425,610,1
425,687,1
425,527,1
425,720,1
426,427,1
426,488,1
426,492,1
426,515,1
426,552,1
426,560,1
426,464,1
426,496,1
426,922,1
426,602,1
426,430,1
426,627,1
426,498,1
426,459,1
426,694,1
426,725,1
426,620,1
426,507,1
426,522,1
426,687,1
426,527,1
426,473,1
426,846,1
426,452,1
426,570,1
426,574,1
427,491,1
427,452,1
427,492,1
427,457,1
427,527,1
427,536,1
427,627,1
427,496,1
427,522,1
427,653,1
427,632,1
427,601,1
427,464,1
427,441,1
427,623,1
427,537,1
427,488,1
427,552,1
427,620,1
427,451,1
427,666,1
427,438,1
427,535,1
428,429,1
428,655,1
428,461,1
428,802,1
428,816,1
428,639,1
428,952,1
428,543,1
428,787,1
428,512,1
428,760,1
428,540,1
428,680,1
428,658,1
428,450,1
428,576,1
429,575,1
429,471,1
429,697,1
429,513,1
429,655,1
429,749,1
429,497,1
429,639,1
429,727,1
429,854,1
429,449,1
429,787,1
429,574,1
429,519,1
429,508,1
429,512,1
429,876,1
429,760,1
429,606,1
429,834,1
429,723,1
429,722,1
429,658,1
429,952,1
429,915,1
429,638,1
429,654,1
429,911,1
429,782,1
429,802,1
429,576,1
429,804,1
429,728,1
429,941,1
429,450,1
429,461,1
429,680,1
429,600,1
430,649,1
430,473,1
430,651,1
430,468,1
430,670,1
430,682,1
430,699,1
430,815,1
430,529,1
430,661,1
430,560,1
430,467,1
430,456,1
430,710,1
430,797,1
430,620,1
430,495,1
430,570,1
430,496,1
430,686,1
430,522,1
430,520,1
430,561,1
430,464,1
430,527,1
430,584,1
430,477,1
430,452,1
430,652,1
430,847,1
430,627,1
430,451,1
431,432,1
431,444,1
431,723,1
431,907,1
431,580,1
431,534,1
431,550,1
431,626,1
431,734,1
431,446,1
431,690,1
431,587,1
431,447,1
431,500,1
431,618,1
431,573,1
431,988,1
431,589,1
431,548,1
431,640,1
431,724,1
431,878,1
431,752,1
431,945,1
431,735,1
431,518,1
431,691,1
431,579,1
431,501,1
431,812,1
432,548,1
432,589,1
432,579,1
432,640,1
432,659,1
432,637,1
432,580,1
432,885,1
432,501,1
432,626,1
432,735,1
432,433,1
432,799,1
432,534,1
432,880,1
432,544,1
432,890,1
432,734,1
432,446,1
432,587,1
432,517,1
432,690,1
432,563,1
432,518,1
432,678,1
432,945,1
432,749,1
432,550,1
432,703,1
432,770,1
432,798,1
432,849,1
432,744,1
432,445,1
432,809,1
432,551,1
433,434,1
433,458,1
433,660,1
433,557,1
433,681,1
433,636,1
433,436,1
433,826,1
433,460,1
433,490,1
433,803,1
433,702,1
433,607,1
433,534,1
433,489,1
433,483,1
433,752,1
433,546,1
433,437,1
433,563,1
434,470,1
434,558,1
434,539,1
434,589,1
434,458,1
434,689,1
434,435,1
434,878,1
434,557,1
434,759,1
434,732,1
434,762,1
434,636,1
434,679,1
434,516,1
434,521,1
434,534,1
434,489,1
434,681,1
434,546,1
434,702,1
434,787,1
434,678,1
434,437,1
434,466,1
434,436,1
434,643,1
434,460,1
434,490,1
434,594,1
434,803,1
434,448,1
434,577,1
434,592,1
434,607,1
434,826,1
434,789,1
434,483,1
434,752,1
434,486,1
435,681,1
435,470,1
435,437,1
435,558,1
435,557,1
435,735,1
435,516,1
435,679,1
435,787,1
435,826,1
435,483,1
435,607,1
435,577,1
435,732,1
435,550,1
435,590,1
435,539,1
435,594,1
435,789,1
435,460,1
435,534,1
435,448,1
435,489,1
435,486,1
435,521,1
436,437,1
436,489,1
436,546,1
436,803,1
436,458,1
436,534,1
436,752,1
436,789,1
436,448,1
436,466,1
436,636,1
436,521,1
436,681,1
436,826,1
436,490,1
436,557,1
436,589,1
436,483,1
437,470,1
437,516,1
437,466,1
437,489,1
437,681,1
437,460,1
437,708,1
437,483,1
437,615,1
437,752,1
437,732,1
437,789,1
437,607,1
437,803,1
437,546,1
437,558,1
437,534,1
437,577,1
437,826,1
437,689,1
437,702,1
437,594,1
437,448,1
437,539,1
437,458,1
437,490,1
438,507,1
438,715,1
438,537,1
438,699,1
438,455,1
438,671,1
438,580,1
438,666,1
438,627,1
438,623,1
438,582,1
438,578,1
438,488,1
438,632,1
438,602,1
438,522,1
438,685,1
438,496,1
438,492,1
438,457,1
438,464,1
438,620,1
438,451,1
438,491,1
438,536,1
438,452,1
439,687,1
439,682,1
439,686,1
439,556,1
439,571,1
439,440,1
439,477,1
439,973,1
439,701,1
439,478,1
439,670,1
439,671,1
439,476,1
439,456,1
439,933,1
439,685,1
439,661,1
439,669,1
439,496,1
439,561,1
440,687,1
440,561,1
440,455,1
440,487,1
440,847,1
440,477,1
440,670,1
440,520,1
440,502,1
440,685,1
440,556,1
440,701,1
440,476,1
440,635,1
440,646,1
440,620,1
440,478,1
440,456,1
440,496,1
440,682,1
440,571,1
441,666,1
441,688,1
441,527,1
441,696,1
441,916,1
441,699,1
441,795,1
441,685,1
441,623,1
441,469,1
441,536,1
441,457,1
441,499,1
441,632,1
441,717,1
441,492,1
441,462,1
441,574,1
441,467,1
441,552,1
441,477,1
441,582,1
441,671,1
442,443,1
442,766,1
442,865,1
442,971,1
442,855,1
442,616,1
443,865,1
443,773,1
443,674,1
443,709,1
443,766,1
443,962,1
443,578,1
443,675,1
443,754,1
443,758,1
443,616,1
443,494,1
444,445,1
444,446,1
444,735,1
444,723,1
444,548,1
444,885,1
444,557,1
444,550,1
444,637,1
444,749,1
444,489,1
444,517,1
444,594,1
444,681,1
444,521,1
444,626,1
444,907,1
444,534,1
444,777,1
444,691,1
444,573,1
444,812,1
444,501,1
444,447,1
444,770,1
444,724,1
444,734,1
444,640,1
444,864,1
444,700,1
444,703,1
444,618,1
444,579,1
444,518,1
444,587,1
444,945,1
444,690,1
444,878,1
445,501,1
445,446,1
445,640,1
445,550,1
445,700,1
445,724,1
445,579,1
445,518,1
445,907,1
445,447,1
445,735,1
445,734,1
445,517,1
445,587,1
445,626,1
445,618,1
445,703,1
445,548,1
445,690,1
446,447,1
446,573,1
446,735,1
446,500,1
446,551,1
446,626,1
446,703,1
446,734,1
446,557,1
446,777,1
446,518,1
446,849,1
446,501,1
446,579,1
446,580,1
446,517,1
446,907,1
446,723,1
446,550,1
446,988,1
446,618,1
446,589,1
446,770,1
446,799,1
446,534,1
446,548,1
446,812,1
446,678,1
446,700,1
446,546,1
446,724,1
446,587,1
446,681,1
446,640,1
447,518,1
447,772,1
447,489,1
447,640,1
447,579,1
447,501,1
447,517,1
447,590,1
447,659,1
447,548,1
447,550,1
447,724,1
447,626,1
447,735,1
447,587,1
447,854,1
447,543,1
448,489,1
448,636,1
448,643,1
448,590,1
448,803,1
448,539,1
448,490,1
448,772,1
448,789,1
448,681,1
448,466,1
448,458,1
448,752,1
448,557,1
448,615,1
448,521,1
448,577,1
448,470,1
448,759,1
448,589,1
448,689,1
448,460,1
448,849,1
448,534,1
448,762,1
448,592,1
448,558,1
449,450,1
449,680,1
449,512,1
449,497,1
449,543,1
449,926,1
449,782,1
449,599,1
449,600,1
449,668,1
449,740,1
449,729,1
449,638,1
449,461,1
449,760,1
449,692,1
449,911,1
450,802,1
450,760,1
450,658,1
450,728,1
450,512,1
450,597,1
450,729,1
450,668,1
450,854,1
450,680,1
450,655,1
450,816,1
450,638,1
450,471,1
450,942,1
450,600,1
450,543,1
450,497,1
450,722,1
450,593,1
450,782,1
450,639,1
451,537,1
451,467,1
451,491,1
451,688,1
451,620,1
451,627,1
451,457,1
451,469,1
451,464,1
451,499,1
451,522,1
451,552,1
451,699,1
451,582,1
451,687,1
451,574,1
451,462,1
451,632,1
451,492,1
451,623,1
452,627,1
452,629,1
452,671,1
452,686,1
452,456,1
452,488,1
452,464,1
452,620,1
452,537,1
452,560,1
452,569,1
452,515,1
452,496,1
452,522,1
452,980,1
452,570,1
452,536,1
452,492,1
452,601,1
452,605,1
452,520,1
452,661,1
452,651,1
452,491,1
452,467,1
452,473,1
453,454,1
453,523,1
453,475,1
453,753,1
453,564,1
453,562,1
453,828,1
453,474,1
453,592,1
453,843,1
453,546,1
453,557,1
453,591,1
453,596,1
453,707,1
453,588,1
453,919,1
453,506,1
453,777,1
453,786,1
453,648,1
453,472,1
453,585,1
453,656,1
453,755,1
453,660,1
453,880,1
453,831,1
453,587,1
453,726,1
453,849,1
453,514,1
453,609,1
453,713,1
453,595,1
453,664,1
454,662,1
454,729,1
454,591,1
454,648,1
454,656,1
454,713,1
454,755,1
454,595,1
454,875,1
454,528,1
454,587,1
455,456,1
455,696,1
455,602,1
455,492,1
455,709,1
455,717,1
455,463,1
455,666,1
455,647,1
455,951,1
455,578,1
455,795,1
455,685,1
455,496,1
455,823,1
455,671,1
455,488,1
456,498,1
456,687,1
456,685,1
456,686,1
456,464,1
456,559,1
456,651,1
456,467,1
456,560,1
456,605,1
456,671,1
456,522,1
456,477,1
456,463,1
456,492,1
456,571,1
456,570,1
456,682,1
456,495,1
456,476,1
456,670,1
456,661,1
456,520,1
456,620,1
457,536,1
457,688,1
457,632,1
457,491,1
457,666,1
457,522,1
457,627,1
457,552,1
457,623,1
457,469,1
457,492,1
457,537,1
457,499,1
458,592,1
458,534,1
458,594,1
458,557,1
458,789,1
458,558,1
458,681,1
458,826,1
458,803,1
458,678,1
458,679,1
458,615,1
458,752,1
458,490,1
458,589,1
458,762,1
458,636,1
458,577,1
458,538,1
458,483,1
458,590,1
458,759,1
458,466,1
458,489,1
458,607,1
458,546,1
458,817,1
458,516,1
459,758,1
459,559,1
459,623,1
459,709,1
459,676,1
459,696,1
459,488,1
459,574,1
459,687,1
459,629,1
459,635,1
459,602,1
459,507,1
459,720,1
459,745,1
460,607,1
460,579,1
460,594,1
460,577,1
460,534,1
460,546,1
460,539,1
460,702,1
460,732,1
460,759,1
460,489,1
460,723,1
460,516,1
460,592,1
460,772,1
460,521,1
460,681,1
460,762,1
460,752,1
460,789,1
460,483,1
460,557,1
461,680,1
461,729,1
461,575,1
461,760,1
461,519,1
461,543,1
461,540,1
461,727,1
461,787,1
461,832,1
461,782,1
461,599,1
461,879,1
461,502,1
461,593,1
461,692,1
461,728,1
461,497,1
461,600,1
461,641,1
461,513,1
461,836,1
461,471,1
461,998,1
461,769,1
461,576,1
461,606,1
461,510,1
461,853,1
462,526,1
462,601,1
462,866,1
462,632,1
462,795,1
462,916,1
462,507,1
462,469,1
462,725,1
462,846,1
462,492,1
462,478,1
462,671,1
462,608,1
462,731,1
462,552,1
462,717,1
462,571,1
462,487,1
462,602,1
462,498,1
462,527,1
462,701,1
462,529,1
463,572,1
463,644,1
463,709,1
463,653,1
463,493,1
463,938,1
463,980,1
463,754,1
463,705,1
463,578,1
463,870,1
463,751,1
463,881,1
463,738,1
463,794,1
463,695,1
463,683,1
463,823,1
463,684,1
463,704,1
463,788,1
463,717,1
463,920,1
463,616,1
463,981,1
464,522,1
464,627,1
464,704,1
464,515,1
464,605,1
464,473,1
464,584,1
464,561,1
464,661,1
464,570,1
464,496,1
464,699,1
464,738,1
464,520,1
464,527,1
464,492,1
464,495,1
464,491,1
464,536,1
464,560,1
464,652,1
464,651,1
464,620,1
464,686,1
464,537,1
464,467,1
465,583,1
465,862,1
465,532,1
465,871,1
465,480,1
465,485,1
465,484,1
465,541,1
465,479,1
465,779,1
465,554,1
465,844,1
465,645,1
465,964,1
465,531,1
465,542,1
465,808,1
465,505,1
465,524,1
465,763,1
465,504,1
466,752,1
466,521,1
466,636,1
466,470,1
466,539,1
466,489,1
466,557,1
466,826,1
466,534,1
466,546,1
466,762,1
466,759,1
466,789,1
467,468,1
467,495,1
467,499,1
467,520,1
467,584,1
467,649,1
467,652,1
467,627,1
467,515,1
467,536,1
467,651,1
467,710,1
467,522,1
467,570,1
467,605,1
467,492,1
467,620,1
467,496,1
468,476,1
468,570,1
468,835,1
468,620,1
468,701,1
468,560,1
468,649,1
468,495,1
468,584,1
468,527,1
468,1022,1
468,895,1
468,571,1
468,498,1
468,522,1
468,473,1
468,651,1
469,499,1
469,491,1
469,552,1
469,536,1
469,666,1
469,688,1
469,717,1
469,623,1
469,795,1
469,632,1
469,492,1
469,503,1
470,615,1
470,490,1
470,826,1
470,787,1
470,762,1
470,590,1
470,708,1
470,589,1
470,594,1
470,577,1
470,789,1
470,643,1
470,636,1
470,557,1
470,752,1
470,534,1
470,483,1
470,539,1
470,803,1
470,521,1
470,607,1
471,595,1
471,782,1
471,836,1
471,729,1
471,680,1
471,692,1
471,600,1
471,575,1
471,867,1
471,606,1
471,512,1
471,727,1
471,668,1
471,778,1
471,641,1
471,565,1
471,599,1
471,654,1
472,523,1
472,843,1
472,712,1
472,744,1
472,587,1
472,586,1
472,777,1
472,755,1
472,506,1
472,595,1
472,648,1
472,592,1
472,880,1
472,919,1
472,564,1
472,734,1
472,585,1
472,588,1
472,713,1
472,736,1
472,562,1
472,860,1
472,784,1
472,533,1
472,785,1
472,591,1
472,778,1
472,848,1
472,549,1
472,726,1
472,718,1
472,937,1
472,596,1
472,656,1
473,520,1
473,570,1
473,488,1
473,649,1
473,522,1
473,571,1
473,605,1
473,699,1
473,701,1
473,847,1
473,651,1
473,620,1
473,610,1
473,652,1
473,495,1
473,584,1
473,560,1
473,491,1
473,704,1
474,475,1
474,726,1
474,562,1
474,753,1
474,546,1
474,564,1
474,585,1
474,901,1
474,595,1
474,748,1
474,523,1
474,849,1
474,786,1
474,588,1
474,514,1
475,693,1
475,726,1
475,748,1
475,564,1
475,523,1
475,955,1
475,591,1
475,786,1
475,901,1
475,586,1
475,917,1
475,506,1
475,562,1
475,811,1
475,648,1
475,596,1
475,743,1
475,744,1
475,736,1
475,656,1
476,737,1
476,886,1
476,895,1
476,686,1
476,571,1
476,646,1
476,741,1
476,701,1
476,835,1
476,496,1
476,556,1
476,750,1
476,477,1
476,478,1
476,487,1
476,685,1
476,738,1
476,957,1
476,561,1
476,1022,1
476,502,1
476,661,1
476,608,1
476,682,1
476,547,1
476,560,1
477,478,1
477,670,1
477,682,1
477,696,1
477,620,1
477,571,1
477,661,1
477,671,1
477,686,1
477,561,1
477,933,1
477,556,1
477,685,1
477,495,1
477,646,1
477,496,1
477,687,1
477,701,1
478,571,1
478,682,1
478,496,1
478,616,1
478,670,1
478,495,1
478,653,1
478,957,1
478,965,1
478,933,1
478,493,1
478,701,1
478,835,1
478,646,1
479,480,1
479,554,1
479,532,1
479,505,1
479,844,1
479,524,1
479,871,1
479,645,1
479,542,1
479,531,1
479,862,1
479,583,1
479,763,1
479,485,1
479,808,1
479,504,1
479,964,1
479,779,1
479,541,1
479,484,1
480,645,1
480,541,1
480,871,1
480,542,1
480,524,1
480,531,1
480,504,1
480,484,1
480,485,1
480,532,1
480,771,1
480,808,1
480,763,1
480,583,1
480,779,1
480,844,1
480,862,1
480,554,1
481,482,1
481,971,1
481,716,1
481,905,1
481,657,1
481,714,1
481,706,1
481,813,1
481,612,1
482,714,1
482,889,1
482,766,1
482,962,1
482,625,1
482,773,1
482,705,1
482,706,1
482,750,1
482,905,1
482,657,1
482,711,1
482,663,1
482,824,1
482,865,1
483,803,1
483,689,1
483,679,1
483,752,1
483,702,1
483,590,1
483,516,1
483,878,1
483,521,1
483,557,1
483,594,1
483,577,1
483,789,1
483,534,1
483,539,1
483,607,1
483,732,1
483,615,1
483,486,1
483,592,1
484,485,1
484,583,1
484,808,1
484,531,1
484,923,1
484,541,1
484,542,1
484,862,1
484,964,1
484,844,1
484,505,1
484,645,1
484,656,1
484,532,1
484,554,1
484,871,1
484,763,1
484,524,1
484,504,1
484,779,1
485,808,1
485,524,1
485,554,1
485,763,1
485,504,1
485,964,1
485,583,1
485,505,1
485,532,1
485,645,1
485,871,1
485,531,1
485,844,1
485,541,1
485,779,1
485,862,1
485,542,1
486,516,1
486,573,1
486,594,1
486,538,1
486,752,1
486,534,1
486,557,1
486,732,1
486,589,1
486,615,1
486,826,1
487,646,1
487,608,1
487,498,1
487,571,1
487,970,1
487,957,1
487,685,1
487,780,1
487,920,1
487,556,1
488,666,1
488,522,1
488,491,1
488,537,1
488,601,1
488,696,1
488,515,1
488,527,1
488,651,1
488,635,1
488,492,1
488,574,1
488,623,1
488,620,1
489,678,1
489,702,1
489,577,1
489,752,1
489,490,1
489,826,1
489,708,1
489,590,1
489,681,1
489,878,1
489,759,1
489,689,1
489,679,1
489,521,1
489,789,1
489,594,1
489,592,1
489,534,1
489,546,1
489,557,1
489,558,1
489,538,1
489,516,1
489,817,1
489,543,1
489,643,1
489,589,1
489,762,1
489,772,1
490,607,1
490,681,1
490,516,1
490,789,1
490,501,1
490,826,1
490,803,1
490,546,1
490,752,1
490,679,1
490,817,1
490,636,1
490,558,1
490,594,1
490,557,1
491,492,1
491,632,1
491,623,1
491,499,1
491,582,1
491,717,1
491,666,1
491,507,1
491,574,1
491,627,1
491,569,1
491,560,1
491,620,1
491,536,1
492,578,1
492,666,1
492,498,1
492,886,1
492,574,1
492,717,1
492,610,1
492,527,1
492,605,1
492,627,1
492,503,1
492,515,1
492,623,1
492,651,1
492,547,1
492,701,1
492,494,1
492,522,1
492,536,1
492,995,1
492,570,1
492,632,1
492,687,1
492,933,1
492,537,1
492,499,1
492,688,1
492,582,1
492,916,1
492,715,1
492,685,1
492,552,1
492,507,1
492,696,1
492,602,1
492,684,1
492,620,1
492,635,1
493,794,1
493,652,1
493,616,1
493,675,1
493,827,1
493,571,1
493,687,1
493,823,1
493,881,1
493,739,1
493,699,1
493,661,1
494,709,1
494,578,1
494,737,1
494,555,1
494,754,1
494,745,1
495,496,1
495,682,1
495,652,1
495,847,1
495,651,1
495,520,1
495,646,1
495,649,1
495,560,1
495,570,1
495,797,1
495,584,1
495,699,1
496,571,1
496,566,1
496,560,1
496,835,1
496,651,1
496,646,1
496,694,1
496,661,1
496,682,1
496,522,1
496,520,1
496,685,1
496,620,1
496,686,1
496,671,1
496,670,1
497,519,1
497,680,1
497,740,1
497,760,1
497,600,1
497,911,1
497,692,1
497,664,1
497,729,1
497,668,1
497,576,1
497,884,1
497,543,1
497,926,1
497,512,1
497,782,1
497,540,1
497,638,1
497,593,1
498,530,1
498,605,1
498,520,1
498,552,1
498,738,1
498,527,1
498,610,1
498,745,1
498,670,1
498,627,1
498,647,1
498,916,1
498,894,1
498,717,1
498,827,1
498,602,1
498,507,1
498,620,1
498,933,1
498,522,1
498,547,1
498,951,1
498,584,1
498,570,1
498,526,1
498,616,1
498,701,1
498,825,1
499,632,1
499,627,1
499,552,1
499,582,1
499,688,1
499,623,1
499,536,1
499,578,1
500,501,1
500,812,1
500,626,1
500,589,1
500,518,1
500,798,1
500,849,1
500,1009,1
500,579,1
500,724,1
500,640,1
500,907,1
500,988,1
500,587,1
500,550,1
501,723,1
501,777,1
501,770,1
501,637,1
501,659,1
501,703,1
501,618,1
501,640,1
501,690,1
501,691,1
501,580,1
501,681,1
501,534,1
501,700,1
501,724,1
501,518,1
501,735,1
501,517,1
501,615,1
501,812,1
501,945,1
501,587,1
501,590,1
501,579,1
501,548,1
501,626,1
501,550,1
501,907,1
501,734,1
501,842,1
501,988,1
502,662,1
502,641,1
502,876,1
502,891,1
502,575,1
502,833,1
502,926,1
502,665,1
502,508,1
502,680,1
502,668,1
502,565,1
502,654,1
502,576,1
502,519,1
502,692,1
502,822,1
502,941,1
502,614,1
502,540,1
502,727,1
502,782,1
502,543,1
502,740,1
502,619,1
502,760,1
502,600,1
502,606,1
502,729,1
502,510,1
502,778,1
502,593,1
502,560,1
502,998,1
502,834,1
502,911,1
502,942,1
502,599,1
502,755,1
502,832,1
503,685,1
503,717,1
504,505,1
504,871,1
504,844,1
504,587,1
504,923,1
504,524,1
504,541,1
504,542,1
504,531,1
504,532,1
504,554,1
504,779,1
504,808,1
504,896,1
504,583,1
505,531,1
505,645,1
505,779,1
505,844,1
505,871,1
505,532,1
505,964,1
505,542,1
505,923,1
505,729,1
505,587,1
505,583,1
506,693,1
506,656,1
506,595,1
506,743,1
506,523,1
506,585,1
506,726,1
506,748,1
506,786,1
507,738,1
507,627,1
507,522,1
507,696,1
507,520,1
507,846,1
507,709,1
507,556,1
507,629,1
507,537,1
507,602,1
507,687,1
507,675,1
507,530,1
507,701,1
507,685,1
507,620,1
507,745,1
508,638,1
508,760,1
508,540,1
508,910,1
508,802,1
508,941,1
508,1012,1
508,667,1
508,543,1
508,519,1
508,680,1
508,593,1
508,565,1
508,528,1
508,832,1
508,655,1
508,911,1
508,575,1
508,597,1
508,641,1
509,742,1
509,568,1
509,961,1
509,963,1
509,567,1
509,914,1
509,1001,1
509,906,1
509,858,1
509,962,1
509,892,1
510,511,1
510,875,1
510,680,1
510,941,1
510,600,1
510,832,1
510,787,1
510,721,1
510,1005,1
510,760,1
510,543,1
510,733,1
510,641,1
510,576,1
510,950,1
510,926,1
510,874,1
510,566,1
511,721,1
511,937,1
511,733,1
511,566,1
511,950,1
511,528,1
511,712,1
511,929,1
511,654,1
511,952,1
511,513,1
511,549,1
511,874,1
511,956,1
511,875,1
511,1012,1
511,939,1
511,533,1
511,884,1
511,958,1
511,903,1
512,513,1
512,816,1
512,802,1
512,668,1
512,565,1
512,600,1
512,804,1
512,910,1
512,722,1
512,760,1
512,680,1
512,729,1
512,597,1
512,638,1
512,639,1
512,941,1
513,941,1
513,782,1
513,722,1
513,655,1
513,680,1
513,543,1
513,566,1
513,729,1
513,950,1
513,721,1
513,952,1
513,874,1
513,733,1
513,884,1
514,533,1
514,756,1
514,818,1
514,564,1
514,633,1
514,660,1
514,588,1
514,595,1
514,918,1
514,919,1
514,753,1
514,849,1
514,585,1
514,545,1
514,748,1
514,777,1
514,744,1
514,672,1
514,743,1
514,883,1
514,693,1
514,525,1
515,737,1
515,560,1
515,522,1
515,520,1
515,570,1
515,651,1
515,584,1
515,620,1
516,518,1
516,700,1
516,679,1
516,521,1
516,803,1
516,878,1
516,557,1
516,590,1
516,789,1
516,723,1
516,752,1
516,579,1
516,791,1
516,543,1
516,594,1
517,518,1
517,640,1
517,690,1
517,945,1
517,618,1
517,703,1
517,579,1
517,678,1
517,734,1
517,724,1
517,587,1
517,700,1
517,550,1
517,573,1
517,735,1
517,626,1
517,681,1
517,580,1
517,548,1
517,691,1
517,907,1
517,557,1
517,812,1
518,618,1
518,723,1
518,659,1
518,587,1
518,546,1
518,557,1
518,752,1
518,735,1
518,770,1
518,849,1
518,640,1
518,521,1
518,534,1
518,576,1
518,573,1
518,678,1
518,589,1
518,703,1
518,550,1
518,734,1
518,681,1
518,724,1
518,777,1
518,548,1
518,700,1
518,579,1
518,590,1
518,626,1
519,599,1
519,600,1
519,760,1
519,729,1
519,911,1
519,576,1
519,722,1
519,565,1
519,802,1
519,782,1
519,952,1
519,832,1
519,680,1
519,658,1
519,910,1
519,543,1
519,769,1
519,606,1
519,540,1
519,593,1
519,951,1
520,666,1
520,529,1
520,847,1
520,620,1
520,646,1
520,933,1
520,827,1
520,522,1
520,584,1
520,570,1
520,701,1
520,686,1
520,661,1
520,649,1
520,627,1
520,670,1
520,560,1
520,651,1
521,689,1
521,681,1
521,594,1
521,539,1
521,679,1
521,557,1
521,573,1
521,864,1
521,752,1
521,762,1
521,789,1
521,787,1
521,546,1
521,609,1
521,636,1
521,534,1
521,759,1
522,574,1
522,569,1
522,649,1
522,570,1
522,529,1
522,694,1
522,652,1
522,894,1
522,627,1
522,582,1
522,527,1
522,610,1
522,651,1
522,536,1
522,537,1
522,666,1
522,560,1
522,605,1
522,699,1
522,620,1
522,653,1
523,744,1
523,726,1
523,775,1
523,707,1
523,718,1
523,656,1
523,586,1
523,564,1
523,585,1
523,848,1
523,588,1
523,784,1
523,748,1
523,902,1
523,587,1
523,562,1
523,919,1
523,533,1
523,736,1
523,596,1
523,598,1
523,592,1
523,713,1
523,525,1
523,786,1
524,554,1
524,531,1
524,645,1
524,583,1
524,763,1
524,542,1
524,862,1
524,923,1
524,779,1
524,532,1
524,844,1
524,541,1
524,808,1
525,728,1
525,672,1
525,664,1
525,753,1
525,740,1
525,784,1
525,656,1
525,718,1
525,887,1
525,598,1
525,783,1
525,533,1
525,736,1
525,902,1
525,958,1
525,585,1
525,650,1
525,919,1
525,918,1
525,596,1
525,707,1
525,785,1
525,564,1
525,809,1
525,586,1
525,1011,1
525,587,1
526,642,1
526,815,1
526,527,1
526,866,1
526,602,1
526,916,1
527,627,1
527,661,1
527,537,1
527,670,1
527,552,1
527,696,1
527,699,1
527,620,1
527,916,1
527,725,1
527,574,1
527,701,1
527,535,1
527,866,1
527,687,1
528,667,1
528,753,1
528,660,1
528,929,1
528,864,1
528,587,1
528,733,1
528,1012,1
528,927,1
528,911,1
528,837,1
528,764,1
528,958,1
529,795,1
529,739,1
529,666,1
529,720,1
529,686,1
529,846,1
529,602,1
529,699,1
529,687,1
529,652,1
529,611,1
529,661,1
530,709,1
530,745,1
530,827,1
530,738,1
530,629,1
531,532,1
531,779,1
531,808,1
531,583,1
531,771,1
531,896,1
531,554,1
531,542,1
531,541,1
531,862,1
531,645,1
531,871,1
531,844,1
531,763,1
532,763,1
532,541,1
532,923,1
532,896,1
532,583,1
532,808,1
532,554,1
532,779,1
532,542,1
532,862,1
532,844,1
532,729,1
532,645,1
532,871,1
532,742,1
532,771,1
533,775,1
533,549,1
533,744,1
533,810,1
533,564,1
533,903,1
533,586,1
533,712,1
533,587,1
533,588,1
533,595,1
533,718,1
533,650,1
533,761,1
533,545,1
533,585,1
533,784,1
533,978,1
533,668,1
533,902,1
533,592,1
533,693,1
533,648,1
533,662,1
533,591,1
534,703,1
534,759,1
534,546,1
534,681,1
534,587,1
534,636,1
534,724,1
534,550,1
534,826,1
534,732,1
534,772,1
534,752,1
534,749,1
534,643,1
534,607,1
534,640,1
534,539,1
534,579,1
534,543,1
534,551,1
534,590,1
534,762,1
534,544,1
534,573,1
534,777,1
534,577,1
534,592,1
534,557,1
534,817,1
534,734,1
534,594,1
534,735,1
534,799,1
534,615,1
536,687,1
536,537,1
536,627,1
536,632,1
536,601,1
536,552,1
537,627,1
537,582,1
537,666,1
537,620,1
537,623,1
537,560,1
537,651,1
538,539,1
538,724,1
538,615,1
538,574,1
538,803,1
538,689,1
538,944,1
538,558,1
538,752,1
538,577,1
538,592,1
538,643,1
538,762,1
539,607,1
539,594,1
539,803,1
539,558,1
539,752,1
539,615,1
539,636,1
539,592,1
539,681,1
539,789,1
539,546,1
539,762,1
539,708,1
539,577,1
539,590,1
540,802,1
540,599,1
540,769,1
540,926,1
540,614,1
540,565,1
540,924,1
540,952,1
540,668,1
540,639,1
540,543,1
540,778,1
540,593,1
540,910,1
540,680,1
540,832,1
540,722,1
540,911,1
540,654,1
540,600,1
540,740,1
540,729,1
540,576,1
540,760,1
540,958,1
540,606,1
540,782,1
540,692,1
541,542,1
541,808,1
541,583,1
541,844,1
541,554,1
541,645,1
541,896,1
541,862,1
541,871,1
542,583,1
542,771,1
542,871,1
542,896,1
542,779,1
542,763,1
542,587,1
542,923,1
542,862,1
542,554,1
542,808,1
542,844,1
542,964,1
542,645,1
543,789,1
543,641,1
543,915,1
543,575,1
543,692,1
543,926,1
543,728,1
543,654,1
543,770,1
543,563,1
543,885,1
543,910,1
543,757,1
543,782,1
543,638,1
543,574,1
543,600,1
543,689,1
543,681,1
543,599,1
543,749,1
543,680,1
543,787,1
543,752,1
543,876,1
543,836,1
543,727,1
543,606,1
543,658,1
543,854,1
543,804,1
543,740,1
543,934,1
543,594,1
543,791,1
543,760,1
543,941,1
543,565,1
543,832,1
544,637,1
544,749,1
544,777,1
544,640,1
544,551,1
544,799,1
544,831,1
544,734,1
544,579,1
544,890,1
544,735,1
544,659,1
544,587,1
544,880,1
544,724,1
545,634,1
545,883,1
545,744,1
545,756,1
545,633,1
545,810,1
546,589,1
546,640,1
546,551,1
546,772,1
546,558,1
546,594,1
546,590,1
546,700,1
546,636,1
546,679,1
546,618,1
546,615,1
546,826,1
546,789,1
546,759,1
546,878,1
546,550,1
546,732,1
546,681,1
546,557,1
546,762,1
546,752,1
547,560,1
547,870,1
547,846,1
547,602,1
547,794,1
547,556,1
548,626,1
548,907,1
548,703,1
548,734,1
548,691,1
548,723,1
548,988,1
548,770,1
548,580,1
548,724,1
548,618,1
548,812,1
548,945,1
548,640,1
548,587,1
548,573,1
548,777,1
548,735,1
548,550,1
548,579,1
548,690,1
549,761,1
549,712,1
549,718,1
549,937,1
549,713,1
550,551,1
550,762,1
550,618,1
550,580,1
550,723,1
550,907,1
550,573,1
550,945,1
550,700,1
550,703,1
550,681,1
550,752,1
550,626,1
550,690,1
550,988,1
550,777,1
550,770,1
550,735,1
550,579,1
550,812,1
550,637,1
550,589,1
550,587,1
550,849,1
550,724,1
550,640,1
550,691,1
550,734,1
550,798,1
551,557,1
551,637,1
551,880,1
551,579,1
551,659,1
551,799,1
551,681,1
551,640,1
551,812,1
551,787,1
551,890,1
551,703,1
551,749,1
552,553,1
552,666,1
552,795,1
552,717,1
552,688,1
552,574,1
552,623,1
552,632,1
552,578,1
552,916,1
552,582,1
552,602,1
553,746,1
553,716,1
553,936,1
553,781,1
553,780,1
553,731,1
553,977,1
553,730,1
553,741,1
553,970,1
553,737,1
553,807,1
554,923,1
554,862,1
554,583,1
554,964,1
554,779,1
554,808,1
554,645,1
554,763,1
554,844,1
554,871,1
555,731,1
555,684,1
555,578,1
555,696,1
556,701,1
556,829,1
556,685,1
556,671,1
556,608,1
556,957,1
556,670,1
556,646,1
556,682,1
556,561,1
557,558,1
557,577,1
557,817,1
557,803,1
557,777,1
557,591,1
557,831,1
557,660,1
557,615,1
557,678,1
557,1016,1
557,640,1
557,770,1
557,762,1
557,789,1
557,826,1
557,759,1
557,809,1
557,681,1
557,921,1
557,799,1
557,885,1
557,734,1
557,887,1
557,703,1
558,689,1
558,577,1
558,752,1
558,732,1
558,826,1
558,594,1
558,772,1
558,615,1
559,623,1
559,696,1
559,560,1
559,687,1
559,738,1
559,652,1
559,635,1
559,720,1
559,894,1
559,725,1
559,699,1
559,857,1
559,611,1
559,794,1
559,846,1
559,805,1
560,666,1
560,686,1
560,670,1
560,699,1
560,571,1
560,661,1
560,847,1
560,651,1
560,682,1
560,652,1
560,649,1
560,561,1
560,632,1
560,965,1
560,797,1
560,570,1
560,701,1
560,620,1
561,670,1
561,571,1
561,661,1
561,686,1
561,646,1
561,671,1
561,699,1
561,570,1
561,682,1
562,595,1
562,901,1
562,917,1
562,940,1
562,587,1
562,786,1
562,748,1
562,712,1
562,585,1
562,761,1
562,656,1
563,660,1
563,672,1
563,785,1
563,592,1
564,660,1
564,588,1
564,656,1
564,785,1
564,586,1
564,875,1
564,919,1
564,843,1
564,876,1
564,598,1
564,587,1
564,585,1
564,596,1
564,786,1
564,609,1
564,828,1
564,713,1
564,591,1
564,595,1
564,648,1
564,755,1
564,796,1
564,753,1
564,592,1
565,822,1
565,910,1
565,782,1
565,680,1
565,593,1
565,650,1
565,619,1
565,692,1
565,722,1
565,654,1
565,854,1
565,600,1
565,802,1
565,760,1
565,836,1
565,911,1
565,655,1
565,832,1
565,729,1
565,740,1
565,941,1
565,668,1
566,591,1
566,665,1
566,890,1
566,876,1
566,733,1
566,755,1
566,874,1
566,929,1
566,662,1
566,944,1
566,952,1
566,656,1
566,721,1
566,673,1
566,884,1
567,568,1
567,820,1
567,943,1
567,906,1
567,961,1
567,872,1
567,742,1
567,914,1
567,892,1
567,858,1
568,858,1
568,892,1
568,906,1
568,820,1
568,872,1
568,742,1
568,914,1
568,961,1
568,830,1
569,602,1
569,570,1
569,582,1
570,652,1
570,670,1
570,815,1
570,616,1
570,669,1
570,610,1
570,605,1
570,973,1
570,584,1
570,627,1
570,651,1
570,819,1
570,699,1
570,620,1
570,710,1
570,797,1
571,685,1
571,701,1
571,686,1
571,717,1
571,682,1
571,661,1
571,671,1
571,649,1
571,920,1
572,683,1
572,823,1
572,981,1
572,794,1
572,616,1
573,626,1
573,770,1
573,640,1
573,724,1
573,849,1
573,691,1
573,587,1
573,777,1
573,752,1
573,864,1
573,618,1
573,988,1
573,812,1
573,749,1
573,579,1
573,589,1
574,724,1
574,672,1
574,885,1
574,944,1
574,627,1
575,641,1
575,692,1
575,606,1
575,680,1
575,998,1
575,755,1
575,729,1
575,727,1
575,668,1
575,834,1
575,599,1
575,942,1
575,593,1
575,891,1
575,911,1
575,778,1
576,729,1
576,600,1
576,655,1
576,769,1
576,816,1
576,782,1
576,760,1
576,926,1
576,911,1
576,832,1
576,593,1
576,680,1
576,910,1
577,594,1
577,708,1
577,789,1
577,732,1
577,812,1
577,752,1
577,826,1
577,787,1
577,689,1
577,681,1
577,679,1
577,762,1
577,772,1
577,615,1
577,607,1
577,878,1
578,671,1
578,717,1
578,629,1
578,780,1
578,632,1
578,696,1
578,666,1
578,602,1
578,794,1
578,747,1
578,675,1
578,688,1
578,709,1
578,635,1
578,704,1
578,684,1
579,580,1
579,724,1
579,752,1
579,590,1
579,777,1
579,587,1
579,799,1
579,770,1
579,890,1
579,703,1
579,749,1
579,615,1
579,812,1
579,878,1
579,723,1
579,640,1
579,626,1
579,945,1
579,744,1
579,690,1
579,691,1
579,659,1
579,637,1
579,735,1
579,798,1
579,734,1
579,988,1
579,618,1
579,589,1
580,587,1
580,812,1
580,907,1
580,988,1
580,724,1
580,734,1
581,659,1
581,637,1
581,744,1
582,627,1
582,666,1
582,699,1
583,862,1
583,779,1
583,771,1
583,645,1
583,923,1
583,871,1
583,896,1
583,763,1
583,844,1
583,808,1
584,627,1
584,651,1
584,701,1
584,669,1
584,649,1
584,620,1
584,819,1
584,973,1
585,586,1
585,726,1
585,587,1
585,860,1
585,748,1
585,592,1
585,786,1
585,902,1
585,901,1
585,588,1
585,736,1
585,660,1
585,775,1
585,919,1
585,784,1
585,648,1
585,849,1
585,718,1
585,777,1
585,918,1
585,595,1
585,828,1
586,650,1
586,783,1
586,850,1
586,598,1
586,726,1
586,919,1
586,656,1
586,711,1
586,860,1
586,902,1
586,796,1
586,712,1
586,786,1
586,903,1
586,664,1
586,672,1
586,784,1
586,755,1
586,718,1
587,588,1
587,786,1
587,735,1
587,595,1
587,736,1
587,724,1
587,755,1
587,969,1
587,640,1
587,626,1
587,691,1
587,844,1
587,1013,1
587,864,1
587,637,1
587,729,1
587,763,1
587,945,1
587,919,1
587,734,1
587,592,1
587,618,1
587,723,1
587,591,1
587,656,1
587,596,1
587,770,1
587,901,1
587,777,1
587,700,1
587,664,1
587,988,1
587,907,1
587,850,1
587,812,1
587,690,1
587,843,1
587,645,1
587,707,1
587,880,1
587,598,1
587,871,1
587,749,1
587,744,1
587,796,1
587,831,1
587,703,1
587,779,1
588,818,1
588,667,1
588,744,1
588,743,1
588,693,1
588,1025,1
588,810,1
588,953,1
588,809,1
588,1002,1
588,978,1
588,777,1
588,592,1
589,637,1
589,703,1
589,640,1
589,643,1
589,988,1
589,735,1
589,749,1
589,724,1
589,799,1
589,1009,1
589,723,1
589,752,1
589,777,1
589,659,1
589,798,1
590,878,1
590,789,1
590,643,1
590,679,1
590,659,1
590,752,1
590,826,1
590,787,1
590,609,1
590,702,1
590,615,1
590,803,1
590,681,1
590,708,1
591,592,1
591,609,1
591,660,1
591,648,1
591,845,1
591,755,1
591,595,1
591,944,1
591,927,1
591,876,1
591,656,1
591,596,1
591,912,1
591,665,1
591,662,1
591,875,1
591,828,1
591,673,1
591,890,1
591,843,1
592,803,1
592,678,1
592,615,1
592,672,1
592,607,1
592,594,1
592,759,1
592,762,1
592,785,1
592,753,1
592,902,1
592,752,1
592,689,1
592,848,1
592,643,1
593,614,1
593,782,1
593,760,1
593,832,1
593,606,1
593,728,1
593,599,1
593,722,1
593,915,1
593,641,1
593,833,1
593,854,1
593,692,1
593,776,1
593,740,1
593,600,1
593,680,1
593,727,1
593,658,1
593,804,1
593,941,1
593,638,1
593,802,1
593,834,1
593,911,1
594,752,1
594,826,1
594,708,1
594,789,1
594,878,1
594,607,1
594,803,1
594,732,1
595,596,1
595,831,1
595,828,1
595,940,1
595,843,1
595,648,1
595,726,1
595,713,1
596,656,1
596,796,1
596,918,1
596,729,1
596,728,1
596,818,1
596,598,1
596,755,1
596,822,1
596,662,1
596,698,1
596,875,1
596,748,1
596,843,1
597,987,1
597,658,1
597,847,1
597,680,1
597,802,1
597,941,1
597,641,1
597,639,1
597,1033,1
598,711,1
598,707,1
598,650,1
598,775,1
598,848,1
598,784,1
598,796,1
598,783,1
598,919,1
598,902,1
598,664,1
598,656,1
598,718,1
599,600,1
599,606,1
599,680,1
599,832,1
599,692,1
599,641,1
599,728,1
599,727,1
599,998,1
599,782,1
599,833,1
599,729,1
599,760,1
599,822,1
599,668,1
599,926,1
600,692,1
600,802,1
600,910,1
600,911,1
600,728,1
600,638,1
600,614,1
600,654,1
600,727,1
600,926,1
600,740,1
600,782,1
600,941,1
600,760,1
600,641,1
600,668,1
600,942,1
600,832,1
600,822,1
600,729,1
600,778,1
600,650,1
600,606,1
600,680,1
601,602,1
601,847,1
601,627,1
601,651,1
602,687,1
602,686,1
602,696,1
602,738,1
602,823,1
602,720,1
602,725,1
602,866,1
602,717,1
602,846,1
602,632,1
602,666,1
602,629,1
602,604,1
602,699,1
603,604,1
603,805,1
603,677,1
603,676,1
603,631,1
603,630,1
603,821,1
603,975,1
603,800,1
603,720,1
603,882,1
604,805,1
604,882,1
604,746,1
604,975,1
604,631,1
604,821,1
604,676,1
604,800,1
604,677,1
604,630,1
604,1010,1
605,616,1
605,620,1
605,651,1
606,951,1
606,655,1
606,760,1
606,728,1
606,680,1
606,692,1
606,910,1
606,911,1
606,998,1
606,782,1
606,727,1
606,853,1
606,879,1
607,762,1
607,789,1
607,702,1
607,752,1
607,772,1
608,863,1
608,905,1
608,685,1
608,646,1
608,842,1
608,765,1
608,716,1
608,766,1
608,865,1
608,711,1
608,701,1
609,673,1
609,755,1
609,912,1
609,648,1
610,611,1
610,699,1
610,739,1
610,827,1
610,704,1
610,652,1
610,651,1
611,823,1
611,738,1
611,720,1
611,894,1
611,980,1
611,846,1
611,805,1
611,629,1
611,725,1
611,699,1
611,821,1
612,613,1
612,842,1
612,716,1
612,657,1
612,714,1
612,706,1
612,905,1
612,971,1
612,663,1
612,774,1
612,813,1
613,813,1
613,657,1
613,774,1
613,773,1
614,654,1
614,934,1
614,924,1
614,832,1
614,641,1
614,668,1
614,926,1
614,941,1
614,680,1
614,952,1
614,757,1
614,729,1
614,740,1
614,650,1
614,692,1
614,619,1
614,836,1
615,732,1
615,689,1
615,702,1
615,643,1
615,708,1
615,618,1
615,762,1
615,752,1
615,803,1
616,617,1
616,705,1
616,747,1
616,739,1
616,881,1
616,653,1
616,870,1
616,788,1
616,823,1
616,754,1
616,992,1
616,758,1
616,794,1
616,709,1
616,981,1
616,695,1
616,674,1
616,766,1
616,704,1
616,644,1
616,683,1
617,741,1
617,924,1
617,861,1
617,705,1
617,737,1
618,626,1
618,734,1
618,640,1
618,700,1
618,724,1
618,735,1
618,752,1
619,934,1
619,782,1
619,833,1
619,836,1
619,918,1
619,832,1
619,854,1
620,669,1
620,682,1
620,847,1
620,819,1
620,661,1
620,686,1
620,701,1
620,627,1
620,670,1
620,635,1
620,651,1
620,973,1
621,622,1
622,970,1
622,801,1
622,1021,1
622,1019,1
622,1001,1
623,715,1
623,629,1
623,922,1
623,632,1
623,847,1
623,666,1
623,647,1
624,672,1
625,629,1
625,889,1
625,706,1
625,962,1
625,781,1
625,750,1
625,870,1
625,758,1
625,628,1
626,812,1
626,724,1
626,772,1
626,700,1
626,723,1
626,907,1
626,777,1
626,945,1
626,735,1
626,878,1
626,640,1
626,691,1
626,988,1
627,651,1
627,688,1
627,710,1
628,629,1
628,758,1
628,781,1
628,750,1
628,646,1
629,805,1
629,642,1
629,675,1
629,725,1
629,684,1
629,750,1
629,695,1
629,758,1
629,982,1
629,674,1
629,709,1
629,687,1
629,840,1
629,747,1
629,720,1
630,631,1
630,975,1
630,746,1
630,1010,1
630,676,1
630,751,1
630,805,1
630,677,1
631,805,1
631,882,1
631,800,1
631,676,1
631,975,1
631,746,1
631,751,1
631,677,1
631,1010,1
632,666,1
632,696,1
632,717,1
632,687,1
632,685,1
633,634,1
633,756,1
633,908,1
633,976,1
633,818,1
633,883,1
633,955,1
633,810,1
633,744,1
634,908,1
635,682,1
636,681,1
636,803,1
636,752,1
637,659,1
637,799,1
637,798,1
637,880,1
638,639,1
638,760,1
638,668,1
638,655,1
638,729,1
638,658,1
638,728,1
638,722,1
638,816,1
638,680,1
638,782,1
638,802,1
639,802,1
639,722,1
639,910,1
640,812,1
640,777,1
640,907,1
640,735,1
640,700,1
640,723,1
640,770,1
640,890,1
640,734,1
640,945,1
640,678,1
640,988,1
640,799,1
640,691,1
640,690,1
640,752,1
640,749,1
640,724,1
640,798,1
640,849,1
640,703,1
640,659,1
641,655,1
641,727,1
641,729,1
641,782,1
641,787,1
641,822,1
641,757,1
641,692,1
641,680,1
641,941,1
641,832,1
641,668,1
641,998,1
642,751,1
642,852,1
642,989,1
642,725,1
643,762,1
643,752,1
643,689,1
643,803,1
644,823,1
644,653,1
644,683,1
645,771,1
645,808,1
645,844,1
645,923,1
645,779,1
645,763,1
645,896,1
645,862,1
645,871,1
646,647,1
646,670,1
646,865,1
646,701,1
646,866,1
646,985,1
646,827,1
646,682,1
646,870,1
646,957,1
646,741,1
646,685,1
646,933,1
646,661,1
648,660,1
648,673,1
648,937,1
648,875,1
648,828,1
648,713,1
648,712,1
648,912,1
648,755,1
649,651,1
649,797,1
649,847,1
650,783,1
650,664,1
650,740,1
650,796,1
650,910,1
650,698,1
650,809,1
650,711,1
650,707,1
650,656,1
650,784,1
651,894,1
651,710,1
651,699,1
652,704,1
652,739,1
652,894,1
652,827,1
652,699,1
653,754,1
653,683,1
653,992,1
653,870,1
653,823,1
653,852,1
653,1017,1
653,997,1
653,794,1
653,709,1
653,980,1
653,1029,1
653,981,1
653,704,1
653,894,1
653,788,1
653,747,1
653,739,1
654,854,1
654,918,1
654,968,1
654,697,1
654,910,1
654,952,1
654,867,1
654,804,1
654,874,1
654,958,1
654,915,1
654,740,1
654,1012,1
654,782,1
654,950,1
654,680,1
654,868,1
654,668,1
654,692,1
655,680,1
655,787,1
655,804,1
655,911,1
655,658,1
655,722,1
655,727,1
655,802,1
655,760,1
655,941,1
655,769,1
656,875,1
656,901,1
656,809,1
656,665,1
656,726,1
656,786,1
656,796,1
656,876,1
656,890,1
656,664,1
656,662,1
656,673,1
656,729,1
656,755,1
656,784,1
656,707,1
656,744,1
656,919,1
657,706,1
657,905,1
657,813,1
657,714,1
657,863,1
657,842,1
657,773,1
657,971,1
657,766,1
657,663,1
657,716,1
658,802,1
658,804,1
658,854,1
658,951,1
658,749,1
658,915,1
659,744,1
659,799,1
659,798,1
659,890,1
659,749,1
659,880,1
660,887,1
660,927,1
660,764,1
660,860,1
660,849,1
661,933,1
661,847,1
661,701,1
661,685,1
661,670,1
661,686,1
662,778,1
662,695,1
662,843,1
662,673,1
662,890,1
662,666,1
662,912,1
662,876,1
662,755,1
662,793,1
662,847,1
662,950,1
662,764,1
662,665,1
662,944,1
663,714,1
663,766,1
663,824,1
663,773,1
663,716,1
663,905,1
663,706,1
663,863,1
663,865,1
663,711,1
664,796,1
664,809,1
664,783,1
664,707,1
664,784,1
664,711,1
664,918,1
665,666,1
665,890,1
665,764,1
665,755,1
665,673,1
665,876,1
665,944,1
666,688,1
666,764,1
667,1002,1
667,911,1
667,1012,1
668,727,1
668,822,1
668,692,1
668,728,1
668,782,1
668,722,1
668,778,1
668,836,1
668,740,1
668,832,1
668,903,1
668,934,1
668,680,1
668,910,1
668,804,1
669,819,1
670,701,1
670,682,1
670,686,1
671,814,1
671,685,1
671,866,1
672,848,1
672,777,1
672,919,1
672,885,1
672,1011,1
672,902,1
673,681,1
673,845,1
673,912,1
673,875,1
673,944,1
673,755,1
673,876,1
673,890,1
674,675,1
674,807,1
674,754,1
674,766,1
674,730,1
674,865,1
674,982,1
674,709,1
674,981,1
674,905,1
674,695,1
674,731,1
674,746,1
674,758,1
674,936,1
675,684,1
675,704,1
675,841,1
675,695,1
675,920,1
675,827,1
675,745,1
675,814,1
675,794,1
675,709,1
676,677,1
676,909,1
676,882,1
676,805,1
676,800,1
676,975,1
676,1010,1
676,746,1
676,852,1
676,751,1
677,800,1
677,805,1
677,882,1
677,975,1
677,1010,1
677,746,1
678,817,1
679,681,1
679,752,1
679,700,1
679,826,1
679,724,1
680,729,1
680,834,1
680,832,1
680,692,1
680,910,1
680,853,1
680,727,1
680,760,1
680,728,1
680,769,1
680,787,1
680,802,1
680,926,1
680,941,1
680,911,1
680,719,1
680,879,1
680,782,1
680,836,1
680,722,1
681,826,1
681,752,1
681,789,1
681,803,1
681,787,1
681,762,1
681,817,1
682,857,1
682,780,1
682,701,1
682,687,1
682,685,1
682,847,1
683,684,1
683,695,1
683,754,1
683,758,1
683,687,1
683,704,1
683,738,1
683,709,1
683,717,1
683,747,1
683,881,1
683,823,1
683,981,1
684,706,1
684,714,1
684,840,1
684,881,1
684,704,1
684,962,1
684,852,1
684,981,1
684,750,1
684,935,1
684,1007,1
684,754,1
684,709,1
684,841,1
684,823,1
684,696,1
684,930,1
684,788,1
685,686,1
685,701,1
685,717,1
685,856,1
685,696,1
685,855,1
685,866,1
685,869,1
686,857,1
687,720,1
687,846,1
687,696,1
687,701,1
687,823,1
687,725,1
688,717,1
688,850,1
689,752,1
689,762,1
689,803,1
690,812,1
690,735,1
690,724,1
690,907,1
690,777,1
691,812,1
691,842,1
691,734,1
691,907,1
692,782,1
692,822,1
692,729,1
692,926,1
692,853,1
692,911,1
692,740,1
692,778,1
692,836,1
692,727,1
692,832,1
692,760,1
693,744,1
693,811,1
693,743,1
693,726,1
693,818,1
694,1025,1
695,754,1
695,814,1
695,758,1
695,731,1
695,823,1
695,709,1
695,750,1
695,905,1
695,704,1
696,866,1
696,846,1
697,698,1
697,939,1
697,999,1
697,1006,1
697,804,1
697,854,1
698,875,1
698,850,1
698,963,1
698,778,1
698,948,1
698,969,1
698,843,1
698,822,1
699,704,1
699,815,1
699,781,1
699,739,1
699,827,1
699,746,1
699,738,1
699,894,1
699,881,1
699,710,1
700,812,1
700,945,1
700,723,1
700,724,1
700,735,1
700,907,1
700,734,1
701,933,1
701,920,1
701,834,1
701,704,1
701,827,1
702,708,1
702,752,1
703,724,1
703,777,1
703,734,1
703,799,1
703,907,1
704,705,1
704,788,1
704,827,1
704,794,1
704,881,1
704,739,1
704,758,1
704,861,1
704,823,1
704,780,1
705,881,1
705,829,1
705,750,1
705,737,1
705,741,1
705,970,1
706,905,1
706,889,1
706,711,1
706,714,1
706,962,1
706,813,1
707,918,1
707,783,1
707,711,1
707,713,1
707,775,1
707,818,1
707,809,1
707,859,1
707,850,1
707,784,1
707,718,1
707,796,1
709,754,1
709,717,1
709,823,1
709,881,1
709,841,1
709,738,1
709,930,1
709,758,1
709,981,1
710,885,1
711,814,1
711,796,1
711,863,1
711,824,1
711,801,1
711,905,1
712,713,1
712,937,1
712,718,1
712,761,1
712,903,1
712,917,1
713,718,1
713,761,1
713,937,1
713,903,1
714,750,1
714,813,1
714,905,1
714,889,1
714,716,1
716,824,1
716,842,1
716,865,1
716,863,1
716,905,1
716,813,1
716,774,1
716,766,1
717,795,1
717,804,1
717,876,1
717,983,1
717,729,1
718,818,1
718,850,1
718,903,1
718,859,1
718,784,1
718,775,1
718,902,1
720,807,1
720,805,1
720,725,1
720,861,1
720,751,1
721,950,1
721,884,1
721,875,1
721,760,1
721,874,1
722,802,1
722,911,1
723,749,1
723,770,1
723,907,1
723,777,1
723,724,1
723,734,1
724,734,1
724,735,1
724,770,1
724,777,1
724,798,1
724,945,1
724,1020,1
724,944,1
724,988,1
724,849,1
724,752,1
725,866,1
725,846,1
725,750,1
725,741,1
726,901,1
726,743,1
726,784,1
726,786,1
727,853,1
727,760,1
727,941,1
727,926,1
727,782,1
727,911,1
727,879,1
727,833,1
727,834,1
727,729,1
728,729,1
728,822,1
728,740,1
728,802,1
728,795,1
729,782,1
729,876,1
729,843,1
729,934,1
729,879,1
729,941,1
729,778,1
729,911,1
729,836,1
729,780,1
729,832,1
729,926,1
729,740,1
729,763,1
729,760,1
730,731,1
730,746,1
731,746,1
731,807,1
731,989,1
731,814,1
731,741,1
731,936,1
731,982,1
732,772,1
732,878,1
732,752,1
733,875,1
733,884,1
733,950,1
733,874,1
733,929,1
733,952,1
734,735,1
734,831,1
734,880,1
734,850,1
734,759,1
734,978,1
734,752,1
734,828,1
734,907,1
734,777,1
735,777,1
735,907,1
735,772,1
735,798,1
735,789,1
735,812,1
736,744,1
736,902,1
736,848,1
736,969,1
736,784,1
737,746,1
738,827,1
738,930,1
738,823,1
738,745,1
739,827,1
739,788,1
739,747,1
739,823,1
739,881,1
740,753,1
740,832,1
740,1011,1
740,778,1
740,952,1
740,822,1
740,958,1
741,765,1
741,970,1
741,991,1
741,829,1
741,899,1
741,928,1
741,990,1
741,1008,1
741,948,1
741,807,1
741,861,1
742,892,1
742,858,1
742,961,1
742,914,1
742,906,1
743,917,1
743,976,1
743,940,1
744,809,1
744,953,1
744,859,1
744,1025,1
744,818,1
744,775,1
744,890,1
744,811,1
744,784,1
744,810,1
744,978,1
744,850,1
744,954,1
745,821,1
746,852,1
746,975,1
746,936,1
746,982,1
746,932,1
746,807,1
746,989,1
746,1010,1
747,841,1
747,870,1
747,881,1
747,823,1
747,794,1
747,780,1
747,788,1
748,831,1
749,777,1
749,864,1
749,890,1
749,798,1
749,804,1
749,854,1
749,799,1
749,752,1
750,932,1
750,962,1
750,781,1
750,930,1
750,838,1
750,889,1
750,870,1
751,780,1
751,989,1
751,1032,1
752,826,1
752,878,1
752,762,1
752,944,1
752,803,1
752,759,1
752,864,1
752,789,1
753,785,1
753,849,1
753,924,1
753,828,1
753,764,1
753,919,1
754,869,1
754,805,1
754,823,1
754,881,1
755,845,1
755,875,1
755,912,1
755,950,1
755,843,1
755,890,1
755,944,1
755,876,1
756,908,1
756,883,1
756,810,1
757,832,1
757,910,1
757,934,1
757,769,1
757,760,1
757,911,1
758,936,1
758,981,1
758,823,1
758,861,1
759,826,1
760,782,1
760,787,1
760,942,1
760,911,1
760,915,1
760,854,1
760,832,1
760,926,1
760,934,1
760,941,1
760,769,1
760,910,1
760,836,1
761,903,1
761,937,1
762,878,1
762,777,1
762,803,1
763,871,1
763,964,1
763,781,1
763,779,1
763,844,1
763,808,1
763,822,1
763,1001,1
763,862,1
763,896,1
764,793,1
765,766,1
765,970,1
765,865,1
765,856,1
765,881,1
765,857,1
766,992,1
766,863,1
766,856,1
766,905,1
766,855,1
766,824,1
766,865,1
767,768,1
767,1018,1
768,1018,1
769,910,1
769,911,1
769,832,1
769,782,1
770,772,1
771,862,1
771,871,1
772,878,1
773,905,1
773,856,1
773,893,1
773,865,1
774,813,1
775,850,1
775,777,1
775,859,1
775,960,1
775,818,1
775,969,1
775,860,1
775,987,1
775,784,1
776,821,1
776,913,1
776,839,1
776,931,1
776,943,1
776,838,1
776,904,1
777,831,1
777,945,1
777,907,1
777,812,1
778,806,1
778,926,1
778,836,1
778,938,1
778,891,1
778,834,1
778,942,1
778,1021,1
778,876,1
779,871,1
779,862,1
779,923,1
779,844,1
779,781,1
779,896,1
779,808,1
780,781,1
780,870,1
780,938,1
780,920,1
780,936,1
780,861,1
780,855,1
780,970,1
780,830,1
780,823,1
781,807,1
781,930,1
781,881,1
781,1001,1
781,871,1
781,870,1
782,787,1
782,934,1
782,832,1
782,998,1
782,836,1
782,911,1
783,784,1
783,818,1
783,796,1
783,809,1
783,833,1
783,850,1
784,859,1
784,919,1
784,902,1
784,785,1
784,818,1
784,848,1
784,993,1
784,918,1
784,850,1
785,849,1
785,918,1
786,919,1
786,917,1
786,796,1
786,901,1
787,816,1
787,911,1
788,827,1
788,823,1
788,881,1
788,962,1
788,794,1
789,826,1
790,791,1
790,792,1
790,806,1
790,900,1
791,900,1
791,948,1
791,806,1
791,792,1
791,891,1
792,806,1
792,900,1
793,877,1
793,818,1
794,881,1
794,870,1
794,823,1
794,980,1
794,861,1
796,919,1
796,918,1
796,809,1
797,996,1
798,799,1
798,1009,1
798,988,1
799,812,1
799,880,1
799,890,1
800,975,1
800,882,1
800,805,1
800,1010,1
801,905,1
802,951,1
802,854,1
802,804,1
802,941,1
804,854,1
804,915,1
805,975,1
805,882,1
805,1010,1
805,861,1
806,900,1
806,891,1
807,925,1
807,899,1
807,870,1
807,970,1
807,982,1
807,936,1
808,862,1
808,923,1
808,844,1
808,871,1
809,1020,1
809,953,1
809,978,1
809,1025,1
810,811,1
810,976,1
810,887,1
810,883,1
810,843,1
810,908,1
810,955,1
811,887,1
811,955,1
811,978,1
812,945,1
812,988,1
814,982,1
814,936,1
814,991,1
814,905,1
814,857,1
818,877,1
818,908,1
818,850,1
818,843,1
818,859,1
819,973,1
821,904,1
821,931,1
821,873,1
821,913,1
821,841,1
821,943,1
822,958,1
822,843,1
823,881,1
823,981,1
823,861,1
824,905,1
824,856,1
826,878,1
827,957,1
829,830,1
829,970,1
830,881,1
830,970,1
831,880,1
831,978,1
832,836,1
832,941,1
832,942,1
832,837,1
832,854,1
833,836,1
834,942,1
835,1022,1
836,875,1
836,942,1
836,934,1
836,926,1
836,941,1
836,876,1
837,999,1
837,950,1
837,875,1
838,839,1
838,913,1
840,841,1
840,889,1
841,869,1
841,935,1
841,889,1
842,863,1
843,948,1
843,875,1
844,923,1
844,862,1
844,871,1
844,896,1
844,964,1
845,875,1
845,923,1
845,876,1
846,866,1
846,980,1
848,902,1
849,864,1
849,919,1
849,988,1
850,851,1
850,902,1
850,859,1
850,969,1
851,959,1
851,1013,1
852,989,1
852,962,1
853,879,1
854,876,1
854,915,1
855,856,1
855,1005,1
856,938,1
857,888,1
857,920,1
857,970,1
858,906,1
858,961,1
858,892,1
858,914,1
859,877,1
859,987,1
860,902,1
861,870,1
862,964,1
863,865,1
864,927,1
865,893,1
867,868,1
867,968,1
870,936,1
870,980,1
870,881,1
871,896,1
871,964,1
871,923,1
872,963,1
872,892,1
872,914,1
872,906,1
873,943,1
873,913,1
873,931,1
873,930,1
873,904,1
874,875,1
874,929,1
874,952,1
874,950,1
874,884,1
874,956,1
875,1012,1
875,876,1
875,950,1
876,942,1
876,950,1
876,890,1
876,912,1
877,940,1
881,981,1
881,980,1
882,975,1
882,1010,1
884,950,1
884,944,1
886,995,1
887,940,1
888,981,1
888,970,1
888,920,1
889,962,1
889,909,1
890,944,1
891,942,1
892,914,1
892,961,1
892,1010,1
892,948,1
892,963,1
892,1013,1
892,906,1
893,938,1
894,997,1
894,928,1
898,899,1
898,925,1
899,1008,1
899,990,1
899,1026,1
899,991,1
899,925,1
899,909,1
901,917,1
902,903,1
902,919,1
902,969,1
903,937,1
904,931,1
904,943,1
904,913,1
905,971,1
905,982,1
906,914,1
906,961,1
907,945,1
908,955,1
908,976,1
909,1015,1
909,991,1
911,926,1
911,1012,1
913,931,1
913,943,1
914,961,1
918,924,1
918,919,1
918,958,1
919,960,1
920,970,1
923,964,1
924,986,1
924,958,1
926,941,1
926,942,1
929,950,1
930,931,1
930,943,1
931,943,1
934,1005,1
935,1015,1
936,982,1
939,999,1
939,1006,1
942,952,1
946,947,1
946,974,1
947,974,1
947,996,1
948,959,1
948,963,1
950,956,1
950,1012,1
950,958,1
950,952,1
953,954,1
953,1025,1
953,978,1
954,1002,1
954,978,1
959,963,1
959,1013,1
965,972,1
966,967,1
969,994,1
974,996,1
975,1010,1
977,1015,1
978,1025,1
980,997,1
980,1029,1
982,991,1
983,1028,1
990,991,1
990,1008,1
991,1008,1
996,1024,1
996,1023,1
997,1029,1
999,1006,1
1000,1004,1
1000,1003,1
1003,1004,1
1023,1024,1
1026,1027,1
