2849,3021,1
2849,3335,1
2849,3299,1
2849,2796,1
2849,3319,1
2849,3212,1
2849,3169,1
2849,2828,1
2849,3316,1
2849,3027,1
2849,3277,1
2849,3434,1
2849,3101,1
2849,3201,1
2849,3344,1
2849,2833,1
2849,2970,1
2849,3345,1
2849,3330,1
2849,3076,1
2849,2991,1
2849,2742,1
2849,3406,1
2849,2894,1
2849,3419,1
2849,3288,1
2849,3397,1
2849,2661,1
2849,3280,1
2849,3416,1
2849,3089,1
2849,3206,1
2849,2973,1
2849,2781,1
2849,3252,1
2849,3347,1
2849,2785,1
2849,3146,1
2849,2787,1
2849,2939,1
2849,2712,1
2849,3351,1
2849,3038,1
2849,3291,1
2849,3102,1
2849,2770,1
2849,2674,1
2849,3381,1
2849,3239,1
2849,3115,1
2849,3240,1
2849,3082,1
2849,3265,1
2849,3267,1
2849,2904,1
2849,3049,1
2849,3046,1
2849,2765,1
2849,3321,1
2849,2793,1
2849,3396,1
2849,3070,1
2849,3035,1
2849,3106,1
2849,3179,1
2849,2869,1
2849,3132,1
2849,2901,1
2849,3150,1
2849,3297,1
2849,2863,1
2849,2875,1
2849,3332,1
2849,2778,1
2849,2853,1
2849,3247,1
2849,3185,1
2849,3116,1
2849,3350,1
2849,3152,1
3021,3419,1
3021,3397,1
3021,2869,1
3021,3416,1
3021,3277,1
3021,3206,1
3021,3182,1
3021,2765,1
3021,2770,1
3021,3082,1
3021,2742,1
3021,3169,1
3021,3351,1
3021,3320,1
3021,2833,1
3021,3201,1
3021,3316,1
3021,2674,1
3021,3102,1
3021,3070,1
3021,3116,1
3021,3035,1
3021,3132,1
3021,3434,1
3021,2973,1
3021,2970,1
3021,3049,1
3021,3115,1
3021,3396,1
3021,3101,1
3021,2863,1
3021,3280,1
3021,2793,1
3021,2939,1
3021,3296,1
3021,3344,1
3021,3297,1
3021,3152,1
3021,3265,1
3021,3247,1
3021,2853,1
3021,3302,1
3021,3252,1
3021,2661,1
3021,3239,1
3021,3332,1
3021,3146,1
3021,3288,1
2694,3096,1
2694,3339,1
2694,3417,1
2694,3232,1
2694,2912,1
2694,3174,1
2694,3195,1
2694,2676,1
2694,2706,1
2694,3064,1
2694,2927,1
2694,2872,1
2694,2960,1
2694,3202,1
2694,3250,1
2694,2773,1
2694,3065,1
2694,2897,1
2694,2673,1
2694,2974,1
2694,2910,1
2694,2689,1
2694,2763,1
2694,2800,1
2694,2669,1
2694,2862,1
2694,2905,1
2694,2880,1
2694,2777,1
2694,3324,1
2694,2944,1
2694,2754,1
2694,3304,1
2694,2966,1
2694,2925,1
2694,2755,1
2694,2940,1
2694,3363,1
2694,2920,1
2694,3387,1
2694,2864,1
2694,2988,1
2694,3284,1
2694,2757,1
2694,2750,1
2694,2928,1
2694,2946,1
2694,2806,1
2694,3056,1
2694,2738,1
2694,3104,1
2694,3226,1
2694,3108,1
2694,2863,1
2694,2786,1
2694,2908,1
2694,2915,1
2694,2835,1
2694,2717,1
2694,2916,1
2694,2787,1
2694,2913,1
2694,2986,1
2694,2664,1
2694,2919,1
2694,3085,1
2694,2956,1
2694,3364,1
2694,3022,1
2694,2839,1
2694,3301,1
2694,2948,1
2694,3078,1
2694,3004,1
2694,3000,1
2694,2896,1
2694,2943,1
2694,3142,1
2694,2815,1
2694,3090,1
2694,3033,1
2694,3384,1
2694,3426,1
2694,2680,1
2694,3348,1
2694,2877,1
2694,3388,1
2694,3149,1
2694,3023,1
2694,2782,1
2694,2749,1
2694,2827,1
3096,2925,1
3096,3054,1
3096,2698,1
3096,2749,1
3096,2815,1
3096,2943,1
3096,2669,1
3096,3056,1
3096,3064,1
3096,2683,1
3096,2986,1
3096,2689,1
3096,2757,1
3096,3065,1
3096,2839,1
3096,3339,1
3096,3047,1
3096,2916,1
3096,2750,1
3096,2940,1
3096,2852,1
3096,2913,1
3096,2877,1
3096,2706,1
3096,2969,1
3096,3142,1
3096,2872,1
3096,2676,1
3096,3078,1
3096,3362,1
3096,2754,1
3096,3399,1
3096,3348,1
3096,2974,1
3096,2773,1
3096,3026,1
3096,2680,1
3096,2911,1
3096,2906,1
3096,2928,1
3096,3226,1
3096,3426,1
3096,3195,1
3096,3022,1
3096,2717,1
3096,3384,1
3096,2908,1
3096,2782,1
3096,3284,1
3096,3184,1
3096,2960,1
3096,2664,1
3096,2777,1
3096,2864,1
3096,3108,1
3096,2866,1
3096,2827,1
3096,3000,1
3096,3040,1
3096,2800,1
3096,2966,1
3096,3163,1
3096,2915,1
3096,3174,1
3096,3301,1
3096,3098,1
3096,3363,1
3096,2927,1
3096,3232,1
3096,3149,1
3096,3033,1
3096,3387,1
3096,2666,1
3096,2755,1
2818,2725,1
2818,2734,1
2818,2700,1
2818,2748,1
2818,3350,1
2818,2812,1
2818,2752,1
2818,2813,1
2818,3276,1
2818,2882,1
2818,3067,1
2818,3353,1
2818,3261,1
2818,2946,1
2818,2791,1
2725,2688,1
2725,2923,1
2725,1642,1
2725,3302,1
2725,1505,1
2725,2903,1
2951,3285,1
2951,3207,1
2951,2813,1
2951,3017,1
2951,3330,1
2951,3240,1
2951,3191,1
2951,2724,1
2951,2830,1
2951,3421,1
2951,3159,1
2951,3196,1
2951,2955,1
2951,3020,1
2951,3087,1
2951,3353,1
2951,2692,1
2951,3344,1
2951,3162,1
2951,3346,1
2951,2739,1
2951,3082,1
2951,3016,1
2951,2984,1
2951,3412,1
2951,3252,1
2951,2735,1
2951,2758,1
2951,2730,1
2951,3397,1
2951,3379,1
2951,3034,1
2951,3154,1
2951,3007,1
2951,3259,1
2951,2728,1
2951,3001,1
2951,2665,1
2951,3168,1
2951,3391,1
2951,3263,1
2951,3103,1
2951,3321,1
2951,3118,1
2951,3002,1
2951,3120,1
2951,3406,1
2951,3299,1
2951,3198,1
2951,2775,1
2951,3086,1
2951,3176,1
2951,3410,1
2951,3203,1
2951,3018,1
2951,2845,1
2951,3253,1
2951,3264,1
2951,3019,1
2951,3106,1
2951,3075,1
2951,3345,1
2951,2989,1
2951,3038,1
2951,2713,1
2951,2779,1
2951,2711,1
2951,2829,1
2951,3411,1
2951,3100,1
2951,3241,1
2951,2662,1
2951,3077,1
2951,3359,1
2951,2990,1
2951,3107,1
2951,2768,1
2951,3313,1
2951,3342,1
2951,2947,1
2951,3150,1
2951,3404,1
2951,3233,1
2951,2716,1
2951,3415,1
2951,3171,1
2951,3274,1
2951,3219,1
2951,2892,1
2951,3366,1
2951,2921,1
2951,3097,1
2951,3224,1
2951,3360,1
2951,3295,1
2951,2825,1
2951,3214,1
2951,3291,1
2951,3051,1
2951,2914,1
2951,2844,1
3285,3356,1
3285,3019,1
3285,3371,1
3285,3233,1
3285,2829,1
3285,3103,1
3285,2711,1
3285,2728,1
3285,3177,1
3285,2758,1
3285,2923,1
3285,2724,1
3285,3086,1
3285,3176,1
3285,3162,1
3285,3207,1
3285,3077,1
3285,2779,1
3285,3366,1
3285,3241,1
3285,3420,1
3285,3223,1
3285,2713,1
3285,2892,1
3285,3410,1
3082,2832,1
3082,3198,1
3082,2936,1
3082,3391,1
3082,3396,1
3082,3145,1
3082,3416,1
3082,2991,1
3082,3277,1
3082,3421,1
3082,3035,1
3082,2973,1
3082,2904,1
3082,3397,1
3082,2901,1
3082,2828,1
3082,3239,1
3082,2863,1
3082,3049,1
3082,3204,1
3082,3113,1
3082,2989,1
3082,3240,1
3082,3434,1
3082,3409,1
3082,3016,1
3082,2716,1
3082,3291,1
3082,3252,1
3082,3299,1
3082,2939,1
3082,3321,1
3082,3051,1
3082,3357,1
3082,2937,1
3082,2781,1
3082,3034,1
3082,3342,1
3082,3191,1
3082,3101,1
3082,3206,1
3082,3320,1
3082,2753,1
3082,3140,1
3082,3351,1
3082,3169,1
3082,3386,1
3082,3201,1
3082,3345,1
3082,2853,1
3082,3172,1
3082,2970,1
3082,3332,1
3082,3076,1
3082,3120,1
3082,3267,1
3082,2823,1
3082,2665,1
3082,2992,1
3082,3182,1
3082,3203,1
3082,3070,1
3082,2674,1
3082,3017,1
3082,3265,1
3082,3115,1
3082,3330,1
3082,3146,1
3082,2787,1
3082,2742,1
3082,3150,1
3082,3132,1
3082,2713,1
3082,3224,1
3082,3419,1
3082,3116,1
3082,2840,1
3082,3406,1
3082,2765,1
3082,3260,1
3082,3148,1
3082,3381,1
3082,2748,1
3082,2730,1
3082,3350,1
3082,3344,1
3082,3378,1
3082,2661,1
3082,3185,1
3082,3038,1
3082,3280,1
3082,3297,1
3082,3411,1
3082,3247,1
3082,3347,1
3082,3306,1
3082,3002,1
3082,3355,1
3082,3060,1
3082,3335,1
3082,2833,1
3082,3272,1
3082,3152,1
3082,3316,1
3082,2720,1
3082,3009,1
3082,3106,1
3082,2796,1
3082,2793,1
3082,2778,1
3082,2719,1
3082,2869,1
2832,3214,1
2832,3015,1
2832,3335,1
2832,3312,1
2832,2715,1
2832,3330,1
2832,3277,1
2832,2718,1
2832,2668,1
2832,3171,1
2832,3050,1
2832,3017,1
2832,3267,1
2832,3027,1
2832,3353,1
2832,3275,1
2832,3276,1
2832,3016,1
2832,2863,1
2832,3208,1
2832,2958,1
2832,3124,1
2832,2795,1
2832,3256,1
2832,2747,1
2832,2901,1
2832,2831,1
2832,2841,1
2960,2800,1
2960,2676,1
2960,2835,1
2960,2940,1
2960,2966,1
2960,2956,1
2960,3022,1
2960,2909,1
2960,2755,1
2960,3250,1
2960,2757,1
2960,3228,1
2960,2916,1
2960,3232,1
2960,2945,1
2960,2988,1
2960,3000,1
2960,2839,1
2960,3047,1
2960,2862,1
2960,3056,1
2960,2786,1
2960,2920,1
2960,2754,1
2960,2867,1
2960,2908,1
2960,3284,1
2960,3364,1
2960,3414,1
2960,3348,1
2960,3129,1
2960,2745,1
2960,3387,1
2960,2974,1
2960,2738,1
2960,2782,1
2960,3104,1
2960,2928,1
2960,3149,1
2960,3158,1
2960,3073,1
2960,2910,1
2960,2810,1
2960,3226,1
2960,2969,1
2960,2925,1
2960,2931,1
2960,2763,1
2960,2669,1
2960,2927,1
2960,3064,1
2960,2880,1
2960,3184,1
2960,3065,1
2960,3433,1
2960,3399,1
2960,3108,1
2960,2777,1
2960,2680,1
2960,2664,1
2960,2864,1
2960,3033,1
2960,2943,1
2960,2924,1
2960,3040,1
2960,3363,1
2960,3174,1
2960,2944,1
2960,3117,1
2960,2911,1
2960,2897,1
2960,3078,1
2960,2986,1
2960,3426,1
2960,2919,1
2960,2698,1
2960,2679,1
2960,2706,1
2960,3153,1
2960,3004,1
2960,2749,1
2960,3119,1
2960,3324,1
2960,3014,1
2960,2750,1
2960,3417,1
2960,2985,1
2960,2906,1
2960,2877,1
2800,3044,1
2800,2810,1
2800,2916,1
2800,3098,1
2800,3174,1
2800,2944,1
2800,2956,1
2800,2806,1
2800,3284,1
2800,2664,1
2800,2945,1
2800,2839,1
2800,3324,1
2800,2925,1
2800,3078,1
2800,2679,1
2800,2928,1
2800,2750,1
2800,3400,1
2800,2988,1
2800,2706,1
2800,2974,1
2800,2815,1
2800,2910,1
2800,2763,1
2800,3000,1
2800,2755,1
2800,2782,1
2800,2877,1
2800,2862,1
2800,3250,1
2800,2754,1
2800,2872,1
2800,2827,1
2800,3040,1
2800,2943,1
2800,2919,1
2800,2698,1
2800,3056,1
2800,2880,1
2800,3363,1
2800,2681,1
2800,2864,1
2800,3232,1
2800,3220,1
2800,2906,1
2800,3033,1
2800,2676,1
2800,3433,1
2800,2966,1
2800,3135,1
2800,2680,1
2800,2890,1
2800,3073,1
2800,3090,1
2800,3004,1
2800,2969,1
2800,2913,1
2800,3213,1
2800,3417,1
2800,2777,1
2800,2786,1
2800,2897,1
2800,3026,1
2800,3348,1
2800,3085,1
2800,3426,1
2800,2757,1
2800,2986,1
2800,3119,1
2800,3023,1
2800,2912,1
2800,2689,1
2800,2854,1
2800,2940,1
2800,2669,1
2800,2927,1
2800,2867,1
2929,3029,1
2929,2756,1
2929,3104,1
2929,2873,1
2929,2862,1
2929,2738,1
2929,2956,1
2929,3435,1
2929,3014,1
2929,3084,1
2929,2827,1
2929,2994,1
2929,2766,1
2929,3000,1
2929,2664,1
2929,3119,1
2929,2741,1
2929,2928,1
2929,3433,1
2929,2681,1
2929,2924,1
2929,2773,1
2929,2915,1
2929,2745,1
2929,3364,1
2929,2931,1
2929,2729,1
2929,2945,1
2929,2890,1
2929,3026,1
2929,2906,1
2929,2786,1
2929,3384,1
2929,2679,1
2929,3362,1
2929,3220,1
2929,2907,1
2929,2877,1
2929,2993,1
2929,3047,1
2929,3324,1
2929,2944,1
2929,3174,1
2929,2755,1
2929,3417,1
2929,3090,1
2929,3232,1
3029,2887,1
3029,3025,1
3029,3073,1
3029,2931,1
3029,3364,1
3029,2738,1
3029,3174,1
3029,2773,1
3029,3129,1
3029,3104,1
3029,2956,1
3029,3000,1
3029,2743,1
3029,2993,1
3029,3220,1
3029,3257,1
3029,2986,1
3029,2679,1
3029,3435,1
3029,3417,1
3029,2873,1
3029,3090,1
3029,2839,1
3029,3014,1
3029,2681,1
3029,2906,1
3029,2862,1
3029,2945,1
3029,2786,1
3029,3433,1
3029,3085,1
3029,2928,1
3029,2994,1
3029,3362,1
3029,3384,1
3029,2756,1
3029,2977,1
3029,2915,1
3029,3119,1
3029,3238,1
3029,2890,1
3029,2680,1
3029,2943,1
3029,3084,1
3029,2754,1
3029,2877,1
3029,2664,1
3029,2927,1
3029,3363,1
3029,2683,1
2909,2880,1
2909,2910,1
2909,2920,1
2909,2891,1
2909,3064,1
2909,2986,1
2909,2916,1
2909,3052,1
2909,3090,1
2909,3250,1
2909,2698,1
2909,3226,1
2909,3399,1
2909,2839,1
2909,3213,1
2909,2877,1
2909,2777,1
2909,2867,1
2909,3022,1
2909,2745,1
2909,2673,1
2909,2967,1
2909,2908,1
2909,2806,1
2909,2913,1
2909,3047,1
2909,2866,1
2909,3362,1
2909,2864,1
2909,2906,1
2909,2669,1
2909,3426,1
2909,3390,1
2909,3026,1
2909,3054,1
2909,2911,1
2909,2757,1
2909,2755,1
2909,3232,1
2909,2759,1
2909,2969,1
2909,2890,1
2909,3363,1
2909,2953,1
2909,3042,1
2909,3104,1
2909,3324,1
2909,2897,1
2909,2925,1
2909,3142,1
2909,2664,1
2909,2750,1
2909,2754,1
2909,2927,1
2909,2666,1
2909,3033,1
2909,2915,1
2909,2884,1
2909,3384,1
2909,3004,1
2909,2749,1
2909,2905,1
2909,2872,1
2909,2782,1
2909,2676,1
2909,3078,1
2909,3339,1
2909,3303,1
2909,2919,1
2909,2943,1
2909,3184,1
2909,2912,1
2909,3000,1
2909,3348,1
2909,2940,1
2880,3232,1
2880,2946,1
2880,2906,1
2880,2905,1
2880,2763,1
2880,2877,1
2880,2750,1
2880,3023,1
2880,3073,1
2880,2850,1
2880,3000,1
2880,3174,1
2880,2908,1
2880,2754,1
2880,3054,1
2880,3339,1
2880,3213,1
2880,3362,1
2880,2943,1
2880,2967,1
2880,2755,1
2880,2944,1
2880,3064,1
2880,2897,1
2880,2867,1
2880,3220,1
2880,2806,1
2880,2679,1
2880,2706,1
2880,3363,1
2880,2974,1
2880,2966,1
2880,2810,1
2880,3056,1
2880,2915,1
2880,3417,1
2880,3022,1
2880,2925,1
2880,2669,1
2880,3085,1
2880,2872,1
2880,2839,1
2880,2928,1
2880,3078,1
2880,3184,1
2880,2835,1
2880,2743,1
2880,3117,1
2880,2986,1
2880,3286,1
2880,2927,1
2880,3098,1
2880,3004,1
2880,3348,1
2880,2864,1
2880,3065,1
2880,2919,1
2880,2910,1
2880,3284,1
2880,2920,1
2880,2945,1
2754,2872,1
2754,2966,1
2754,2940,1
2754,3293,1
2754,3137,1
2754,3220,1
2754,2746,1
2754,2974,1
2754,3129,1
2754,2916,1
2754,2769,1
2754,3078,1
2754,2866,1
2754,2910,1
2754,3234,1
2754,2738,1
2754,3023,1
2754,2911,1
2754,2877,1
2754,3184,1
2754,2864,1
2754,3399,1
2754,2854,1
2754,3284,1
2754,2743,1
2754,2862,1
2754,2761,1
2754,2756,1
2754,2757,1
2754,2839,1
2754,2810,1
2754,3195,1
2754,2835,1
2754,3426,1
2754,3400,1
2754,3056,1
2754,2915,1
2754,3065,1
2754,3433,1
2754,2852,1
2754,3348,1
2754,2777,1
2754,2920,1
2754,2698,1
2754,3108,1
2754,2741,1
2754,3324,1
2754,2705,1
2754,3064,1
2754,2908,1
2754,3025,1
2754,2679,1
2754,3232,1
2754,2988,1
2754,2945,1
2754,3339,1
2754,2689,1
2754,3362,1
2754,2782,1
2754,2956,1
2754,3142,1
2754,3022,1
2754,3226,1
2754,3243,1
2754,2786,1
2754,3105,1
2754,3166,1
2754,3174,1
2754,2850,1
2754,3090,1
2754,3202,1
2754,2928,1
2754,2806,1
2754,3000,1
2754,2919,1
2754,2706,1
2754,2683,1
2754,3228,1
2754,2890,1
2754,3363,1
2754,3054,1
2754,3033,1
2754,3417,1
2754,3026,1
2754,2927,1
2754,2750,1
2754,2749,1
2754,2912,1
2754,3004,1
2754,2986,1
2754,2896,1
2754,2755,1
2754,2944,1
2754,2681,1
2754,2897,1
2754,2867,1
2754,3104,1
2754,3052,1
2754,3250,1
2754,2664,1
2754,2943,1
2754,2763,1
2754,3257,1
2754,3085,1
2754,2669,1
2754,2812,1
2754,2676,1
2754,2717,1
2754,2874,1
2754,2969,1
2754,2863,1
2754,3036,1
2754,2673,1
2754,2906,1
2872,3033,1
2872,2956,1
2872,2906,1
2872,2911,1
2872,3250,1
2872,2919,1
2872,3090,1
2872,2745,1
2872,3056,1
2872,3026,1
2872,3363,1
2872,2839,1
2872,3108,1
2872,3098,1
2872,3064,1
2872,3238,1
2872,3149,1
2872,2985,1
2872,2910,1
2872,3078,1
2872,3052,1
2872,2669,1
2872,2757,1
2872,3294,1
2872,3054,1
2872,3293,1
2872,2944,1
2872,2850,1
2872,3430,1
2872,2827,1
2872,2905,1
2872,3022,1
2872,2993,1
2872,2986,1
2872,2717,1
2872,3226,1
2872,3084,1
2872,2966,1
2872,3065,1
2872,3142,1
2872,3284,1
2872,2815,1
2872,2782,1
2872,2664,1
2872,3195,1
2872,2698,1
2872,2925,1
2872,2676,1
2872,2873,1
2872,2755,1
2872,3348,1
2872,2777,1
2872,2877,1
2872,2666,1
2872,2890,1
2872,2750,1
2872,3232,1
2872,2912,1
2872,3040,1
2872,2913,1
2872,3387,1
2872,3426,1
2872,3362,1
2872,3047,1
2872,2916,1
2872,3166,1
2872,3339,1
2872,2920,1
2872,2866,1
3232,3064,1
3232,2874,1
3232,3040,1
3232,2676,1
3232,2689,1
3232,2756,1
3232,2815,1
3232,3284,1
3232,2943,1
3232,2910,1
3232,3026,1
3232,3090,1
3232,3033,1
3232,3387,1
3232,3044,1
3232,3158,1
3232,2981,1
3232,2956,1
3232,3108,1
3232,2763,1
3232,3142,1
3232,2919,1
3232,2988,1
3232,3234,1
3232,3301,1
3232,2866,1
3232,2913,1
3232,3137,1
3232,2940,1
3232,3363,1
3232,3085,1
3232,3004,1
3232,3022,1
3232,2839,1
3232,3226,1
3232,3052,1
3232,3220,1
3232,2897,1
3232,3339,1
3232,3047,1
3232,2738,1
3232,2862,1
3232,2873,1
3232,2993,1
3232,2782,1
3232,3054,1
3232,2777,1
3232,2864,1
3232,2877,1
3232,2920,1
3232,2698,1
3232,2916,1
3232,3056,1
3232,3023,1
3232,3078,1
3232,3084,1
3232,2890,1
3232,2664,1
3232,2985,1
3232,3073,1
3232,2966,1
3232,3166,1
3232,2750,1
3232,2911,1
3232,2986,1
3232,2905,1
3232,3104,1
3232,3000,1
3232,3065,1
3232,3098,1
3232,3174,1
3232,2680,1
3232,2827,1
3232,3237,1
3232,3417,1
3232,3119,1
3232,2666,1
3232,2755,1
3232,3324,1
3232,2944,1
3232,3149,1
3232,2912,1
3232,3257,1
3232,3202,1
3232,2915,1
3232,3348,1
3232,2867,1
3232,3400,1
3232,2927,1
3232,2683,1
3232,3195,1
3232,3014,1
3232,2669,1
3232,2757,1
3232,3426,1
3184,2948,1
3184,3417,1
3184,3234,1
3184,2679,1
3184,3023,1
3184,2905,1
3184,3363,1
3184,3052,1
3184,2676,1
3184,2920,1
3184,2761,1
3184,2986,1
3184,2956,1
3184,2969,1
3184,2706,1
3184,2913,1
3184,3387,1
3184,2806,1
3184,3315,1
3184,2927,1
3184,3174,1
3184,2867,1
3184,3026,1
3184,2782,1
3184,2854,1
3184,2777,1
3184,3324,1
3184,3213,1
3184,3065,1
3184,3022,1
3184,2891,1
3184,2839,1
3184,2931,1
3184,3294,1
3184,2757,1
3184,3193,1
3184,2681,1
3184,2673,1
3184,2669,1
3184,2664,1
3184,2763,1
3184,3014,1
3184,3390,1
3184,2741,1
3184,3056,1
3184,3303,1
3184,2924,1
3184,2919,1
3184,3414,1
3184,3286,1
3184,2877,1
3184,2925,1
3184,2906,1
3184,3054,1
3184,3226,1
2948,3315,1
2948,3234,1
2948,3324,1
2948,3193,1
2948,2706,1
2948,3363,1
2948,2673,1
2948,3414,1
2948,2806,1
2948,2839,1
2948,3301,1
2948,2913,1
2948,2761,1
2948,3023,1
2948,3065,1
2948,3052,1
2948,3436,1
2948,2763,1
3277,3297,1
3277,3016,1
3277,2778,1
3277,2796,1
3277,2996,1
3277,2770,1
3277,3049,1
3277,2762,1
3277,3391,1
3277,3434,1
3277,3038,1
3277,3247,1
3277,3035,1
3277,2869,1
3277,3267,1
3277,3351,1
3277,3419,1
3277,2992,1
3277,3252,1
3277,3102,1
3277,3146,1
3277,3018,1
3277,2939,1
3277,3381,1
3277,3330,1
3277,2793,1
3277,3239,1
3277,3201,1
3277,2781,1
3277,2833,1
3277,2863,1
3277,3113,1
3277,3169,1
3277,3188,1
3277,3051,1
3277,3320,1
3277,3070,1
3277,3316,1
3277,3150,1
3277,3101,1
3277,3321,1
3277,3416,1
3277,3344,1
3277,2853,1
3277,2661,1
3277,3140,1
3277,2765,1
3277,3132,1
3277,3280,1
3277,3185,1
3277,3120,1
3277,3204,1
3277,2828,1
3277,3265,1
3277,3291,1
3277,2991,1
3277,2719,1
3277,3397,1
3277,2742,1
3277,2901,1
3277,2667,1
3277,3145,1
3277,2674,1
3277,2712,1
3277,3378,1
3277,3154,1
3297,3252,1
3297,3120,1
3297,3288,1
3297,2793,1
3297,3335,1
3297,3070,1
3297,2979,1
3297,3291,1
3297,2742,1
3297,3049,1
3297,3239,1
3297,3204,1
3297,2991,1
3297,3132,1
3297,3146,1
3297,3280,1
3297,3179,1
3297,2853,1
3297,2674,1
3297,3150,1
3297,2661,1
3297,3102,1
3297,3381,1
3297,2992,1
3297,3267,1
3297,3101,1
3297,2719,1
3297,3316,1
3297,3152,1
3297,3391,1
3297,2970,1
3297,3182,1
3297,2869,1
3297,2778,1
3297,3397,1
3297,3296,1
3297,3169,1
3297,3116,1
3297,2796,1
3297,2939,1
3297,3038,1
3297,3419,1
3297,2770,1
3297,2765,1
3297,2780,1
3297,3416,1
3297,3145,1
3297,3265,1
3297,2781,1
3297,3247,1
3297,3113,1
3297,3351,1
3297,2863,1
3297,3035,1
3297,3185,1
3297,3330,1
3297,2833,1
3297,3201,1
2925,3226,1
2925,2913,1
2925,3399,1
2925,3033,1
2925,2705,1
2925,2906,1
2925,3000,1
2925,3085,1
2925,2864,1
2925,2986,1
2925,2746,1
2925,2839,1
2925,2956,1
2925,2966,1
2925,3363,1
2925,3056,1
2925,3195,1
2925,3228,1
2925,2867,1
2925,2919,1
2925,2866,1
2925,2916,1
2925,3117,1
2925,2757,1
2925,2897,1
2925,2681,1
2925,2910,1
2925,3022,1
2925,3064,1
2925,2676,1
2925,2940,1
2925,2717,1
2925,2896,1
2925,3324,1
2925,2961,1
2925,2669,1
2925,3036,1
2925,3250,1
2925,2911,1
2925,2777,1
2925,2943,1
2925,3108,1
2925,2680,1
2925,3284,1
2925,3348,1
2925,2931,1
2925,2924,1
2925,2689,1
2925,2755,1
2925,3304,1
2925,2815,1
2925,2928,1
2925,2738,1
2925,2664,1
2925,2773,1
2925,3098,1
2925,2969,1
2925,3054,1
2925,2850,1
2925,3040,1
2925,3129,1
2925,3065,1
2925,2946,1
2925,2877,1
2925,3387,1
2925,3426,1
2925,2806,1
2925,3174,1
2925,2944,1
2925,2827,1
3397,2939,1
3397,3106,1
3397,3378,1
3397,3169,1
3397,3261,1
3397,3160,1
3397,3115,1
3397,3347,1
3397,3239,1
3397,3194,1
3397,2748,1
3397,2708,1
3397,3316,1
3397,2662,1
3397,3288,1
3397,2742,1
3397,3345,1
3397,3182,1
3397,2937,1
3397,2693,1
3397,3240,1
3397,3355,1
3397,2869,1
3397,2674,1
3397,3024,1
3397,3075,1
3397,3224,1
3397,2863,1
3397,2914,1
3397,3323,1
3397,3116,1
3397,3353,1
3397,3038,1
3397,3201,1
3397,3069,1
3397,3152,1
3397,3267,1
3397,3060,1
3397,3247,1
3397,2989,1
3397,2719,1
3397,2921,1
3397,2995,1
3397,3089,1
3397,2781,1
3397,3280,1
3397,2853,1
3397,3179,1
3397,2665,1
3397,2828,1
3397,2859,1
3397,3235,1
3397,3032,1
3397,3321,1
3397,3351,1
3397,3035,1
3397,3274,1
3397,3406,1
3397,2802,1
3397,3419,1
3397,3070,1
3397,2901,1
3397,3299,1
3397,3154,1
3397,3252,1
3397,3344,1
3397,2784,1
3397,3198,1
3397,2992,1
3397,2720,1
3397,3335,1
3397,2765,1
3397,3132,1
3397,2936,1
3397,3002,1
3397,3416,1
3397,2833,1
3397,2687,1
3397,3434,1
3397,3365,1
3397,2955,1
3397,3265,1
3397,3360,1
3397,3391,1
3397,3330,1
3397,3101,1
3397,3291,1
3397,2661,1
3397,3320,1
3397,2778,1
3397,3049,1
3397,3386,1
3397,3206,1
3397,3076,1
3397,3140,1
3397,3120,1
3397,2793,1
3397,3017,1
3397,3150,1
3397,2753,1
3397,3146,1
3397,3256,1
3397,2973,1
3397,3051,1
3397,2716,1
3397,2846,1
3397,3013,1
3397,3034,1
2939,3316,1
2939,3347,1
2939,3169,1
2939,3094,1
2939,2863,1
2939,3150,1
2939,3267,1
2939,3049,1
2939,2765,1
2939,3101,1
2939,2793,1
2939,3146,1
2939,3132,1
2939,3113,1
2939,3302,1
2939,3247,1
2939,2674,1
2939,3416,1
2939,3391,1
2939,2770,1
2939,3330,1
2939,2901,1
2939,3070,1
2939,3344,1
2939,2970,1
2939,3265,1
2939,3027,1
2939,3120,1
2939,2780,1
2939,2719,1
2939,3179,1
2939,3201,1
2939,2781,1
2939,3239,1
2939,3148,1
2939,3102,1
2939,3373,1
2939,3335,1
2939,2828,1
2939,2973,1
2939,2787,1
2939,3185,1
2939,3381,1
2939,3252,1
2939,2992,1
2939,3291,1
2939,3051,1
2939,2796,1
2939,2661,1
2939,2716,1
2939,2833,1
2939,3351,1
2939,3116,1
2939,2742,1
2939,2853,1
2939,3280,1
2939,3035,1
2939,3434,1
2939,3152,1
2939,2778,1
2939,3206,1
2939,2869,1
3185,3115,1
3185,3111,1
3185,2733,1
3185,3017,1
3185,3102,1
3185,3378,1
3185,2783,1
3185,3350,1
3185,2875,1
3185,2863,1
3185,3335,1
3185,2894,1
3185,3172,1
3185,3360,1
3185,3201,1
3185,3403,1
3185,2833,1
3185,3182,1
3185,3280,1
3185,3434,1
3185,3320,1
3185,3005,1
3185,2661,1
3185,3267,1
3185,2672,1
3185,3152,1
3185,3377,1
3185,3035,1
3185,2796,1
3185,2778,1
3185,2856,1
3185,2742,1
3185,3076,1
3185,3272,1
3185,2677,1
3185,3060,1
3185,3198,1
3185,3179,1
3185,2840,1
3185,2828,1
3185,3225,1
3185,3048,1
3185,2719,1
3185,2950,1
3185,3261,1
3185,3150,1
3185,3049,1
3185,3287,1
3185,3351,1
3185,3116,1
3185,2674,1
3185,3039,1
3185,3124,1
3185,2976,1
3185,2881,1
3185,3385,1
3185,3170,1
3185,3051,1
3185,3409,1
3185,3132,1
3185,3342,1
3185,3274,1
3185,2970,1
3185,3145,1
3185,3396,1
3185,3278,1
3185,3419,1
3185,3101,1
3185,2770,1
3185,3347,1
3185,3411,1
3185,3422,1
3185,3112,1
3185,2991,1
3115,2856,1
3115,3049,1
3115,3124,1
3115,3150,1
3115,3434,1
3115,2937,1
3115,2674,1
3115,3113,1
3115,2708,1
3115,2970,1
3115,3101,1
3115,3201,1
3115,2950,1
3115,3351,1
3115,3252,1
3115,2778,1
3115,2718,1
3115,3419,1
3115,3132,1
3115,2784,1
3115,3350,1
3115,2793,1
3115,2686,1
3115,3302,1
3115,3179,1
3115,3344,1
3115,3288,1
3115,3116,1
3115,3076,1
3115,2833,1
3115,3247,1
3115,3224,1
3115,2661,1
3115,2894,1
3115,3378,1
3115,2751,1
3115,2863,1
3115,2973,1
3115,3422,1
3115,3411,1
3115,3280,1
3115,3198,1
3115,3182,1
3115,2719,1
3115,3265,1
3115,2875,1
3115,3259,1
3115,3396,1
3115,3335,1
3115,3152,1
3115,3342,1
3115,2742,1
3115,3291,1
3115,3035,1
3115,2828,1
2927,3426,1
2927,2706,1
2927,3047,1
2927,3056,1
2927,2915,1
2927,3400,1
2927,2679,1
2927,2683,1
2927,3033,1
2927,3117,1
2927,3085,1
2927,2988,1
2927,3090,1
2927,2905,1
2927,3387,1
2927,2689,1
2927,2786,1
2927,2919,1
2927,3040,1
2927,3044,1
2927,2854,1
2927,2912,1
2927,2867,1
2927,2974,1
2927,2757,1
2927,2806,1
2927,3234,1
2927,2680,1
2927,2946,1
2927,3348,1
2927,2777,1
2927,3238,1
2927,2741,1
2927,3108,1
2927,2956,1
2927,2698,1
2927,3000,1
2927,3036,1
2927,3065,1
2927,3078,1
2927,3433,1
2927,2906,1
2927,2850,1
2927,3284,1
2927,3339,1
2927,2810,1
2927,2908,1
2927,2763,1
2927,3004,1
2927,2669,1
2927,2862,1
2927,3052,1
2927,2985,1
2927,3026,1
2927,2913,1
2927,2839,1
2927,3324,1
2927,3430,1
2927,3119,1
2927,2676,1
2927,2782,1
2927,3054,1
2927,2749,1
2927,2910,1
2927,2943,1
2927,2940,1
2927,2986,1
2927,2981,1
2927,2750,1
2927,2920,1
2927,2966,1
2927,3417,1
2927,2944,1
2927,3073,1
2927,3220,1
2927,3363,1
2927,2755,1
2927,2890,1
2927,2945,1
2927,3022,1
2927,2928,1
3426,3026,1
3426,2759,1
3426,2750,1
3426,2890,1
3426,3040,1
3426,3348,1
3426,2680,1
3426,2689,1
3426,3195,1
3426,2910,1
3426,3054,1
3426,2839,1
3426,2928,1
3426,2956,1
3426,2786,1
3426,2705,1
3426,2985,1
3426,3142,1
3426,3104,1
3426,2710,1
3426,3430,1
3426,2850,1
3426,2969,1
3426,3149,1
3426,2683,1
3426,3090,1
3426,2717,1
3426,3237,1
3426,2908,1
3426,3004,1
3426,3303,1
3426,3301,1
3426,2782,1
3426,3114,1
3426,2916,1
3426,2854,1
3426,3228,1
3426,3033,1
3426,2761,1
3426,2896,1
3426,3394,1
3426,2749,1
3426,2911,1
3426,3139,1
3426,2763,1
3426,3108,1
3426,3025,1
3426,2877,1
3426,2913,1
3426,2905,1
3426,2931,1
3426,3064,1
3426,2967,1
3426,3257,1
3426,2669,1
3426,3022,1
3426,3226,1
3426,3056,1
3426,2698,1
3426,3362,1
3426,3392,1
3426,2986,1
3426,2664,1
3426,2777,1
3426,3042,1
3426,3387,1
3426,2827,1
3426,2666,1
3426,2663,1
3426,3300,1
3426,3129,1
3426,2978,1
3426,3339,1
3426,2919,1
3426,3284,1
3426,2920,1
3426,2673,1
3426,3293,1
3426,3363,1
3426,3078,1
3426,2912,1
3426,2940,1
3426,2757,1
3426,2944,1
3426,3047,1
3426,2676,1
3426,2943,1
3426,2706,1
3426,2867,1
3426,2906,1
3426,3084,1
3426,3324,1
3426,2866,1
3426,2738,1
3426,2815,1
3426,2966,1
3426,3137,1
3426,3174,1
3426,3095,1
3426,2993,1
3426,2974,1
3426,2679,1
3333,3394,1
3333,3294,1
3333,3388,1
3333,3080,1
3333,2809,1
3333,3010,1
3394,2890,1
3394,2851,1
3394,2931,1
3394,2854,1
3394,3036,1
3394,3293,1
3394,2944,1
3394,3114,1
3394,3025,1
3394,3231,1
3394,3080,1
3394,2807,1
3394,2786,1
3394,2729,1
3394,3030,1
3394,3317,1
3394,3213,1
3394,2745,1
3394,2809,1
3394,3390,1
3394,3010,1
3394,2837,1
3394,2915,1
3394,3137,1
3394,3363,1
3394,2928,1
3394,3388,1
3394,2683,1
3087,3236,1
3087,2844,1
3087,3253,1
3087,2758,1
3087,3404,1
3087,2871,1
3087,3369,1
3087,3219,1
3087,3002,1
3087,2938,1
3087,3358,1
3087,2955,1
3087,2843,1
3087,3289,1
3087,3249,1
3087,3427,1
3087,2932,1
3087,3264,1
3087,3321,1
3087,3406,1
3087,3255,1
3087,3136,1
3087,3365,1
3087,2783,1
3087,3327,1
3087,2865,1
3087,2812,1
3087,2816,1
3087,2720,1
3087,2675,1
3087,3296,1
3087,2989,1
3087,2787,1
3087,3338,1
3087,2715,1
3087,3395,1
3087,3256,1
3087,3385,1
3087,2730,1
3087,3196,1
3087,3313,1
3087,3107,1
3087,2718,1
3087,2950,1
3087,3299,1
3087,3187,1
3087,3337,1
3087,2667,1
3087,2918,1
3236,2758,1
3236,2918,1
3236,2932,1
3236,3196,1
3236,3032,1
3236,3256,1
3236,3359,1
3236,3369,1
3236,3385,1
3236,3167,1
3236,2702,2
3236,3264,1
3236,2865,1
3236,3097,1
3236,2955,1
3236,2718,1
3236,3253,2
3236,2843,1
3236,2810,1
3327,2675,1
3327,3366,1
3327,2871,1
3327,2787,1
3327,2858,1
3327,3275,1
3327,2898,1
3327,3326,1
3327,3421,1
3327,3113,1
3327,3136,1
3327,2771,1
3327,2736,1
3327,3383,1
3327,2954,1
3327,3280,1
3327,2781,1
3327,3313,1
3327,3196,1
3327,3110,1
3327,3347,1
3327,3034,1
3327,3214,1
3327,3424,1
3327,2762,1
3327,3148,1
3327,2841,1
3327,3389,1
3327,2955,1
3327,2999,1
3327,3151,1
3327,2893,1
3327,2894,1
3327,2778,1
3327,2665,1
3327,3221,1
3327,3157,1
3327,2958,1
3327,2730,1
3327,3369,1
3327,2875,1
3327,3067,1
3327,3248,1
3327,3190,1
3327,3321,1
3327,2804,1
3327,2836,1
3327,3253,1
2675,2702,1
2675,3256,1
2675,2730,1
2675,2843,1
2675,2665,1
2675,2686,1
2675,2871,1
2675,2955,1
2675,3253,1
2675,3330,1
2675,3171,1
2675,3132,1
2675,3411,1
2675,2932,1
2675,3395,1
2675,2999,1
2675,3187,1
2675,2914,1
2675,2781,1
2675,3196,1
2675,3150,1
2675,2904,1
2675,3136,1
2675,3259,1
2675,3264,1
2675,3369,1
2675,3154,1
2675,3341,1
2675,3404,1
2675,3107,1
2675,3198,1
2675,3189,1
2675,3219,1
2675,3337,1
2675,2833,1
2863,3296,1
2863,3204,1
2863,3201,1
2863,3102,1
2863,3113,1
2863,2785,1
2863,3247,2
2863,3419,1
2863,3274,2
2863,3235,1
2863,3070,1
2863,3152,1
2863,3206,1
2863,2831,1
2863,3050,1
2863,3416,1
2863,2730,1
2863,3252,1
2863,2796,1
2863,2787,1
2863,3146,1
2863,3258,1
2863,2901,1
2863,2853,2
2863,3267,1
2863,2992,1
2863,2747,1
2863,3256,1
2863,2716,1
2863,3198,1
2863,3265,1
2863,3101,1
2863,3320,1
2863,3169,1
2863,3349,1
2863,2781,1
2863,2802,1
2863,2770,1
2863,3365,1
2863,3330,1
2863,2780,1
2863,3154,1
2863,2722,1
2863,3016,1
2863,3280,1
2863,2674,1
2863,2719,2
2863,2991,2
2863,3391,1
2863,3335,1
2863,2661,1
2863,3094,1
2863,3150,1
2863,3429,1
2863,3172,1
2863,3006,1
2863,3171,1
2863,3386,1
2863,3034,1
2863,3049,1
2863,3035,1
2863,3239,2
2863,3316,1
2863,3116,1
2863,3151,1
2863,2778,1
2863,2765,1
2863,2869,1
2863,3124,1
2863,2980,1
2863,2833,1
2863,3132,2
2863,3351,1
2863,3187,1
2863,2793,1
2863,3381,2
2863,3145,2
2863,2742,1
2863,3270,1
2863,3038,1
2863,3347,1
2863,3357,1
2863,3380,1
2863,3214,1
2863,3051,1
2863,3097,1
2863,3120,1
2863,3434,1
2863,3344,1
2863,2715,1
2863,2904,1
3296,3247,1
3296,3172,1
3296,3179,1
3296,3204,1
3296,3337,1
3296,3321,1
3296,3434,1
3296,3344,1
3296,3049,1
3296,3304,1
3296,3302,1
3296,3035,1
3296,3280,1
3296,3415,1
3296,2711,1
3296,3132,1
3296,2674,1
3296,2661,1
3296,3051,1
3296,3050,1
3296,2795,1
3296,3411,1
3296,3150,1
3296,3027,1
3296,3076,1
3296,2712,1
3296,2772,1
3296,3116,1
3296,2923,1
3296,3351,1
3296,3101,1
3296,3152,1
3296,3350,1
3296,2718,1
3296,3201,1
3296,3214,1
3293,3384,1
3293,2956,1
3293,3362,1
3293,3433,1
3293,2873,1
3293,2741,1
3293,2706,1
3293,2943,1
3293,2945,1
3293,2867,1
3293,2810,1
3293,2862,1
3293,3348,1
3293,2738,1
3293,2756,1
3293,2890,1
3293,2924,1
3293,3228,1
3293,2773,1
3293,2679,1
3293,2928,1
3293,3084,1
3293,3000,1
3293,2786,1
3293,2839,1
3293,2977,1
3293,3135,1
3293,3238,1
3293,3073,1
3293,2907,1
3293,3243,1
3293,2681,1
3293,3363,1
3293,3435,1
3293,3339,1
3293,2683,1
3293,3158,1
3293,2994,1
3293,3078,1
3293,2850,1
3293,2906,1
3293,3026,1
3293,3220,1
3293,2743,1
3293,3119,1
3293,2915,1
3293,3104,1
3293,3014,1
3293,3257,1
3293,2729,1
3293,2896,1
3293,2887,1
3293,2940,1
3293,2874,1
3293,3090,1
3384,2905,1
3384,2738,1
3384,3348,1
3384,2786,1
3384,3047,1
3384,3052,1
3384,2666,1
3384,2915,1
3384,2782,1
3384,2988,1
3384,3417,1
3384,2756,1
3384,3084,1
3384,3104,1
3384,2912,1
3384,2773,1
3384,3090,1
3384,2924,1
3384,2928,1
3384,2993,1
3384,3364,1
3384,3078,1
3384,3387,1
3384,2679,1
3384,2977,1
3384,2664,1
3384,2874,1
3384,2890,1
3384,3014,1
3384,3435,1
3384,2956,1
3384,2953,1
3384,3026,1
3384,2669,1
3384,2994,1
3384,2729,1
3384,2913,1
3384,2873,1
3384,3243,1
3384,2931,1
3384,2862,1
3384,3362,1
3005,3039,1
3005,3347,1
3005,3111,1
3005,3072,1
3005,3287,1
3005,2875,1
3005,3165,1
3005,3151,1
3005,3342,1
3005,3145,1
3005,3292,1
3005,3214,1
3005,3118,1
3005,2781,1
3005,3060,1
3005,2719,1
3005,2965,1
3005,3017,1
3005,2836,1
3005,3057,1
3005,3320,1
3005,3010,1
3005,2734,1
3005,3343,1
3005,3113,1
3005,2923,1
3005,3254,1
3005,3150,1
3005,3198,1
3005,3172,1
3005,3136,1
3005,3027,1
3005,1505,1
3005,3011,1
3005,3403,1
3005,3302,1
3005,990,1
3005,2894,1
3005,3411,1
3005,3101,1
3005,3366,1
3039,2796,1
3039,3076,1
3039,3422,1
3039,3377,1
3039,3261,1
3039,2881,1
3039,3320,1
3039,3274,1
3039,3172,1
3039,3199,1
3039,3403,1
3039,2840,1
3039,3287,1
3039,2719,1
3039,3378,1
3039,3225,1
3039,3396,1
3039,3111,1
3039,2778,1
3428,3139,1
3428,2789,1
3428,3042,1
3428,3153,1
3428,2663,1
3428,2807,1
3428,3392,1
3139,2663,1
3139,2851,1
3139,3090,1
3139,3137,1
3139,2769,1
3139,2745,1
3139,3392,1
3139,3153,1
3139,3095,1
3139,3231,1
3139,3229,1
3139,3026,1
3139,3114,1
3139,2978,1
3139,3300,1
3139,2726,1
3139,2899,1
3139,3430,1
3198,2936,1
3198,3385,1
3198,2780,1
3198,3101,1
3198,2894,1
3198,3255,1
3198,3182,1
3198,2720,1
3198,3035,1
3198,3259,1
3198,2950,1
3198,3017,1
3198,3393,1
3198,3411,1
3198,2753,1
3198,3395,1
3198,3150,1
3198,3075,1
3198,2989,1
3198,3347,1
3198,3106,1
3198,3422,1
3198,3107,1
3198,2718,1
3198,2783,1
3198,3331,1
3198,2921,1
3198,3172,1
3198,2716,1
3198,2825,1
3198,2751,1
3198,3321,1
3198,2686,1
3198,3199,1
3198,3051,1
3198,2904,1
3198,3120,1
3198,2901,1
3198,2843,1
3198,3345,1
3198,3379,1
3198,3342,1
3198,2748,1
3198,3136,1
3198,3152,1
3198,3027,1
3198,3351,1
3198,2742,1
3198,2932,1
3198,3419,1
3198,3201,1
3198,3070,1
3198,3330,1
3198,2758,1
3198,3116,1
3198,3434,1
3198,3337,1
3198,3189,1
3198,3291,1
3198,3169,1
3198,3038,1
3198,3146,1
3198,3113,1
3198,3192,1
3198,2871,1
3198,2665,1
3198,3219,1
3198,2702,1
3198,3253,1
3198,2661,1
3198,2711,1
3198,2662,1
3198,3353,1
3198,3204,1
3198,3252,1
3198,2712,1
3198,2793,1
3417,3286,1
3417,2755,1
3417,2810,1
3417,3364,1
3417,2689,1
3417,2839,1
3417,2706,1
3417,3090,1
3417,2757,1
3417,3226,1
3417,2756,1
3417,2738,1
3417,2683,1
3417,2835,1
3417,2974,1
3417,2743,1
3417,3000,1
3417,3363,1
3417,2966,1
3417,2953,1
3417,3324,1
3417,2910,1
3417,3220,1
3417,2944,1
3417,2913,1
3417,3073,1
3417,2988,1
3417,2919,1
3417,3135,1
3417,2773,1
3417,2993,1
3417,2729,1
3417,2916,1
3417,2940,1
3417,3387,1
3417,2928,1
3417,3047,1
3417,2873,1
3417,2786,1
3417,2794,1
3417,3362,1
3417,2986,1
3417,2920,1
3417,3158,1
3417,2906,1
3417,2945,1
3417,3119,1
3417,2806,1
3417,2862,1
3417,3026,1
3417,2956,1
3417,2864,1
3417,3042,1
3417,3004,1
3417,2698,1
3417,2741,1
3417,3433,1
3417,2912,1
3417,2915,1
3417,3014,1
3417,2827,1
3417,2874,1
3417,2943,1
3417,3243,1
3417,3104,1
3417,2679,1
3417,2763,1
3417,2867,1
3417,3213,1
3417,3435,1
3417,3084,1
3417,2907,1
3417,2994,1
3417,3339,1
3417,2749,1
3417,2890,1
3417,2777,1
2944,2738,1
2944,3226,1
2944,2867,1
2944,3000,1
2944,3090,1
2944,2815,1
2944,2910,1
2944,3104,1
2944,3135,1
2944,3257,1
2944,2956,1
2944,2761,1
2944,2916,1
2944,3284,1
2944,2749,1
2944,2864,1
2944,3339,1
2944,2907,1
2944,2673,1
2944,3078,1
2944,2681,1
2944,3324,1
2944,2917,1
2944,3004,1
2944,3195,1
2944,2689,1
2944,2786,1
2944,3065,1
2944,2877,1
2944,2945,1
2944,3220,1
2944,2706,1
2944,3022,1
2944,3025,1
2944,3085,1
2944,2777,1
2944,2806,1
2944,3243,1
2944,2862,1
2944,2978,1
2944,3303,1
2944,2839,1
2944,3064,1
2944,2887,1
2944,2676,1
2944,3023,1
2944,2679,1
2944,3153,1
2944,2810,1
2944,2897,1
2944,3433,1
2944,2969,1
2944,2953,1
2944,2928,1
2944,3362,1
2944,2763,1
2944,2827,1
2944,3056,1
2944,2757,1
2944,2919,1
2944,2974,1
2944,2931,1
2944,3129,1
2944,2966,1
2944,3026,1
2944,3073,1
2944,2680,1
2944,2789,1
2944,2729,1
2944,3142,1
2944,2906,1
2944,3363,1
2944,2854,1
2944,2981,1
2944,2683,1
2944,2669,1
2944,2896,1
2944,3301,1
2944,3149,1
2944,2755,1
2944,2920,1
2944,3108,1
2944,3387,1
2944,3213,1
2944,2943,1
2944,2750,1
2944,3348,1
2944,3098,1
2944,2782,1
2944,3158,1
2944,3084,1
2944,2940,1
2738,2888,1
2738,2877,1
2738,2862,1
2738,3257,1
2738,2864,1
2738,3137,1
2738,3026,1
2738,2969,1
2738,3098,1
2738,2873,1
2738,2956,1
2738,2741,1
2738,3014,1
2738,2839,1
2738,3433,1
2738,2890,1
2738,2931,1
2738,3119,1
2738,2887,1
2738,2726,1
2738,2773,1
2738,2798,1
2738,2977,1
2738,3104,1
2738,2757,1
2738,2729,1
2738,2809,1
2738,3000,1
2738,2924,1
2738,3363,1
2738,3243,1
2738,3036,1
2738,2974,1
2738,2664,1
2738,3123,1
2738,2835,1
2738,3231,1
2738,3362,1
2738,3220,1
2738,3229,1
2738,2679,1
2738,3294,1
2738,3168,1
2738,2953,1
2738,2681,1
2738,2915,1
2738,3364,1
2738,2994,1
2738,2928,1
2738,2911,1
2738,2874,1
2738,3025,1
2738,2896,1
2738,3400,1
2738,3238,1
2738,2988,1
2738,3004,1
2738,2669,1
2738,3090,1
2738,3084,1
2738,2756,1
2738,3092,1
2738,3114,1
2738,2683,1
2738,2978,1
2738,2731,1
2738,2743,1
2738,2663,1
2738,2945,1
2738,2786,1
3399,2777,1
3399,2866,1
3399,3226,1
3399,3387,1
3399,3433,1
3399,3363,1
3399,3004,1
3399,2928,1
3399,2985,1
3399,3054,1
3399,2877,1
3399,3033,1
3399,3040,1
3399,2887,1
3399,2897,1
3399,2782,1
3399,3174,1
3399,2931,1
3399,2755,1
3399,2974,1
3399,2912,1
3399,2911,1
3399,3195,1
3399,2916,1
3399,3065,1
3399,2940,1
3399,2966,1
3399,2835,1
3399,3064,1
3399,2867,1
3399,2741,1
2777,2867,1
2777,3098,1
2777,2679,1
2777,2969,1
2777,2988,1
2777,2966,1
2777,3073,1
2777,2911,1
2777,2985,1
2777,2743,1
2777,2940,1
2777,2908,1
2777,3078,1
2777,2664,1
2777,2749,1
2777,2986,1
2777,2689,1
2777,3387,1
2777,2916,1
2777,2676,1
2777,3195,1
2777,2928,1
2777,3108,1
2777,2850,1
2777,2912,1
2777,2827,1
2777,2920,1
2777,3220,1
2777,2884,1
2777,3284,1
2777,2755,1
2777,3085,1
2777,2782,1
2777,2673,1
2777,2741,1
2777,3226,1
2777,2897,1
2777,3022,1
2777,2815,1
2777,2945,1
2777,2839,1
2777,3363,1
2777,3054,1
2777,3304,1
2777,2906,1
2777,2810,1
2777,2974,1
2777,3433,1
2777,2864,1
2777,3158,1
2777,2806,1
2777,2757,1
2777,3056,1
2777,2786,1
2777,2669,1
2777,3064,1
2777,2896,1
2777,2706,1
2777,2910,1
2777,3348,1
2777,3228,1
2777,2919,1
2777,2763,1
2777,3000,1
2777,3004,1
2777,2943,1
2777,2717,1
2894,3320,1
2894,3116,1
2894,2742,1
2894,2733,1
2894,2823,1
2894,3381,2
2894,2991,2
2894,2973,1
2894,3049,1
2894,3262,1
2894,3332,1
2894,3350,2
2894,2701,1
2894,2797,1
2894,3079,1
2894,3331,1
2894,3145,2
2894,3179,1
2894,3411,2
2894,2661,1
2894,3253,2
2894,2796,1
2894,3173,1
2894,3261,1
2894,3076,1
2894,3403,1
2894,2875,1
2894,2684,1
2894,3017,1
2894,2853,2
2894,2708,1
2894,3258,1
2894,2672,1
2894,3111,1
2894,3035,1
2894,3182,1
2894,3011,1
2894,3060,1
2894,3396,1
2894,3112,1
2894,2958,1
2894,2778,1
2894,2844,1
2894,3225,1
2894,2719,2
2894,3280,1
2894,3124,1
2894,3172,1
2894,3274,2
2894,2781,1
2894,2833,1
2894,3306,1
2894,2881,1
2894,2937,1
3320,2828,1
3320,3252,1
3320,3355,1
3320,2707,1
3320,2992,1
3320,3186,1
3320,3194,1
3320,3120,1
3320,3206,1
3320,3188,1
3320,2840,1
3320,2976,1
3320,3377,1
3320,3051,1
3320,2973,1
3320,3079,1
3320,3118,1
3320,2869,1
3320,2914,1
3320,2833,1
3320,3406,1
3320,2672,1
3320,3182,1
3320,3403,1
3320,3225,1
3320,3291,1
3320,2733,1
3320,2716,1
3320,2661,1
3320,2753,1
3320,3191,1
3320,3345,1
3320,3209,1
3320,3132,1
3320,3152,1
3320,3321,1
3320,2684,1
3320,3280,1
3320,2787,1
3320,3353,1
3320,3204,1
3320,3201,1
3320,3360,1
3320,3157,1
3320,3199,1
3320,2796,1
3320,2748,1
3320,3381,1
3320,3267,1
3320,3101,1
3320,3017,1
3320,2989,1
3320,3258,1
3320,2950,1
3320,3287,1
3320,2937,1
3320,3434,1
3320,3106,1
3320,3378,1
3320,3298,1
3320,2687,1
3320,3344,1
3320,2881,1
3320,3239,1
3320,3113,1
3320,2720,1
3320,3347,1
3320,2797,1
3320,3140,1
3320,3145,1
3320,3396,1
3320,3076,1
3320,3367,1
3320,2991,1
3320,2742,1
3320,2719,1
3320,3422,1
3320,2701,1
3320,3116,1
3320,3240,1
3320,3386,1
3320,3111,1
3320,2793,1
3320,3102,1
3320,3172,1
3320,3272,1
3320,2708,1
3320,3035,1
3320,3038,1
3320,3100,1
3320,2846,1
3320,3274,1
3320,3261,1
3320,2936,1
3320,3170,1
3320,3281,1
3320,3332,1
3320,3350,1
3320,2853,1
3320,3060,1
3320,2778,1
3320,2823,1
3320,2875,1
2793,2787,1
2793,2833,1
2793,3344,1
2793,3120,1
2793,2661,1
2793,2795,1
2793,3089,1
2793,2716,1
2793,3214,1
2793,3347,1
2793,3146,1
2793,3140,1
2793,3051,1
2793,3136,1
2793,2992,1
2793,3154,1
2793,3321,1
2793,2674,1
2793,3132,1
2793,3212,1
2793,3252,1
2793,3351,1
2793,3206,1
2793,3247,1
2793,3332,1
2793,2991,1
2793,3345,1
2793,3316,1
2793,3116,1
2793,2780,1
2793,3391,1
2793,3027,1
2793,3007,1
2793,3224,1
2793,3291,1
2793,3103,1
2793,2742,1
2793,3350,1
2793,3106,1
2793,2719,1
2793,3191,1
2793,2901,1
2793,3152,1
2793,3038,1
2793,3386,1
2793,3201,1
2793,3280,1
2793,3267,1
2793,2853,1
2793,2748,1
2793,2973,1
2793,3239,1
2793,3319,1
2793,3406,1
2793,2720,1
2793,2950,1
2793,3097,1
2793,3353,1
2793,3049,1
2793,3342,1
2793,3335,1
2793,2828,1
2793,3253,1
2793,3288,1
2793,3101,1
2793,2970,1
2793,3355,1
2793,2989,1
2793,3070,1
2793,3396,1
2793,2936,1
2793,3160,1
2793,2937,1
2793,3330,1
2793,2753,1
2793,3046,1
2793,3169,1
2793,3072,1
2793,3240,1
2793,2875,1
2793,2765,1
2793,3416,1
2793,3434,1
2793,3060,1
2793,3035,1
2793,3150,1
2793,3041,1
2787,2690,1
2787,3256,1
2787,2723,1
2787,3302,1
2787,2781,1
2787,3253,1
2787,3321,1
2787,3049,1
2787,3150,1
2787,3342,1
2787,2836,1
2787,3070,1
2787,2825,1
2787,3038,1
2787,2892,1
2787,2783,1
2787,3291,1
2787,3347,1
2787,3097,1
2787,3214,1
2787,3072,1
2787,3116,1
2787,3211,1
2787,2715,1
2787,2762,1
2787,3380,1
2787,3027,1
2787,3403,1
2787,3312,1
2787,2747,1
2787,3034,1
2787,2734,1
2787,2901,1
2787,2932,1
2787,3369,1
2787,3379,1
2787,3395,1
2787,2904,1
2787,3101,1
3377,2778,1
3377,3261,1
3377,3113,1
3377,3172,1
3377,3422,1
3377,3378,1
3377,2840,1
3377,3145,1
3377,3281,1
3377,3019,1
3377,2719,1
3377,3017,1
3377,2958,1
3377,3287,1
3377,2984,1
3377,3118,1
3377,3111,1
3377,2804,1
3377,3274,1
3377,3170,1
3377,2992,1
3377,3076,1
3377,3396,1
3377,3367,1
3377,2828,1
3377,2881,1
3377,2796,1
2778,2661,1
2778,3298,1
2778,3051,1
2778,3267,1
2778,3120,1
2778,3366,1
2778,2719,1
2778,2707,1
2778,3179,1
2778,3330,1
2778,3204,1
2778,3169,1
2778,3239,1
2778,3247,1
2778,2991,1
2778,3145,1
2778,3182,1
2778,3332,1
2778,2712,1
2778,2674,1
2778,3049,1
2778,2921,1
2778,3335,1
2778,3381,1
2778,3396,1
2778,3016,1
2778,3201,1
2778,2828,1
2778,3112,1
2778,2781,1
2778,3351,1
2778,3146,1
2778,3111,1
2778,3017,1
2778,3172,1
2778,3378,1
2778,2869,1
2778,3252,1
2778,2875,1
2778,3347,1
2778,2853,1
2778,3102,1
2778,2938,1
2778,3035,1
2778,3306,1
2778,3150,1
2778,3280,1
2778,3272,1
2778,2881,1
2778,3287,1
2778,2823,1
2778,2796,1
2778,2901,1
2778,2742,1
2778,3076,1
2778,3225,1
2778,3100,1
2778,3113,1
2778,3109,1
2778,3274,1
2778,3060,1
2778,2672,1
2778,3345,1
2778,2904,1
2778,3118,1
2778,3265,1
2778,2770,1
2778,3434,1
2778,3199,1
2778,3261,1
2778,2833,1
2778,3101,1
2778,3422,1
2778,3419,1
2778,3416,1
2778,3116,1
2778,3148,1
2778,2992,1
2778,3132,1
2778,3350,1
3101,3214,1
3101,3267,1
3101,3076,1
3101,3302,1
3101,2796,1
3101,3240,1
3101,3224,1
3101,2748,1
3101,3120,1
3101,2770,1
3101,3017,1
3101,3146,1
3101,2973,1
3101,2833,1
3101,3110,1
3101,3280,1
3101,3206,1
3101,3411,1
3101,2853,1
3101,2875,1
3101,3051,1
3101,3406,1
3101,2828,1
3101,2765,1
3101,3072,1
3101,2883,1
3101,3316,1
3101,2780,1
3101,2936,1
3101,2979,1
3101,3007,1
3101,3150,1
3101,3434,1
3101,3182,1
3101,3373,1
3101,3366,1
3101,3049,1
3101,3265,1
3101,3038,1
3101,3335,1
3101,2719,1
3101,3247,1
3101,3385,1
3101,3169,1
3101,3034,1
3101,3201,1
3101,2753,1
3101,3035,1
3101,3097,1
3101,2950,1
3101,3353,1
3101,2869,1
3101,3106,1
3101,2989,1
3101,3179,1
3101,2712,1
3101,3060,1
3101,3355,1
3101,3152,1
3101,2901,1
3101,2742,1
3101,3332,1
3101,2716,1
3101,2970,1
3101,3188,1
3101,3140,1
3101,3381,1
3101,2914,1
3101,3132,1
3101,3330,1
3101,1534,1
3101,2844,1
3101,2991,1
3101,3116,1
3101,2992,1
3101,3347,1
3101,3089,1
3101,3041,1
3101,3344,1
3101,3351,1
3101,3288,1
3101,3252,1
3101,3350,1
3101,3360,1
3101,3391,1
3101,3145,1
3101,3155,1
3101,2781,1
3101,3070,1
3101,3102,1
3101,2661,1
3101,3027,1
3101,3253,1
3101,2674,1
3101,3419,1
3101,3291,1
3101,3403,1
3101,3416,1
3101,2785,1
3101,2937,1
3101,3261,1
3101,3225,1
3101,3113,1
3101,3239,1
3214,3219,1
3214,3151,1
3214,3002,1
3214,3221,1
3214,3072,1
3214,2836,1
3214,3337,1
3214,3136,1
3214,3027,1
3214,3016,1
3214,3050,1
3214,2762,1
3214,2667,1
3214,2831,1
3214,3279,1
3214,2901,1
3214,3253,1
3214,2784,1
3214,2878,1
3214,3248,1
3214,2803,1
3214,2772,1
3214,3140,1
3214,2996,1
3214,2781,1
3214,2914,1
3214,2898,1
3214,3383,1
3214,2841,1
3214,2715,1
3214,2848,1
3214,2813,1
3214,3276,1
3214,3326,1
3214,3249,1
3214,3312,1
3214,3419,1
3214,3009,1
3214,3171,1
3214,3342,1
3214,2730,1
3214,3144,1
3214,2665,1
3214,2921,1
3214,3117,1
3214,3365,1
3214,2771,1
3214,3116,1
3214,2876,1
3214,2904,1
3214,3097,1
3214,3208,1
3214,3379,1
3090,2729,1
3090,2987,1
3090,2905,1
3090,3392,1
3090,2757,1
3090,3326,1
3090,2988,1
3090,2731,1
3090,2912,1
3090,2773,1
3090,2810,1
3090,2666,1
3090,3158,1
3090,3119,1
3090,2862,1
3090,3114,1
3090,3339,1
3090,2888,1
3090,3042,1
3090,3025,1
3090,2953,1
3090,2710,1
3090,3000,1
3090,2726,1
3090,3010,1
3090,2827,1
3090,3047,1
3090,3036,1
3090,2866,1
3090,3142,1
3090,3078,1
3090,3430,1
3090,3364,1
3090,3231,1
3090,2873,1
3090,2887,1
3090,2755,1
3090,2750,1
3090,2928,1
3090,3137,1
3090,2911,1
3090,3229,1
3090,2994,1
3090,2993,1
3090,2851,1
3090,3363,1
3090,3257,1
3090,3220,1
3090,2769,1
3090,2916,1
3090,3238,1
3090,2915,1
3090,2910,1
3090,2664,1
3090,2931,1
3090,2913,1
3090,3435,1
3090,3014,1
3090,3303,1
3090,2956,1
3090,2681,1
3090,3362,1
3090,2679,1
3090,3195,1
3090,2890,1
3090,2756,1
3090,2815,1
3090,3040,1
3090,3250,1
3090,2978,1
3090,3433,1
3090,2782,1
3090,2663,1
3090,3324,1
3090,3084,1
3090,3022,1
3090,3104,1
3090,2945,1
3090,3163,1
3090,3080,1
3090,2698,1
3090,3387,1
3090,2877,1
3090,2924,1
3090,2683,1
3090,2786,1
3090,3052,1
3090,2966,1
3090,2809,1
3090,3123,1
3090,3026,1
2729,3104,1
2729,3363,1
2729,2873,1
2729,3433,1
2729,3036,1
2729,2993,1
2729,3400,1
2729,2988,1
2729,2928,1
2729,2821,1
2729,2683,1
2729,2907,1
2729,3123,1
2729,2956,1
2729,2689,1
2729,2755,1
2729,2786,1
2729,2887,1
2729,3435,1
2729,2994,1
2729,2874,1
2729,2915,1
2729,3010,1
2729,2766,1
2729,2977,1
2729,3025,1
2729,3026,1
2729,3137,1
2729,2794,1
2729,2713,1
2729,3084,1
2729,2698,1
2729,2862,1
2729,3073,1
2729,2773,1
2729,2877,1
2729,3166,1
2729,3279,1
2729,2679,1
2729,3119,1
2729,2981,1
2729,3000,1
2729,3080,1
2729,2890,1
2729,2810,1
2729,3158,1
2729,3364,1
2729,3257,1
2729,3089,1
2729,2743,1
2729,3362,1
2729,3114,1
2729,2731,1
2729,3135,1
3085,2966,1
3085,3348,1
3085,2839,1
3085,2867,1
3085,2782,1
3085,2969,1
3085,2946,1
3085,2896,1
3085,3065,1
3085,3193,1
3085,3056,1
3085,3363,1
3085,2681,1
3085,2680,1
3085,2931,1
3085,2986,1
3085,2741,1
3085,3228,1
3085,2924,1
3085,3129,1
3085,3000,1
3085,2743,1
3085,3250,1
3085,2717,1
3085,3284,1
3085,3304,1
3085,2919,1
3085,2705,1
3085,2676,1
3085,3108,1
3085,2943,1
3085,2916,1
3085,2689,1
3085,3238,1
3085,2920,1
3085,3078,1
3085,3033,1
3085,2749,1
3085,2669,1
3085,2815,1
3085,3054,1
2966,2987,1
2966,2897,1
2966,2943,1
2966,2689,1
2966,2850,1
2966,3362,1
2966,2940,1
2966,3237,1
2966,2683,1
2966,2815,1
2966,2669,1
2966,2755,1
2966,2906,1
2966,3257,1
2966,3174,1
2966,2912,1
2966,3149,1
2966,2866,1
2966,3084,1
2966,3040,1
2966,3104,1
2966,2680,1
2966,3000,1
2966,2761,1
2966,2666,1
2966,2827,1
2966,2757,1
2966,2905,1
2966,3238,1
2966,3026,1
2966,3056,1
2966,2891,1
2966,3047,1
2966,3065,1
2966,2862,1
2966,3387,1
2966,3250,1
2966,2794,1
2966,3348,1
2966,3284,1
2966,2679,1
2966,2994,1
2966,2745,1
2966,3435,1
2966,2928,1
2966,3226,1
2966,2911,1
2966,2916,1
2966,2664,1
2966,2821,1
2966,3339,1
2966,3390,1
2966,3158,1
2966,2913,1
2966,3363,1
2966,2985,1
2966,2993,1
2966,3022,1
2966,3166,1
2966,2786,1
2966,2717,1
2966,3117,1
2966,2839,1
2966,3052,1
2966,3078,1
2966,3303,1
2966,2874,1
2966,3163,1
2966,2873,1
2966,3098,1
2966,3195,1
2966,2782,1
2966,3108,1
2966,2956,1
2966,2910,1
2966,2915,1
2966,2698,1
2966,2877,1
2966,3054,1
2966,3301,1
2966,2676,1
2966,3033,1
2966,3119,1
2966,2986,1
2966,3014,1
2966,2750,1
2966,3142,1
2966,2864,1
2966,2706,1
3033,2919,1
3033,2827,1
3033,3117,1
3033,3026,1
3033,3010,1
3033,2680,1
3033,2890,1
3033,2994,1
3033,2750,1
3033,3238,1
3033,2815,1
3033,2877,1
3033,2717,1
3033,3064,1
3033,2920,1
3033,2928,1
3033,2755,1
3033,2986,1
3033,2993,1
3033,2969,1
3033,3174,1
3033,2912,1
3033,3056,1
3033,3078,1
3033,3284,1
3033,2757,1
3033,2839,1
3033,3040,1
3033,3435,1
3033,2786,1
3033,2866,1
3033,2669,1
3033,2910,1
3033,3387,1
3033,3065,1
3033,2782,1
3033,3363,1
3033,2698,1
3033,3054,1
3033,2705,1
3033,3226,1
3033,2985,1
3033,3390,1
3033,2664,1
3033,2916,1
3033,3052,1
3033,2873,1
3033,2897,1
3033,3339,1
3033,3195,1
3033,2913,1
3033,3119,1
3033,3080,1
3033,2946,1
3033,3364,1
3033,2835,1
3033,3163,1
3033,3022,1
3033,2911,1
3033,3228,1
3033,2745,1
3033,3250,1
3033,3149,1
3033,3098,1
3033,2676,1
3033,3304,1
3033,3348,1
3033,2906,1
3033,3142,1
3033,2915,1
3033,2905,1
3033,3108,1
3033,2666,1
2919,2943,1
2919,2912,1
2919,2669,1
2919,2905,1
2919,2676,1
2919,2864,1
2919,3004,1
2919,2877,1
2919,2786,1
2919,2757,1
2919,3348,1
2919,3304,1
2919,3363,1
2919,3056,1
2919,3054,1
2919,2839,1
2919,2928,1
2919,2911,1
2919,2806,1
2919,3014,1
2919,3078,1
2919,2897,1
2919,2953,1
2919,3149,1
2919,2827,1
2919,2664,1
2919,3084,1
2919,3104,1
2919,2749,1
2919,2997,1
2919,2866,1
2919,2915,1
2919,3430,1
2919,2673,1
2919,2986,1
2919,2910,1
2919,2993,1
2919,3073,1
2919,3142,1
2919,2988,1
2919,2867,1
2919,2890,1
2919,2920,1
2919,2763,1
2919,2896,1
2919,2913,1
2919,2985,1
2919,3284,1
2919,2969,1
2919,2916,1
2919,2940,1
2919,3108,1
2893,2771,1
2893,3159,1
2893,2836,1
2893,3389,1
2893,3374,1
2893,3432,1
2771,2841,1
2771,3389,1
2771,2736,1
2771,3424,1
2771,2858,1
2771,3383,1
2771,3248,1
2771,2954,1
2771,3221,1
2771,2836,1
2749,2986,1
2749,2666,1
2749,2940,1
2749,2873,1
2749,3142,1
2749,3078,1
2749,2750,1
2749,2810,1
2749,3220,1
2749,3257,1
2749,3348,1
2749,2905,1
2749,2969,1
2749,3026,1
2749,2706,1
2749,2994,1
2749,3363,1
2749,3047,1
2749,2908,1
2749,2786,1
2749,3364,1
2749,2698,1
2749,3339,1
2749,2664,1
2749,3149,1
2749,2896,1
2749,2943,1
2749,2911,1
2749,2839,1
2749,3073,1
2749,3022,1
2749,3108,1
2749,2920,1
2749,3129,1
2749,2974,1
2749,3056,1
2749,2710,1
2749,2864,1
2749,2956,1
2749,2680,1
2986,3065,1
2986,3363,1
2986,3226,1
2986,3195,1
2986,2680,1
2986,2810,1
2986,3098,1
2986,3174,1
2986,3166,1
2986,3022,1
2986,2806,1
2986,2706,1
2986,2689,1
2986,2943,1
2986,2906,1
2986,3036,1
2986,2698,1
2986,2864,1
2986,2746,1
2986,2676,1
2986,3054,1
2986,2905,1
2986,3073,1
2986,3114,1
2986,2920,1
2986,3149,1
2986,2988,1
2986,3433,1
2986,3220,1
2986,2866,1
2986,2928,1
2986,2910,1
2986,2750,1
2986,2940,1
2986,3004,1
2986,2862,1
2986,3047,1
2986,2969,1
2986,2786,1
2986,3056,1
2986,2897,1
2986,2755,1
2986,2669,1
2986,3078,1
2986,2815,1
2986,3228,1
2986,2916,1
2986,2877,1
2986,2839,1
2986,2913,1
2986,2741,1
2986,2946,1
2986,2835,1
2986,2911,1
2986,3014,1
2986,2985,1
2986,2956,1
2986,2743,1
2986,2974,1
2986,3348,1
2986,2931,1
2986,2717,1
2986,2867,1
2986,3238,1
2986,2850,1
2986,2908,1
2986,3000,1
2986,3400,1
2986,2664,1
2986,2782,1
2986,3108,1
2986,3064,1
2986,2924,1
2986,2912,1
2986,2757,1
2986,3284,1
2986,2827,1
2986,2679,1
2829,2711,1
2829,3241,1
2829,2779,1
2829,3356,1
2829,3019,1
2829,3086,1
2829,3295,1
2829,3207,1
2829,3062,1
2829,3154,1
2829,2724,1
2829,3176,1
2829,3233,1
2829,3001,1
2829,3334,1
2829,3068,1
2829,3177,1
2829,3366,1
2829,3168,1
2829,3077,1
2829,2728,1
2829,2739,1
2829,3069,1
2829,3412,1
2829,3162,1
2711,3118,1
2711,2667,1
2711,3207,1
2711,2881,1
2711,3177,1
2711,3077,1
2711,3009,1
2711,2748,1
2711,3366,1
2711,3019,1
2711,2921,1
2711,2723,1
2711,3233,1
2711,2758,1
2711,2989,1
2711,2714,1
2711,2923,1
2711,3162,1
2711,2779,1
2711,3412,1
2711,3062,1
2711,2942,1
2711,2724,1
2711,2825,1
2711,2665,1
2755,3149,1
2755,2985,1
2755,3301,1
2755,3228,1
2755,3014,1
2755,2877,1
2755,3348,1
2755,2676,1
2755,2839,1
2755,3387,1
2755,2866,1
2755,3435,1
2755,2920,1
2755,2943,1
2755,3250,1
2755,2940,1
2755,2910,1
2755,3226,1
2755,3166,1
2755,2993,1
2755,2757,1
2755,2916,1
2755,2717,1
2755,2827,1
2755,3078,1
2755,3026,1
2755,3054,1
2755,2679,1
2755,3040,1
2755,3339,1
2755,3158,1
2755,3064,1
2755,2913,1
2755,2815,1
2755,3174,1
2755,2782,1
2755,2905,1
2755,2994,1
2755,3022,1
2755,3119,1
2755,3084,1
2755,3065,1
2755,3047,1
2755,2664,1
2755,3363,1
2755,2666,1
2755,3238,1
2755,2928,1
2755,2669,1
2755,2911,1
2755,2680,1
2755,3098,1
2755,3163,1
2755,2906,1
2755,3324,1
2755,3108,1
2755,2890,1
2755,2897,1
2755,2912,1
2755,2750,1
2755,3056,1
2755,3284,1
2755,2956,1
2755,2987,1
2755,3433,1
2755,3117,1
2755,3195,1
3149,2757,1
3149,3339,1
3149,2911,1
3149,2680,1
3149,3078,1
3149,2750,1
3149,2669,1
3149,3174,1
3149,2782,1
3149,3226,1
3149,3084,1
3149,3435,1
3149,3108,1
3149,2994,1
3149,2676,1
3149,3284,1
3149,2946,1
3149,3064,1
3149,2839,1
3149,2666,1
3149,2974,1
3149,2815,1
3149,2866,1
3149,2985,1
3149,3193,1
3149,2877,1
3149,2993,1
3149,3137,1
3149,3047,1
3149,3052,1
3149,2873,1
3149,3054,1
3149,3301,1
3149,2916,1
3149,3163,1
3149,3014,1
3149,3195,1
3149,2913,1
3149,2906,1
3149,3237,1
3149,2827,1
3149,2698,1
3149,2664,1
3149,2987,1
3149,3000,1
3149,2890,1
3149,3022,1
3149,3387,1
3149,3348,1
3149,2867,1
3149,3098,1
3149,3040,1
2887,2994,1
2887,3025,1
2887,3036,1
2887,2906,1
2887,2756,1
2887,2956,1
2887,2988,1
2887,2743,1
2887,2794,1
2887,3114,1
2887,3135,1
2887,3119,1
2887,3158,1
2887,2915,1
2887,3052,1
2887,3220,1
2887,2810,1
2887,3363,1
2887,2807,1
2887,2907,1
2887,3084,1
2887,2897,1
2887,3400,1
2887,2874,1
2887,3362,1
2887,2683,1
2887,3073,1
2887,3000,1
2887,2862,1
2887,2877,1
2887,2679,1
2887,3004,1
3247,3347,1
3247,3120,1
3247,2748,1
3247,3291,1
3247,2674,1
3247,2970,1
3247,3330,1
3247,3434,1
3247,3070,1
3247,3240,2
3247,3049,1
3247,3179,1
3247,3132,2
3247,3102,1
3247,3335,1
3247,3038,1
3247,3146,1
3247,3351,1
3247,3391,1
3247,2765,1
3247,3280,1
3247,2991,2
3247,3188,1
3247,3106,2
3247,3265,1
3247,3344,1
3247,3355,1
3247,3239,2
3247,2904,1
3247,2828,1
3247,2780,1
3247,2989,2
3247,3169,1
3247,3252,1
3247,2853,2
3247,3419,1
3247,2992,1
3247,3206,1
3247,3035,1
3247,3316,1
3247,3152,1
3247,3150,1
3247,3007,1
3247,2937,1
3247,3116,1
3247,3201,1
3247,2973,1
3247,2770,1
3247,2742,1
3247,3381,2
3247,2661,1
3247,3416,1
3347,3145,1
3347,2781,1
3347,3416,1
3347,3146,1
3347,2833,1
3347,2796,1
3347,3330,1
3347,2973,1
3347,3172,1
3347,3381,1
3347,2719,1
3347,3350,1
3347,3351,1
3347,2716,1
3347,2828,1
3347,2742,1
3347,2882,1
3347,3035,1
3347,3170,1
3347,3291,1
3347,2674,1
3347,3060,1
3347,3051,1
3347,3366,1
3347,3434,1
3347,3403,1
3347,3332,1
3347,3378,1
3347,3152,1
3347,2869,1
3347,2734,1
3347,3206,1
3347,2901,1
3347,2853,1
3347,2661,1
3347,2712,1
3347,3406,1
3347,3150,1
3347,3049,1
3347,3116,1
3347,3272,1
3347,3102,1
3347,3267,1
3347,2770,1
3347,2992,1
3347,3027,1
3347,3302,1
3347,3076,1
3347,3239,1
3347,3396,1
3347,3201,1
3347,2936,1
3347,3132,1
3347,2715,1
3347,3280,1
3347,2870,1
3347,3204,1
3347,3113,1
3347,2991,1
3347,3252,1
3065,2916,1
3065,2969,1
3065,3056,1
3065,3226,1
3065,3064,1
3065,2717,1
3065,3301,1
3065,2689,1
3065,3228,1
3065,3362,1
3065,2669,1
3065,3433,1
3065,2839,1
3065,2864,1
3065,2910,1
3065,2911,1
3065,3387,1
3065,3108,1
3065,3195,1
3065,2943,1
3065,2866,1
3065,2757,1
3065,2815,1
3065,2827,1
3065,3078,1
3065,3284,1
3065,2906,1
3065,2946,1
3065,2917,1
3065,3054,1
3065,3040,1
3065,3174,1
3065,3363,1
3065,2676,1
3286,2839,1
3286,2761,1
3286,2806,1
3286,2896,1
3286,2757,1
3286,2706,1
3286,3056,1
3286,2854,1
3286,3237,1
3286,2683,1
3286,3414,1
3286,2759,1
3286,2763,1
3286,2862,1
3286,2961,1
3286,3324,1
3286,3052,1
3286,2943,1
3286,3234,1
3419,3169,1
3419,2781,1
3419,2991,1
3419,3378,1
3419,3016,1
3419,3239,1
3419,3267,1
3419,2869,1
3419,3132,1
3419,3288,1
3419,2770,1
3419,3113,1
3419,3201,1
3419,3049,1
3419,3124,1
3419,3351,1
3419,2661,1
3419,2742,1
3419,2955,1
3419,3381,1
3419,3252,1
3419,3335,1
3419,3342,1
3419,3116,1
3419,3416,1
3419,3145,1
3419,3120,1
3419,2765,1
3419,3146,1
3419,2780,1
3419,2674,1
3419,2970,1
3419,3150,1
3419,2802,1
3419,3136,1
3419,2992,1
3419,2853,1
3419,3152,1
3419,3035,1
3419,3051,1
3419,3316,1
3419,3265,1
3419,3204,1
3419,3018,1
3419,3280,1
3419,3330,1
3419,3434,1
3419,2796,1
3319,3046,1
3319,3393,1
3319,1642,1
3319,2734,1
3319,2772,1
3319,3034,1
3319,2672,1
3319,3038,1
3319,3350,1
3319,2973,1
3319,2764,1
3319,2693,1
3319,3321,1
3319,2830,1
3319,3411,1
3319,3344,1
3319,2742,1
3319,2833,1
3319,3106,1
3319,2904,1
3319,2728,1
3319,3240,1
3319,3089,1
3046,2748,1
3046,3212,1
3046,3406,1
3046,2679,1
3046,3188,1
3046,2742,1
3046,2846,1
3046,3360,1
3046,3106,1
3046,3299,1
3046,3076,1
3046,3041,1
3046,2973,1
3046,2687,1
3046,3434,1
3046,3209,1
3046,3352,1
3046,2716,1
3046,2795,1
3046,3248,1
3046,2923,1
3046,3140,1
3046,3089,1
3046,2989,1
3046,3058,1
3046,3393,1
3046,3146,1
3046,3109,1
3046,3260,1
3046,3013,1
3046,2904,1
3046,2785,1
3046,3345,1
2773,2666,1
2773,3362,1
2773,3166,1
2773,2683,1
2773,3084,1
2773,2905,1
2773,3119,1
2773,2664,1
2773,3433,1
2773,3004,1
2773,3339,1
2773,2977,1
2773,2993,1
2773,3158,1
2773,3026,1
2773,2913,1
2773,2862,1
2773,2810,1
2773,2782,1
2773,2873,1
2773,2786,1
2773,2916,1
2773,3174,1
2773,2988,1
2773,2756,1
2773,2956,1
2773,3435,1
2773,2969,1
2773,2945,1
2773,2953,1
2773,2815,1
2773,3364,1
2773,2890,1
2773,2994,1
2773,3348,1
2773,2915,1
2773,2987,1
2773,3014,1
2773,2681,1
2773,3040,1
2773,3078,1
2773,3238,1
2773,3104,1
2773,2931,1
2773,2679,1
2666,2698,1
2666,3014,1
2666,2956,1
2666,2985,1
2666,2915,1
2666,2917,1
2666,2782,1
2666,3084,1
2666,2866,1
2666,3364,1
2666,3174,1
2666,2993,1
2666,2897,1
2666,3026,1
2666,2669,1
2666,3250,1
2666,2827,1
2666,2988,1
2666,2815,1
2666,3004,1
2666,3064,1
2666,3348,1
2666,3363,1
2666,3226,1
2666,3339,1
2666,2905,1
2666,3142,1
2666,2851,1
2666,2839,1
2666,3047,1
2666,2750,1
2666,2906,1
2666,2689,1
2666,3108,1
2666,2877,1
2666,2676,1
2666,3387,1
2666,3284,1
2666,2916,1
2666,2912,1
2666,2717,1
2666,3040,1
2666,3098,1
2666,3078,1
2666,3022,1
2666,2786,1
2666,2913,1
2706,3193,1
2706,3414,1
2706,2940,1
2706,2911,1
2706,2680,1
2706,2810,1
2706,2867,1
2706,3000,1
2706,3237,1
2706,2967,1
2706,2910,1
2706,3303,1
2706,2974,1
2706,2943,1
2706,3052,1
2706,2864,1
2706,2695,1
2706,2827,1
2706,2782,1
2706,2946,1
2706,3220,1
2706,2891,1
2706,2945,1
2706,2931,1
2706,2920,1
2706,3023,1
2706,2969,1
2706,3234,1
2706,2896,1
2706,2928,1
2706,2786,1
2706,3362,1
2706,2673,1
2706,2750,1
2706,2877,1
2706,2689,1
2706,3213,1
2706,3324,1
2706,2839,1
2706,3294,1
2706,3056,1
2706,3363,1
2706,2743,1
2706,2806,1
2706,2763,1
2706,2761,1
2706,3004,1
2706,2905,1
2940,2852,1
2940,2717,1
2940,3348,1
2940,3078,1
2940,2835,1
2940,2910,1
2940,2988,1
2940,2906,1
2940,2664,1
2940,3363,1
2940,2985,1
2940,3108,1
2940,2757,1
2940,3238,1
2940,2867,1
2940,2877,1
2940,3056,1
2940,2981,1
2940,2912,1
2940,2839,1
2940,2810,1
2940,2669,1
2940,3054,1
2940,2874,1
2940,2920,1
2940,2698,1
2940,2974,1
2940,2786,1
2940,3220,1
2940,2943,1
2940,2911,1
2940,3117,1
2940,2679,1
2940,2928,1
2940,2750,1
2940,2907,1
2940,3174,1
2940,2864,1
2940,2866,1
2940,3433,1
2940,3064,1
2940,3195,1
2852,2920,1
2852,2827,1
2852,2943,1
2852,2916,1
2852,2839,1
2852,3226,1
2852,3220,1
3226,2835,1
3226,2911,1
3226,2906,1
3226,3064,1
3226,2698,1
3226,3129,1
3226,2839,1
3226,2757,1
3226,3284,1
3226,3142,1
3226,2993,1
3226,3387,1
3226,3078,1
3226,2750,1
3226,2782,1
3226,2866,1
3226,3108,1
3226,2669,1
3226,2664,1
3226,3433,1
3226,3004,1
3226,2905,1
3226,2676,1
3226,3348,1
3226,2916,1
3226,3056,1
3226,2910,1
3226,2920,1
3226,2827,1
3226,2864,1
3226,2717,1
3226,2985,1
3226,3163,1
3226,3339,1
3226,3040,1
3226,2897,1
3226,3098,1
3226,2890,1
3226,3022,1
3226,3047,1
3226,3026,1
3226,3390,1
3226,2815,1
3226,3363,1
3226,3092,1
3226,3052,1
3226,2943,1
3226,2913,1
3226,2915,1
3226,2873,1
3226,3174,1
3226,3000,1
3226,3195,1
3226,2877,1
3226,3054,1
3226,2912,1
3316,3240,1
3316,3252,1
3316,3206,1
3316,3391,1
3316,3146,1
3316,3070,1
3316,2970,1
3316,3120,1
3316,3035,1
3316,3169,1
3316,2662,1
3316,3049,1
3316,2661,1
3316,3265,1
3316,2742,1
3316,3132,1
3316,3267,1
3316,3239,1
3316,2674,1
3316,2984,1
3316,3344,1
3316,3201,1
3316,2765,1
3316,3416,1
3316,2853,1
3316,2804,1
3050,2667,1
3050,2739,1
3050,2795,1
3050,2865,1
3050,3171,1
3050,3335,1
3050,3312,1
3050,2831,1
3050,3256,1
3050,2747,1
3050,2715,1
2667,3242,1
2667,2784,1
2667,2868,1
2667,3211,1
2667,2690,1
2667,3349,1
2667,2856,1
2667,2921,1
2667,2841,1
2667,3099,1
2667,3313,1
2667,3353,1
2667,2762,1
2667,3329,1
3117,3173,1
3117,2751,1
3117,3228,1
3117,2698,1
3117,3020,1
3117,2748,1
3117,3274,1
3117,2810,1
3117,2841,1
3117,3097,1
3117,3342,1
3117,2839,1
3117,2864,1
3117,2916,1
3117,2905,1
3117,2759,1
3117,2689,1
3117,2956,1
3117,3004,1
3117,3302,1
3117,3215,1
3117,3237,1
3117,2946,1
3117,3304,1
3117,3027,1
3117,2969,1
3117,2915,1
3117,3124,1
3117,3107,1
3117,2835,1
3117,3339,1
3117,3056,1
3117,3431,1
3117,2668,1
3117,3040,1
3117,2906,1
3117,2896,1
3117,3363,1
3117,3195,1
3117,3213,1
3117,2877,1
3117,3098,1
3117,2914,1
3117,3000,1
3117,3078,1
3117,2910,1
3117,3022,1
3117,3174,1
3117,2920,1
3117,2867,1
3117,3364,1
3117,2996,1
3117,2928,1
3173,2918,1
3173,3381,1
3173,58,1
3173,3418,1
3173,3221,1
3173,2718,1
3173,2901,1
3173,3124,1
3173,2747,1
3173,2847,1
3173,3431,1
3173,3335,1
3173,2946,1
3173,2735,1
3173,3210,1
2913,2676,1
2913,3104,1
2913,3195,1
2913,3174,1
2913,2751,1
2913,3339,1
2913,2867,1
2913,3363,1
2913,2877,1
2913,2698,1
2913,2906,1
2913,3064,1
2913,2750,1
2913,3142,1
2913,2969,1
2913,2866,1
2913,3348,1
2913,2782,1
2913,2993,1
2913,3054,1
2913,2916,1
2913,2891,1
2913,2911,1
2913,3250,1
2913,2956,1
2913,3119,1
2913,3224,1
2913,3078,1
2913,2786,1
2913,2839,1
2913,2912,1
2913,3042,1
2913,2717,1
2913,3387,1
2913,2827,1
2913,2669,1
2913,2910,1
2913,2985,1
2913,2862,1
2913,2905,1
2913,2873,1
2913,3047,1
2913,3026,1
2913,2890,1
2913,2946,1
2913,3098,1
2913,3324,1
2913,3303,1
2913,2915,1
2913,2763,1
2913,2953,1
2676,3040,1
2676,3078,1
2676,2911,1
2676,2946,1
2676,2827,1
2676,2969,1
2676,3056,1
2676,3250,1
2676,3304,1
2676,3195,1
2676,2920,1
2676,3080,1
2676,3098,1
2676,3174,1
2676,3047,1
2676,2877,1
2676,2839,1
2676,3064,1
2676,2864,1
2676,2873,1
2676,2867,1
2676,3339,1
2676,2906,1
2676,3108,1
2676,2698,1
2676,2866,1
2676,2916,1
2676,2669,1
2676,3390,1
2676,3142,1
2676,2745,1
2676,2757,1
2676,3193,1
2676,3348,1
2676,3010,1
2676,2782,1
2676,2917,1
2676,2897,1
2676,2815,1
2676,3022,1
2676,2994,1
2676,3301,1
2676,2717,1
2676,2683,1
2676,3284,1
2676,3387,1
2676,2896,1
2676,2664,1
2676,2905,1
2676,2705,1
2676,3036,1
2676,2689,1
2676,2985,1
2676,3363,1
2676,2943,1
2676,2912,1
2676,3364,1
2878,3249,1
2878,2751,1
2878,2844,1
2878,3144,1
2878,3346,1
2878,3020,1
2878,3253,1
2878,2904,1
2878,3049,1
3249,2989,1
3249,3421,1
3249,2921,1
3249,2785,1
3249,2812,1
3249,3187,1
3249,3002,1
3249,3346,1
3249,2665,1
3249,3221,1
2897,3119,1
2897,3054,1
2897,3000,1
2897,2750,1
2897,2943,1
2897,2669,1
2897,3056,1
2897,3228,1
2897,2827,1
2897,3073,1
2897,2924,1
2897,2864,1
2897,2928,1
2897,2910,1
2897,2906,1
2897,2916,1
2897,3303,1
2897,3064,1
2897,3004,1
2897,3363,1
2897,2866,1
2897,2867,1
2897,2946,1
2897,2920,1
2897,3195,1
2897,2717,1
2897,2664,1
2897,2850,1
2897,2912,1
2897,2877,1
2897,3098,1
2897,3174,1
2897,2985,1
3119,2946,1
3119,2988,1
3119,3123,1
3119,3435,1
3119,2821,1
3119,2906,1
3119,3073,1
3119,2977,1
3119,2874,1
3119,2839,1
3119,3174,1
3119,3025,1
3119,3387,1
3119,3114,1
3119,2905,1
3119,3324,1
3119,3084,1
3119,3026,1
3119,3044,1
3119,2862,1
3119,3158,1
3119,3104,1
3119,2864,1
3119,2931,1
3119,2750,1
3119,2910,1
3119,2835,1
3119,2698,1
3119,2956,1
3119,3238,1
3119,2679,1
3119,3362,1
3119,3166,1
3119,2794,1
3119,3257,1
3119,2981,1
3119,3054,1
3119,2786,1
3119,2953,1
3119,2683,1
3119,3000,1
3119,2994,1
3119,2743,1
3119,2993,1
3119,3098,1
3119,2890,1
3119,2928,1
3119,3135,1
3119,2873,1
3119,2766,1
3204,3351,1
3204,3302,1
3204,3182,1
3204,2991,1
3204,3434,1
3204,3009,1
3204,3291,1
3204,3280,1
3204,3201,1
3204,3342,1
3204,2869,1
3204,3038,1
3204,3321,1
3204,3051,1
3204,2796,1
3204,3152,1
3204,3360,1
3204,2719,1
3204,2781,1
3204,2921,1
3204,3177,1
3204,3113,1
3204,3035,1
3204,3094,1
3204,3378,1
3204,2674,1
3204,3267,1
3204,2992,1
3204,2737,1
3204,2751,1
3204,3093,1
3204,3076,1
3204,3172,1
3204,2892,1
3204,2668,1
3204,3145,1
3351,3152,1
3351,3265,1
3351,3272,1
3351,3179,1
3351,3360,1
3351,3206,1
3351,3381,1
3351,2833,1
3351,3344,1
3351,2853,1
3351,3102,1
3351,3049,1
3351,2780,1
3351,3224,1
3351,3291,1
3351,2796,1
3351,3146,1
3351,2973,1
3351,2672,1
3351,3172,1
3351,3113,1
3351,2719,1
3351,2970,1
3351,3182,1
3351,2828,1
3351,2661,1
3351,3035,1
3351,2765,1
3351,3357,1
3351,3038,1
3351,3132,1
3351,3252,1
3351,2712,1
3351,3416,1
3351,2996,1
3351,3051,1
3351,3201,1
3351,3280,1
3351,3120,1
3351,2770,1
3351,2742,1
3351,3335,1
3351,2674,1
3351,3239,1
3351,3116,1
3351,3150,1
3351,2991,1
3351,2869,1
3351,3391,1
3351,3299,1
3351,3302,1
3351,3306,1
3351,3321,1
3351,3079,1
3351,3070,1
3351,2781,1
3351,3434,1
3351,3267,1
3351,2901,1
3351,3431,1
3351,3169,1
3351,3330,1
3351,2950,1
3351,3145,1
2801,3256,1
2801,2865,1
2801,3255,1
2801,3221,1
2801,3365,1
2801,3032,1
2801,2758,1
2801,3167,1
2801,2730,1
3256,3167,1
3256,2831,1
3256,3156,1
3256,2816,1
3256,2950,1
3256,3385,1
3256,2871,1
3256,3274,1
3256,3263,1
3256,2812,1
3256,2825,1
3256,3429,1
3256,2730,1
3256,3393,1
3256,2955,1
3256,2686,1
3256,2932,1
3256,3154,1
3256,2803,1
3256,3219,1
3256,3365,1
3256,3425,1
3256,2715,1
3256,3358,1
3256,3418,1
3256,2918,1
3256,2901,1
3256,3124,1
3256,2865,1
3256,3253,1
3256,2926,1
3256,3264,1
3256,3338,1
3256,3427,1
3256,2914,1
3256,3401,1
3256,2921,1
3256,3369,1
3256,3032,1
3256,2772,1
3256,3376,1
3256,3402,1
3256,2718,1
3256,2843,1
3256,2758,1
3256,3187,1
3256,2668,1
3256,3255,1
3256,3312,1
3256,2744,1
3256,2780,1
3256,3196,1
3256,3136,1
3191,3203,1
3191,3412,1
3191,3069,1
3191,2724,1
3191,3120,1
3191,3359,1
3191,3223,1
3191,3258,1
3191,3291,1
3191,3154,1
3191,2830,2
3191,3106,2
3191,3393,1
3191,3233,1
3191,2984,1
3191,2662,1
3191,3344,1
3191,3434,1
3191,2716,1
3191,3240,2
3191,3379,1
3191,2950,1
3191,3168,1
3191,2990,1
3191,3355,1
3191,2730,1
3191,2739,1
3191,2720,1
3191,2992,1
3191,3313,1
3191,3002,1
3191,3366,1
3191,3007,1
3191,3162,1
3191,3186,1
3203,3299,1
3203,3275,1
3203,3224,1
3203,3406,1
3203,2914,1
3203,2848,1
3203,3077,1
3203,3177,1
3203,3366,1
3203,3313,1
3203,3208,1
3203,3342,1
3203,3233,1
3203,3421,1
3203,3106,1
3203,3210,1
3203,3291,1
3203,3395,1
3203,2724,1
3203,3038,1
3203,3240,1
3203,3140,1
3203,2790,1
3203,3162,1
3203,3019,1
3203,3321,1
3203,3345,1
2846,3321,1
2846,3352,1
2846,3089,1
2846,3299,1
2846,3260,1
2846,3212,1
2846,2914,1
2846,3041,1
2846,3360,1
2846,3058,1
2846,2748,1
2846,3175,1
2846,2780,1
2846,3345,1
2846,3038,1
2846,3209,1
2846,2785,1
2846,3188,1
2846,2742,1
2846,2687,1
2846,3109,1
2846,3013,1
2846,2716,1
3321,3406,1
3321,2901,1
3321,2687,1
3321,3116,1
3321,3154,1
3321,2950,1
3321,2914,1
3321,3224,1
3321,2989,1
3321,2904,1
3321,3120,1
3321,3252,1
3321,3212,1
3321,2712,1
3321,2833,1
3321,2751,1
3321,3051,1
3321,2996,1
3321,3345,1
3321,3355,1
3321,3434,1
3321,2742,1
3321,2753,1
3321,3365,1
3321,3240,1
3321,3106,1
3321,3197,1
3321,3391,1
3321,2973,1
3321,2661,1
3321,3140,1
3321,3422,1
3321,3291,1
3321,3246,1
3321,3421,1
3321,3239,1
3321,3038,1
3321,2716,1
3321,2713,1
3321,3132,1
3321,3386,1
3321,3089,1
3321,3360,1
3321,3380,1
3321,2748,1
3321,3299,1
3321,3342,1
3321,3302,1
3321,2720,1
3321,2668,1
3321,3344,1
3124,2803,1
3124,3312,1
3124,3418,1
3124,3365,1
3124,2946,1
3124,2831,1
3124,3196,1
3124,2748,1
3124,2882,1
3124,3393,1
3124,2751,1
3124,3205,1
3124,2865,1
3124,3380,1
3124,3097,1
3124,3215,1
3124,2958,1
3124,3335,1
3124,2881,1
3124,2920,1
2803,2772,2
2803,2790,1
2803,2881,1
2803,3380,1
2803,3138,1
2803,2882,1
2803,3418,1
2803,2690,1
2803,3140,1
2803,3100,2
2803,3280,1
2803,2848,1
2803,3196,1
2803,3178,2
2803,3048,1
2803,3211,1
2803,2813,1
2803,2996,1
3280,3132,1
3280,3396,1
3280,3035,1
3280,3261,1
3280,3254,1
3280,3360,1
3280,3306,1
3280,2973,1
3280,3267,1
3280,2958,1
3280,2904,1
3280,2742,1
3280,2716,1
3280,2753,1
3280,2970,1
3280,3252,1
3280,3088,1
3280,2848,1
3280,2992,1
3280,3170,1
3280,2674,1
3280,3148,1
3280,2770,1
3280,2811,1
3280,2828,1
3280,2875,1
3280,3169,1
3280,2661,1
3280,2701,1
3280,2937,1
3280,3265,1
3280,2796,1
3280,3116,1
3280,3381,1
3280,3150,1
3280,3272,1
3280,3235,1
3280,3179,1
3280,3112,1
3280,2833,1
3280,3391,1
3280,3431,1
3280,3332,1
3280,2819,1
3280,2869,1
3280,2781,1
3280,3215,1
3280,3291,1
3280,3060,1
3280,3102,1
3280,3422,1
3280,3076,1
3280,3330,1
3280,3199,1
3280,3350,1
3280,3182,1
3280,3188,1
3280,3434,1
3280,3120,1
3280,2672,1
3280,2991,1
3280,3051,1
3280,3206,1
3280,3288,1
3280,3113,1
3280,2719,1
3280,3152,1
3280,3378,1
3280,2965,1
3280,3049,1
3280,3298,1
3280,2712,1
3280,2785,1
3280,3111,1
3280,2876,1
3280,2950,1
3280,3172,1
3280,2976,1
3280,3201,1
3280,3344,1
3280,3145,1
3280,2853,1
3280,2855,1
3132,3049,1
3132,2828,1
3132,3076,1
3132,3179,1
3132,3291,1
3132,2973,1
3132,3150,1
3132,2991,2
3132,3239,2
3132,3206,1
3132,3113,1
3132,3252,1
3132,2770,1
3132,2661,1
3132,2796,1
3132,2742,1
3132,3411,2
3132,3169,1
3132,2914,1
3132,3434,1
3132,3267,1
3132,2765,1
3132,3265,1
3132,2970,1
3132,3116,1
3132,3288,1
3132,2992,1
3132,2712,1
3132,3070,1
3132,2753,1
3132,2904,1
3132,2869,1
3132,3051,1
3132,3253,2
3132,3396,1
3132,3381,2
3132,3060,1
3132,2833,1
3132,3391,1
3132,3350,2
3132,3355,1
3132,2674,1
3132,2719,2
3132,3260,1
3132,3188,1
3132,3335,1
3132,3146,1
3132,3035,1
3132,3201,1
3132,3344,1
3132,3212,1
3132,3152,1
3132,3102,1
3132,3416,1
3132,3120,1
3132,3330,1
3132,3145,2
3132,3154,1
3132,2853,2
3132,3332,1
3207,3077,1
3207,3086,1
3207,3371,1
3207,3241,1
3207,3019,1
3207,3295,1
3207,3252,1
3207,3420,1
3207,3168,1
3207,3233,1
3207,3366,1
3207,3223,1
3207,3162,1
3207,3103,1
3207,2900,1
3207,3359,1
3207,2779,1
3207,2990,1
3207,3120,1
3207,2724,1
3207,3177,1
3207,3350,1
3207,3002,1
3207,2713,1
3207,2830,1
3207,3412,1
3207,3410,1
3207,2662,1
3207,2730,1
3207,3273,1
3207,3176,1
3207,2728,1
3207,3001,1
3207,2892,1
3207,3154,1
3207,3356,1
3042,2963,1
3042,3114,1
3042,2915,1
3042,2763,1
3042,3257,1
3042,2877,1
3042,2890,1
3042,3095,1
3042,2981,1
3042,3237,1
3042,3303,1
3042,3137,1
3042,2931,1
2963,3036,1
2963,3084,1
2987,3158,1
2987,2993,1
2987,3114,1
2987,3123,1
2987,3195,1
2987,3104,1
2987,3014,1
2987,2916,1
2987,3025,1
2987,2731,1
2987,2679,1
2987,2956,1
2987,3137,1
2987,3166,1
2987,2815,1
2987,3163,1
2987,3052,1
2987,3084,1
2987,3026,1
2987,3387,1
2987,2827,1
2946,3335,1
2946,2698,1
2946,2862,1
2946,3304,1
2946,3387,1
2946,2956,1
2946,2952,1
2946,2969,1
2946,2906,1
2946,3104,1
2946,3174,1
2946,2835,1
2946,3097,1
2946,2786,1
2946,3228,1
2946,2759,1
2946,2867,1
2946,2751,1
2946,2916,1
2946,2996,1
2946,3215,1
2946,3211,1
2946,2668,1
2946,2839,1
2946,3380,1
2946,2679,1
2946,3000,1
2946,3263,1
2946,2904,1
2946,2864,1
2946,3054,1
2946,2928,1
2946,2841,1
2946,2748,1
2946,3294,1
2946,2957,1
2946,2905,1
2946,2961,1
2946,3302,1
2946,3363,1
3335,3116,1
3335,3360,1
3335,3113,1
3335,2853,1
3335,3267,1
3335,2751,1
3335,3278,1
3335,3136,1
3335,2712,1
3335,3350,1
3335,2748,1
3335,3215,1
3335,3357,1
3335,3261,1
3335,3038,1
3335,2989,1
3335,2785,1
3335,2875,1
3335,2661,1
3335,2869,1
3335,2828,1
3335,3150,1
3335,2780,1
3335,3240,1
3335,3411,1
3335,3169,1
3335,3140,1
3335,3035,1
3335,3152,1
3335,2781,1
3335,3049,1
3335,2742,1
3335,3291,1
3335,2950,1
3335,3385,1
3335,3434,1
3335,3330,1
3335,3252,1
3335,2718,1
3335,3120,1
3335,3146,1
3335,3233,1
3335,2841,1
3335,3212,1
2697,3292,1
2697,2820,1
2697,2962,1
2697,3001,1
2697,3373,1
2697,3288,1
2697,3246,1
2697,3275,1
2697,2992,1
2697,3186,1
2697,3295,1
2697,2696,1
2697,3244,1
2697,2870,1
2697,2934,1
3292,2923,1
3292,3027,1
3292,3341,1
3292,3302,1
3292,2739,1
3292,2820,1
3292,3275,1
3292,3331,1
3292,3260,1
3026,2786,1
3026,3234,1
3026,2815,1
3026,3213,1
3026,3022,1
3026,2912,1
3026,3084,1
3026,2906,1
3026,3036,1
3026,2931,1
3026,3339,1
3026,2782,1
3026,3158,1
3026,3301,1
3026,2698,1
3026,3000,1
3026,2877,1
3026,2993,1
3026,2956,1
3026,2741,1
3026,2928,1
3026,2731,1
3026,3387,1
3026,2867,1
3026,3098,1
3026,3364,1
3026,2789,1
3026,2827,1
3026,2890,1
3026,3166,1
3026,3195,1
3026,2669,1
3026,3052,1
3026,3010,1
3026,3137,1
3026,3123,1
3026,3362,1
3026,3257,1
3026,2679,1
3026,2750,1
3026,3014,1
3026,3363,1
3026,2915,1
3026,2953,1
3026,3078,1
3026,2683,1
3026,3400,1
3026,2988,1
3026,3348,1
3026,2763,1
3026,2839,1
3026,3114,1
3026,3025,1
3026,3435,1
3026,3104,1
3026,3238,1
3026,2756,1
3026,2905,1
3026,2891,1
3026,2866,1
3026,3047,1
3026,3303,1
3026,2873,1
3026,2862,1
3026,3324,1
3026,2809,1
3026,2945,1
2786,2943,1
2786,2896,1
2786,3213,1
2786,3114,1
2786,3022,1
2786,3084,1
2786,2953,1
2786,3174,1
2786,2981,1
2786,2745,1
2786,2977,1
2786,3363,1
2786,2698,1
2786,2969,1
2786,2741,1
2786,3220,1
2786,2931,1
2786,2681,1
2786,3000,1
2786,3158,1
2786,3243,1
2786,2663,1
2786,3362,1
2786,3387,1
2786,2877,1
2786,3284,1
2786,2731,1
2786,2782,1
2786,3433,1
2786,2750,1
2786,2956,1
2786,2928,1
2786,3228,1
2786,2874,1
2786,2915,1
2786,2866,1
2786,3054,1
2786,2827,1
2786,2993,1
2786,3364,1
2786,3073,1
2786,2916,1
2786,2839,1
2786,2810,1
2786,2985,1
2786,2664,1
2786,3025,1
2786,2864,1
2786,3324,1
2786,3257,1
2786,2766,1
2786,3078,1
2786,2873,1
2786,2910,1
2786,3166,1
2786,2683,1
2786,2679,1
2786,2890,1
2786,2862,1
2786,2906,1
2786,2912,1
2786,2994,1
2786,3014,1
2786,3238,1
2786,3104,1
2786,2756,1
2786,2924,1
2786,2835,1
2786,2669,1
2786,3435,1
2786,2988,1
3170,2875,1
3170,2937,1
3170,3396,1
3170,2936,1
3170,2869,1
3170,3116,1
3170,2828,1
3170,3298,1
3170,3378,1
3170,2719,1
3170,3172,1
3170,3434,1
3170,3211,1
3170,3350,1
3170,3051,1
3170,2823,1
3170,3291,1
3170,2995,1
3170,3332,1
2875,3150,1
2875,2742,1
2875,3182,1
2875,3396,1
2875,3079,1
2875,2833,1
2875,2661,1
2875,3261,1
2875,3332,1
2875,3116,1
2875,3350,1
2875,3360,1
2875,2904,1
2875,3043,1
2875,3258,1
2875,2958,1
2875,3272,1
2875,2719,1
2875,2672,1
2875,2976,1
2875,3287,1
2875,3172,1
2875,2828,1
2875,3411,1
2875,3302,1
2875,3248,1
2875,2823,1
2875,2708,1
2875,3111,1
2875,3060,1
2875,2701,1
2875,3179,1
2875,3386,1
2875,2871,1
2875,3076,1
2875,3313,1
2875,2937,1
2875,2684,1
3047,2915,1
3047,3078,1
3047,2911,1
3047,2782,1
3047,2906,1
3047,2905,1
3047,3022,1
3047,3387,1
3047,2916,1
3047,2993,1
3047,2956,1
3047,3142,1
3047,3040,1
3047,2698,1
3047,3098,1
3047,2866,1
3047,2669,1
3047,2994,1
3047,3348,1
3047,3339,1
3047,2750,1
3047,2890,1
3047,3064,1
3047,2985,1
3047,2873,1
3047,2877,1
3047,2717,1
3047,2912,1
3108,2750,1
3108,2908,1
3108,2782,1
3108,2864,1
3108,2905,1
3108,3387,1
3108,2866,1
3108,2679,1
3108,3348,1
3108,2911,1
3108,3284,1
3108,2969,1
3108,2917,1
3108,3195,1
3108,2839,1
3108,2916,1
3108,3339,1
3108,2943,1
3108,3040,1
3108,2815,1
3108,2910,1
3108,2974,1
3108,2827,1
3108,2906,1
3108,2717,1
3108,2994,1
3108,3022,1
3108,3064,1
3108,2669,1
3108,3078,1
3108,3098,1
3108,2689,1
3108,2920,1
3108,3363,1
3108,2757,1
3108,3250,1
3108,2664,1
3108,2985,1
2750,2985,1
2750,2827,1
2750,2920,1
2750,3284,1
2750,2910,1
2750,2680,1
2750,3023,1
2750,2905,1
2750,3052,1
2750,2969,1
2750,2908,1
2750,2810,1
2750,3056,1
2750,3339,1
2750,2916,1
2750,2988,1
2750,2664,1
2750,3142,1
2750,2877,1
2750,2945,1
2750,3098,1
2750,2928,1
2750,3104,1
2750,2689,1
2750,3324,1
2750,2866,1
2750,2873,1
2750,2669,1
2750,2867,1
2750,2864,1
2750,3040,1
2750,2974,1
2750,2956,1
2750,3022,1
2750,2839,1
2750,2912,1
2750,3387,1
2750,3202,1
2750,2906,1
2750,3137,1
2750,2943,1
2750,2698,1
2750,3234,1
2750,2890,1
2750,2763,1
2750,3348,1
2750,3073,1
2750,2782,1
2750,2915,1
2750,3064,1
2750,2679,1
2750,2911,1
2750,3078,1
2750,3363,1
2908,3004,1
2908,3284,1
2908,2839,1
2908,2906,1
2908,2664,1
2908,3040,1
2908,2877,1
2908,3022,1
2908,3220,1
2908,2911,1
2908,2864,1
2908,2920,1
2908,2669,1
3412,3420,1
3412,3077,1
3412,3241,1
3412,2990,1
3412,3295,1
3412,3233,1
3412,1405,1
3412,3068,1
3412,2892,1
3412,3273,1
3412,2779,1
3412,3356,1
3412,3359,1
3412,3379,1
3412,3410,1
3412,2728,1
3412,3019,1
3412,2730,1
3412,3168,1
3412,2900,1
3412,3103,1
3412,3176,1
3412,3162,1
3412,2830,1
3412,2662,1
3412,3366,1
3412,3020,1
3412,3086,1
3412,3002,1
3412,2758,1
3412,3223,1
3412,2713,1
3412,3007,1
3412,3018,1
3412,3177,1
3412,2724,1
3412,3154,1
3412,3371,1
3412,3118,1
3056,3363,1
3056,3129,1
3056,3284,1
3056,2866,1
3056,2815,1
3056,2839,1
3056,2969,1
3056,2931,1
3056,2906,1
3056,3433,1
3056,2810,1
3056,2689,1
3056,2896,1
3056,2743,1
3056,3228,1
3056,3078,1
3056,3054,1
3056,2741,1
3056,3000,1
3056,2945,1
3056,2705,1
3056,3220,1
3056,2669,1
3056,2681,1
3056,2717,1
3056,2916,1
3056,2757,1
3056,2907,1
3056,3193,1
3056,2910,1
3056,3195,1
3056,2680,1
3056,3023,1
3056,2746,1
3056,3387,1
3056,2679,1
3056,2943,1
3056,2763,1
3056,3301,1
3056,3304,1
3056,2867,1
3056,2974,1
3056,2928,1
3056,3348,1
3056,3135,1
3056,3098,1
3056,3073,1
3025,3010,1
3025,3084,1
3025,3123,1
3025,3104,1
3025,2782,1
3025,2924,1
3025,2756,1
3025,3137,1
3025,3080,1
3025,2890,1
3025,3257,1
3025,2837,1
3025,3363,1
3025,3135,1
3025,2907,1
3025,3073,1
3025,2810,1
3025,2874,1
3025,2683,1
3025,3400,1
3025,2854,1
3025,2807,1
3025,3000,1
3025,2906,1
3025,2988,1
3025,3238,1
3025,3166,1
3025,2839,1
3025,3036,1
3025,3435,1
3025,3362,1
3025,2679,1
3025,2731,1
3025,3022,1
3025,3231,1
3025,3114,1
3025,3158,1
3025,2862,1
3025,2981,1
3025,2766,1
2679,2756,1
2679,3243,1
2679,2907,1
2679,3339,1
2679,2862,1
2679,2669,1
2679,2985,1
2679,2864,1
2679,3195,1
2679,3142,1
2679,2689,1
2679,3433,1
2679,2969,1
2679,3158,1
2679,3257,1
2679,3054,1
2679,2810,1
2679,2928,1
2679,3078,1
2679,2920,1
2679,2839,1
2679,2906,1
2679,3104,1
2679,2977,1
2679,2953,1
2679,3435,1
2679,2681,1
2679,2910,1
2679,3014,1
2679,3363,1
2679,3000,1
2679,3324,1
2679,3364,1
2679,2896,1
2679,2915,1
2679,3220,1
2679,3004,1
2679,2956,1
2679,2890,1
2679,2905,1
2679,3174,1
2679,2835,1
2679,2993,1
2679,3135,1
2679,3238,1
2679,2916,1
2679,2757,1
2679,2873,1
2679,2924,1
2679,2741,1
2679,2911,1
2679,2763,1
2679,2994,1
2679,3362,1
2679,2683,1
2679,3073,1
2679,2988,1
2679,2931,1
2679,3084,1
2756,2945,1
2756,3135,1
2756,2994,1
2756,3363,1
2756,3073,1
2756,2981,1
2756,2977,1
2756,2839,1
2756,2928,1
2756,2915,1
2756,2683,1
2756,2888,1
2756,2873,1
2756,2993,1
2756,2862,1
2756,3257,1
2756,3084,1
2756,2743,1
2756,3364,1
2756,2681,1
2756,2956,1
2756,3238,1
2756,3000,1
2756,3433,1
2756,3362,1
2756,3220,1
2756,3104,1
2756,2924,1
2756,2931,1
3098,2906,1
3098,2757,1
3098,2839,1
3098,3364,1
3098,3129,1
3098,3348,1
3098,2920,1
3098,3142,1
3098,2664,1
3098,3078,1
3098,2827,1
3098,2912,1
3098,2961,1
3098,3339,1
3098,2905,1
3098,2741,1
3098,2867,1
3098,2717,1
3098,3195,1
3098,3040,1
3098,3362,1
3098,2866,1
3098,2924,1
3098,3387,1
3098,2945,1
3098,2911,1
3098,3301,1
3098,2815,1
3098,3064,1
3098,2864,1
3098,2931,1
3098,2916,1
3098,2669,1
3098,3363,1
3098,2698,1
3098,2969,1
3098,2877,1
3098,3022,1
2906,2911,1
2906,3301,1
2906,3195,1
2906,3022,1
2906,3104,1
2906,3174,1
2906,2977,1
2906,2835,1
2906,3000,1
2906,2782,1
2906,2915,1
2906,3284,1
2906,3054,1
2906,2683,1
2906,2974,1
2906,3339,1
2906,2864,1
2906,2664,1
2906,2910,1
2906,2745,1
2906,3324,1
2906,3220,1
2906,2867,1
2906,2985,1
2906,2669,1
2906,2866,1
2906,2956,1
2906,2890,1
2906,2994,1
2906,3303,1
2906,2928,1
2906,2877,1
2906,2827,1
2906,3078,1
2906,2850,1
2906,2698,1
2906,3387,1
2906,2905,1
2906,2839,1
2906,2862,1
2906,3363,1
2906,3362,1
2906,2920,1
2906,2757,1
2906,3004,1
2906,3142,1
2906,3040,1
2906,2916,1
3120,3154,1
3120,3381,1
3120,3345,1
3120,3038,1
3120,3070,1
3120,3035,1
3120,3350,1
3120,3342,1
3120,3201,1
3120,3355,1
3120,2781,1
3120,3391,1
3120,3049,1
3120,3344,1
3120,2674,1
3120,3113,1
3120,2992,1
3120,3416,1
3120,2973,1
3120,2719,1
3120,3116,1
3120,2742,1
3120,3406,1
3120,2853,1
3120,3106,1
3120,3224,1
3120,3252,1
3120,2753,1
3120,2712,1
3120,3206,1
3120,2765,1
3120,3169,1
3120,2828,1
3120,3291,1
3120,3434,1
3120,2901,1
3120,2661,1
3120,3299,1
3120,2713,1
3120,2989,1
3120,3089,1
3120,3146,1
3120,3240,1
3120,2970,1
3120,3267,1
3120,3239,1
3120,3150,1
3120,3330,1
2916,2680,1
2916,3174,1
2916,2866,1
2916,2757,1
2916,2681,1
2916,3339,1
2916,3064,1
2916,3304,1
2916,3142,1
2916,2920,1
2916,2669,1
2916,3363,1
2916,2917,1
2916,2896,1
2916,2850,1
2916,2969,1
2916,3129,1
2916,3054,1
2916,2664,1
2916,2910,1
2916,2705,1
2916,3195,1
2916,3284,1
2916,2839,1
2916,3022,1
2916,3348,1
2916,2827,1
2916,2985,1
2916,3040,1
2916,2943,1
2916,3250,1
2916,2928,1
2916,2815,1
2916,2974,1
2916,2782,1
2916,2717,1
2916,2877,1
2916,2911,1
2916,2945,1
2916,3228,1
2916,2867,1
2916,2689,1
2916,3078,1
2916,3387,1
2916,2741,1
2680,2877,1
2680,3363,1
2680,3195,1
2680,2689,1
2680,3387,1
2680,3129,1
2680,2743,1
2680,3054,1
2680,3064,1
2680,2835,1
2680,3193,1
2680,2669,1
2680,3022,1
2680,2815,1
2680,2839,1
2680,2763,1
2680,3348,1
2680,2917,1
2680,2705,1
2680,2974,1
2680,2757,1
2680,2943,1
2680,3304,1
2680,3078,1
2680,3228,1
2680,3339,1
2680,2911,1
2680,3174,1
2680,2891,1
2680,3284,1
2680,2905,1
2742,3350,1
2742,3152,1
2742,3352,1
2742,2712,1
2742,3406,1
2742,2989,1
2742,3027,1
2742,3179,1
2742,3199,1
2742,3252,1
2742,2719,1
2742,2973,1
2742,3060,1
2742,3239,1
2742,3007,1
2742,3049,1
2742,2869,1
2742,3299,1
2742,3258,1
2742,2828,1
2742,2716,1
2742,2748,1
2742,3212,1
2742,3240,1
2742,2992,1
2742,2753,1
2742,3172,1
2742,3288,1
2742,3182,1
2742,2674,1
2742,3148,1
2742,3013,1
2742,2904,1
2742,2661,1
2742,3201,1
2742,3038,1
2742,3360,1
2742,3070,1
2742,3355,1
2742,2780,1
2742,2901,1
2742,3396,1
2742,3150,1
2742,3079,1
2742,3332,1
2742,3058,1
2742,2770,1
2742,3076,1
2742,2937,1
2742,3345,1
2742,3391,1
2742,3224,1
2742,3106,1
2742,3378,1
2742,3035,1
2742,2991,1
2742,3411,1
2742,3344,1
2742,3169,1
2742,3051,1
2742,3140,1
2742,3160,1
2742,3209,1
2742,3146,1
2742,3017,1
2742,2970,1
2742,3298,1
2742,3102,1
2742,3206,1
2742,3116,1
2742,3194,1
2742,3188,1
2742,3416,1
2742,2765,1
2742,3265,1
2742,2687,1
2742,3260,1
2742,3089,1
2742,3267,1
2742,3330,1
2742,3041,1
2742,2796,1
2742,3291,1
2742,2785,1
2742,2781,1
3350,3355,1
3350,3262,1
3350,2701,1
3350,3051,1
3350,2716,1
3350,2674,1
3350,2991,2
3350,3258,1
3350,3076,1
3350,2719,2
3350,2796,1
3350,2828,1
3350,3302,1
3350,2781,1
3350,3411,2
3350,2753,1
3350,3261,1
3350,3113,1
3350,2869,1
3350,3298,1
3350,3201,1
3350,3288,1
3350,3152,1
3350,3116,1
3350,2937,1
3350,2712,1
3350,2661,1
3350,3070,1
3350,3060,1
3350,3150,1
3350,2833,1
3350,2823,1
3350,3360,1
3350,3396,1
3350,3182,1
3350,3100,2
3350,3274,2
3350,3157,2
3350,2672,1
3350,2718,1
3350,3019,1
3350,2958,1
3350,3049,1
3350,2708,1
3350,3011,1
3350,3381,2
3350,3145,2
3350,2748,1
3350,3179,1
3350,3386,1
3350,3079,1
3350,2797,1
3350,3172,1
3350,3160,1
3350,3272,1
3350,2684,1
3350,3111,1
3350,3186,1
3350,3332,1
3350,2733,1
2716,3051,1
2716,2904,1
2716,2992,1
2716,3154,1
2716,3406,1
2716,3360,1
2716,3034,1
2716,2720,1
2716,3089,1
2716,2662,1
2716,2780,1
2716,2990,1
2716,3291,1
2716,2853,1
2716,3017,1
2716,3206,1
2716,3352,1
2716,2783,1
2716,3060,1
2716,3110,1
2716,2859,1
2716,3150,1
2716,2712,1
2716,2989,1
2716,2665,1
2716,3015,1
2716,3385,1
2716,3403,1
2716,3013,1
2716,2828,1
2716,2730,1
2716,3288,1
2716,3212,1
2716,2973,1
2716,3276,1
2716,3077,1
2716,3038,1
2716,2687,1
2716,3027,1
2716,3107,1
2716,3007,1
2716,2830,1
2716,2661,1
2716,3109,1
2716,2753,1
2716,3097,1
2716,2914,1
2716,3140,1
2716,3287,1
2716,3106,1
2716,3188,1
2716,3240,1
2716,3353,1
2716,3002,1
2716,3274,1
2716,2796,1
2716,3434,1
2716,2845,1
2716,2984,1
2716,3313,1
2716,2868,1
2716,3267,1
2716,3263,1
2716,3260,1
2716,3058,1
2716,2936,1
2716,2797,1
2716,3345,1
2716,2719,1
2716,2785,1
2716,2901,1
2716,2748,1
2716,3299,1
2716,3070,1
2716,3209,1
2716,2844,1
2716,3041,1
3051,3240,1
3051,3145,1
3051,3060,1
3051,2901,1
3051,3288,1
3051,2845,1
3051,3201,1
3051,3160,1
3051,3017,1
3051,3434,1
3051,2748,1
3051,3344,1
3051,2833,1
3051,2989,1
3051,2775,1
3051,3386,1
3051,3224,1
3051,2992,1
3051,3172,1
3051,3024,1
3051,3002,1
3051,3381,1
3051,2719,1
3051,2724,1
3051,3252,1
3051,2995,1
3051,3038,1
3051,3274,1
3051,2823,1
3051,2753,1
3051,3332,1
3051,2991,1
3051,3113,1
3051,3298,1
3051,3116,1
3051,2936,1
3051,2674,1
3051,3261,1
3051,3019,1
3051,3152,1
3051,3162,1
3051,3154,1
3051,3102,1
3051,3075,1
3051,3027,1
3051,2796,1
3051,3182,1
3051,3168,1
3051,2684,1
3051,3330,1
3051,3378,1
3051,3406,1
3051,2937,1
3051,3396,1
3051,2973,1
3051,3299,1
3051,2737,1
3051,2662,1
3051,2869,1
3051,2708,1
3051,3035,1
3051,3260,1
3051,3186,1
3051,2868,1
3051,2828,1
3051,3353,1
3051,3140,1
3051,2964,1
3051,3267,1
3051,2965,1
3051,3291,1
3051,3287,1
3051,3106,1
3051,3373,1
3051,3355,1
3051,2720,1
3240,3344,1
3240,3355,1
3240,3276,1
3240,2999,1
3240,3233,1
3240,2712,1
3240,2989,2
3240,3345,1
3240,2785,1
3240,3291,1
3240,3206,1
3240,2713,1
3240,2973,1
3240,3160,1
3240,3332,1
3240,2748,1
3240,2853,2
3240,3299,1
3240,3252,1
3240,3224,1
3240,3421,1
3240,3416,1
3240,3154,1
3240,3106,2
3240,3406,1
3240,3111,1
3240,2992,1
3240,3140,1
3240,3041,1
3240,3212,1
3240,2739,1
3240,2780,1
3240,2720,1
3240,2753,1
3240,3434,1
3240,2719,2
3240,3089,1
3240,2665,1
3240,3342,1
3240,3187,1
3240,3391,1
3240,3038,1
3240,3070,1
3240,3341,1
3240,3330,1
3240,3386,1
3240,3239,2
3331,1405,1
3331,2958,1
3331,3353,1
3331,3019,1
3331,3136,1
3331,2950,1
3331,3366,1
3331,2895,1
3331,2707,1
3331,2718,1
3331,2811,1
3331,2947,1
3331,3140,1
3331,3189,1
3331,3289,1
3331,2876,1
3331,3219,1
3331,2871,1
3331,3306,1
3331,2964,1
3331,3405,1
3331,3162,1
3331,3295,1
3331,3395,1
3331,3358,1
3331,3148,1
3331,3001,1
3331,3199,1
3331,3373,1
3331,3062,1
3331,2938,1
3331,3168,1
1405,3100,1
1405,2892,1
1405,3406,1
1405,3304,1
1405,2962,1
1405,3168,1
1405,2752,1
1405,2775,1
1405,3162,1
1405,3019,1
1405,3366,1
1405,2724,1
1405,2869,1
1405,3295,1
1405,3001,1
1405,3404,1
1405,3233,1
1405,107,1
2905,2815,1
2905,3339,1
2905,3078,1
2905,3362,1
2905,3022,1
2905,2985,1
2905,3052,1
2905,2873,1
2905,3348,1
2905,2890,1
2905,2866,1
2905,3304,1
2905,2994,1
2905,3324,1
2905,2850,1
2905,3084,1
2905,2698,1
2905,2717,1
2905,3363,1
2905,2915,1
2905,3301,1
2905,3387,1
2905,3064,1
2905,2912,1
2905,2988,1
2905,3228,1
2905,2891,1
2905,3014,1
2905,3142,1
2905,2956,1
2905,2664,1
2905,2839,1
2905,2782,1
2905,2993,1
2905,2827,1
2905,2877,1
2905,2669,1
2905,3195,1
2905,2910,1
2905,3104,1
3145,2708,1
3145,2992,1
3145,3330,1
3145,3201,1
3145,2936,1
3145,3182,1
3145,3111,1
3145,2823,1
3145,2869,1
3145,3381,2
3145,3017,1
3145,3274,2
3145,3076,1
3145,2753,1
3145,3060,1
3145,3172,1
3145,3169,1
3145,3386,1
3145,2881,1
3145,2672,1
3145,3100,2
3145,3035,1
3145,2674,1
3145,2707,2
3145,2719,2
3145,3113,1
3145,3422,1
3145,3378,2
3145,3094,1
3145,2853,2
3145,2796,1
3145,3206,1
3145,3403,1
3145,3260,1
3145,3255,2
3145,3261,1
3145,3102,1
3145,3396,1
3145,2937,1
3145,3332,1
3145,3287,1
3145,2840,1
3145,3267,1
3145,2991,2
3145,3140,1
3145,3385,1
3145,3118,1
3145,3291,1
3145,3199,1
3045,2789,1
3045,3059,1
3045,2978,1
3045,3269,1
3045,2726,1
3045,2952,1
3045,3300,1
2789,2851,1
2789,2888,1
2789,2745,1
2789,2978,1
2789,2769,1
2789,2807,1
2789,3137,1
2789,3059,1
2789,3104,1
2789,3084,1
2789,2663,1
2789,3130,1
2789,3231,1
2789,3300,1
3182,3434,1
3182,3332,1
3182,3288,1
3182,2701,1
3182,2719,1
3182,2976,1
3182,2950,1
3182,3152,1
3182,3079,1
3182,3396,1
3182,2958,1
3182,2797,1
3182,3386,1
3182,3017,1
3182,3262,1
3182,2684,1
3182,2938,1
3182,2672,1
3182,3298,1
3182,3261,1
3182,3272,1
3182,2720,1
3182,3113,1
3182,3411,1
3182,2781,1
3182,3076,1
3182,3274,1
3182,2823,1
3182,3179,1
3182,2937,1
3182,2733,1
3182,2833,1
3182,3258,1
3182,3291,1
3182,2707,1
3182,3116,1
3182,3172,1
3182,3035,1
3182,3011,1
3182,2661,1
3182,3353,1
3182,3225,1
3182,2708,1
3182,3100,1
3182,3060,1
3182,3378,1
3182,3140,1
3182,2783,1
3434,3391,1
3434,3102,1
3434,3179,1
3434,3386,1
3434,3345,1
3434,2828,1
3434,3288,1
3434,2970,1
3434,2991,1
3434,3258,1
3434,3224,1
3434,3146,1
3434,2992,1
3434,2833,1
3434,2989,1
3434,2796,1
3434,2674,1
3434,3291,1
3434,3148,1
3434,3416,1
3434,3239,1
3434,3422,1
3434,2823,1
3434,3113,1
3434,2936,1
3434,3344,1
3434,3299,1
3434,3261,1
3434,3049,1
3434,3152,1
3434,3353,1
3434,3079,1
3434,2904,1
3434,3212,1
3434,2781,1
3434,3035,1
3434,3169,1
3434,3070,1
3434,3188,1
3434,3106,1
3434,3038,1
3434,2753,1
3434,2973,1
3434,3206,1
3434,3007,1
3434,2708,1
3434,2937,1
3434,3252,1
3434,3360,1
3434,3396,1
3434,3381,1
3434,3017,1
3434,3111,1
3434,3332,1
3434,2712,1
3434,3330,1
3434,2976,1
3434,2901,1
3434,2661,1
3434,2684,1
3434,2733,1
3434,3355,1
3434,3411,1
3434,3116,1
3434,3199,1
3434,3076,1
3434,2765,1
3434,3201,1
3434,3406,1
3434,3154,1
3434,2830,1
3434,3172,1
3434,2719,1
3434,2770,1
3420,2730,1
3420,3086,1
3420,3103,1
3420,3007,1
3420,2739,1
3420,3002,1
3420,3241,1
3420,3077,1
3420,2677,1
3420,2892,1
3420,1419,1
3420,2713,1
3420,2779,1
3420,2728,1
3420,3410,1
3420,3223,1
3420,3177,1
3420,3371,1
3420,3176,1
2730,2871,1
2730,3032,1
2730,3219,1
2730,3168,1
2730,2816,1
2730,3385,1
2730,2958,1
2730,3342,1
2730,3359,1
2730,2781,1
2730,2758,1
2730,2947,1
2730,3189,1
2730,2918,1
2730,2737,1
2730,2865,1
2730,2728,1
2730,3002,1
2730,3110,1
2730,3307,1
2730,3255,1
2730,3221,1
2730,3138,1
2730,3215,1
2730,3162,1
2730,3043,1
2730,2844,1
2730,3253,1
2730,2783,1
2730,3187,1
2730,3177,1
2730,3341,1
2730,2665,1
2730,3366,1
2730,3097,1
2730,2768,1
2730,3018,1
2730,3302,1
2730,3136,1
2730,3196,1
2730,3118,1
2730,3244,1
2730,3365,1
2730,3264,1
2730,2724,1
2730,2819,1
2730,3019,1
2730,2938,1
2730,3233,1
2730,3289,1
2730,2843,1
2730,3369,1
2730,2739,1
2730,2941,1
2730,2932,1
2730,2690,1
2730,3211,1
2730,3395,1
2730,3062,1
2730,3312,1
2730,2999,1
2730,2996,1
2730,3210,1
2730,3086,1
2730,2955,1
2730,3295,1
2730,2812,1
2730,3346,1
2730,3154,1
2730,3167,1
2730,3403,1
2730,3077,1
2730,3016,1
2730,3100,1
3106,3342,1
3106,3416,1
3106,3169,1
3106,2719,2
3106,3116,1
3106,3089,1
3106,3239,2
3106,3291,1
3106,3355,1
3106,3070,1
3106,3267,1
3106,3330,1
3106,2992,1
3106,3038,1
3106,3154,1
3106,2991,2
3106,2720,1
3106,3049,1
3106,2753,1
3106,3345,1
3106,3160,1
3106,2936,1
3106,2901,1
3106,3224,1
3106,2853,2
3106,2989,2
3106,2973,1
3106,3386,1
3106,3146,1
3106,3391,1
3106,2713,1
3106,2802,1
3106,2748,1
3106,3406,1
3106,3299,1
3106,2828,1
3106,3344,1
3106,2970,1
3106,3252,1
3106,3332,1
3106,3201,1
3307,2847,1
3307,3035,1
3307,2795,1
3307,3341,1
3307,3374,1
3307,3406,1
3307,2735,1
3307,3215,1
3307,2819,1
3307,2780,1
3307,2668,1
3307,3178,1
3307,2709,1
3307,2996,1
3307,2758,1
3307,3138,1
3307,3018,1
2847,3162,1
2847,3263,1
2847,2965,1
2847,2859,1
2847,2856,1
2847,3144,1
2847,3341,1
2847,3255,1
2847,3011,1
3396,3079,1
3396,2840,1
3396,3298,1
3396,3287,1
3396,3378,1
3396,2828,1
3396,3111,1
3396,3330,1
3396,3281,1
3396,2937,1
3396,3172,1
3396,3179,1
3396,2796,1
3396,2701,1
3396,3386,1
3396,2938,1
3396,2869,1
3396,2684,1
3396,3274,1
3396,3289,1
3396,3411,1
3396,3057,1
3396,3403,1
3396,2718,1
3396,2936,1
3396,3116,1
3396,3011,1
3396,2845,1
3396,3262,1
3396,2973,1
3396,2672,1
3396,3017,1
3396,3060,1
3396,2719,1
3396,2733,1
3396,2958,1
3396,3225,1
3396,3332,1
3396,3291,1
3396,2797,1
3396,2823,1
3396,3261,1
3396,2708,1
3396,2661,1
3396,3258,1
3396,3367,1
3396,2991,1
3396,3355,1
3396,3076,1
3396,3118,1
3396,2833,1
3396,3422,1
3396,3152,1
2936,2992,1
2936,3373,1
2936,3378,1
2936,3386,1
2936,3302,1
2936,3015,1
2936,3261,1
2936,3344,1
2936,3403,1
2936,2828,1
2936,3288,1
2936,3152,1
2936,2796,1
2936,2715,1
2936,3154,1
2936,3267,1
2936,3035,1
2936,2937,1
2936,2720,1
2936,3027,1
2936,2869,1
2936,3060,1
2936,2748,1
2936,3224,1
2936,2989,1
2936,2797,1
2936,3038,1
2936,3160,1
2936,2733,1
2936,3272,1
2936,2868,1
2936,3113,1
2936,3291,1
2936,2753,1
2936,3172,1
2936,3355,1
2936,3298,1
2936,3330,1
2936,2719,1
2936,3260,1
2936,2998,1
2936,2833,1
2936,2965,1
2936,3332,1
2936,2973,1
3361,2764,1
3361,2822,1
3361,2693,1
3361,2914,1
3361,3278,1
3361,990,1
3361,2941,1
3361,1534,1
3361,3077,1
3361,3346,1
3361,1642,1
3361,2826,1
3361,2999,1
2764,1758,1
2764,2999,1
2764,3263,1
2764,3278,1
2764,2923,1
2764,2979,1
2764,2693,1
2764,1505,1
2764,3201,1
2764,2688,1
2764,1534,1
2764,1656,1
2764,3222,1
2764,2677,1
2764,3340,1
2764,3011,1
2764,3020,1
2764,2903,1
2764,2822,1
2764,1642,1
2764,3302,1
2764,2941,1
3018,3248,1
3018,2724,1
3018,2690,1
3018,3086,1
3018,3136,1
3018,3337,1
3018,2921,1
3018,3154,1
3018,3019,1
3018,3100,1
3018,3035,1
3018,3295,1
3018,2728,1
3018,3162,1
3018,3168,1
3018,2955,1
3018,3233,1
3018,3346,1
3018,3103,1
3018,2682,1
3018,3259,1
3018,2775,1
3018,3366,1
3248,2700,1
3248,3383,1
3248,3221,1
3248,2762,1
3248,3360,1
3248,3072,1
3248,1534,1
3248,2696,1
3248,3190,1
3248,990,1
3248,3043,1
3248,2841,1
3248,3424,1
3248,3395,1
3248,3431,1
3248,2836,1
3248,2736,1
3248,2665,1
3248,3389,1
3248,2954,1
3248,2858,1
3248,3313,1
3248,3274,1
3248,2898,1
2856,3212,1
2856,3342,1
2856,2758,1
2856,2690,1
2856,2996,1
2856,3329,1
2856,3349,1
2856,3099,1
2856,3020,1
2856,2784,1
2856,3242,1
2856,2979,1
2856,2868,1
3156,2843,1
3156,2865,1
3156,2825,1
3156,3264,1
3156,3385,1
3156,3365,1
3156,3187,1
3156,3369,1
3156,2693,1
3156,2744,1
3156,3255,1
2843,3032,1
2843,3187,1
2843,3264,1
2843,2918,1
2843,3385,1
2843,3136,1
2843,2758,1
2843,2816,1
2843,2955,1
2843,3255,1
2843,2718,1
2843,3365,1
2843,3154,1
2843,3196,1
2843,2744,1
2843,2865,1
2843,3369,1
2843,2665,1
2843,2812,1
2843,3402,1
2843,2932,1
2945,3257,1
2945,3023,1
2945,3363,1
2945,3073,1
2945,3435,1
2945,2681,1
2945,3220,1
2945,2910,1
2945,3213,1
2945,2928,1
2945,3243,1
2945,3433,1
2945,2683,1
2945,2741,1
2945,2977,1
2945,2743,1
2945,2956,1
2945,2943,1
2945,2810,1
2945,2867,1
2945,2907,1
2945,3158,1
2945,3000,1
2945,2924,1
2945,2839,1
2945,2974,1
2945,3135,1
2945,3163,1
2945,2874,1
2945,2757,1
2945,2763,1
2945,2689,1
3257,2931,1
3257,3129,1
3257,2681,1
3257,3387,1
3257,3084,1
3257,3435,1
3257,3362,1
3257,2837,1
3257,3123,1
3257,2873,1
3257,2977,1
3257,2741,1
3257,2683,1
3257,3364,1
3257,2928,1
3257,3433,1
3257,3238,1
3257,3137,1
3257,3000,1
3257,2993,1
3257,2731,1
3257,2807,1
3263,3057,1
3263,3002,1
3263,3259,1
3263,3279,1
3263,2720,1
3263,1666,1
3263,3061,1
3263,3072,1
3263,3398,1
3263,2678,1
3263,3405,1
3263,3403,1
3263,3266,1
3263,3089,1
3263,3011,1
3263,2822,1
3263,2921,1
3263,3406,1
3263,1656,1
3263,1726,1
3263,2941,1
3263,3107,1
3263,2665,1
3263,3118,1
3263,990,1
3263,2984,1
3263,3245,1
3263,3222,1
3263,3164,1
3263,3034,1
3263,2859,1
3263,3278,1
3263,3308,1
3263,2685,1
3263,2999,1
3263,1642,1
3263,1534,1
3263,2957,1
3263,3205,1
3263,2724,1
3263,2760,1
3263,2845,1
3263,3086,1
3263,1450,1
3263,2718,1
3263,2768,1
3263,3081,1
3263,3287,1
3263,3077,1
3263,2865,1
3263,3020,1
3057,3164,1
3057,1726,1
3057,990,1
3057,2678,1
3057,2734,1
3057,2882,1
3057,2964,1
3057,3432,1
3057,3061,1
3057,1656,1
3057,3222,1
3057,3278,1
3057,2760,1
2888,3231,1
2888,2663,1
2888,3114,1
2888,2978,1
2888,3010,1
2888,3130,1
2888,3137,1
2888,2851,1
2888,2807,1
2888,3300,1
3287,2840,1
3287,3403,1
3287,3002,1
3287,3072,1
3287,2976,1
3287,3111,1
3287,2701,1
3287,3017,1
3287,3118,1
3287,3172,1
3287,2796,1
3287,2768,1
3287,3260,1
3287,2823,1
3287,3076,1
3287,3011,1
3287,3355,1
3287,3262,1
3287,2812,1
3287,2734,1
3287,3406,1
3287,3422,1
3287,3060,1
3287,2881,1
3287,3261,1
3287,3034,1
3287,3274,1
3287,3225,1
3287,3353,1
3287,2719,1
3287,3089,1
3287,3015,1
3287,2845,1
3287,3332,1
3287,3298,1
2840,3118,1
2840,2727,1
2840,3225,1
2840,3112,1
2840,3367,1
2840,3111,1
2840,3017,1
2840,3267,1
2840,3060,1
2840,2976,1
2840,3403,1
2840,2958,1
2840,2973,1
2840,3172,1
2840,3002,1
2840,3378,1
2840,2904,1
2840,2836,1
2840,2734,1
2840,2992,1
2840,3281,1
2840,3034,1
2840,2719,1
2840,2881,1
2731,2821,1
2731,3137,1
2731,3166,1
2731,2683,1
2731,2890,1
2731,3158,1
2731,3123,1
2731,3114,1
2731,3084,1
2731,3036,1
2731,2988,1
2731,2993,1
2731,3231,1
2731,2981,1
2731,2873,1
2731,3400,1
2731,2956,1
2731,2663,1
2731,2874,1
2731,3387,1
2821,3413,1
2821,2766,1
2821,3135,1
2821,2810,1
2821,3166,1
2821,3114,1
2821,3158,1
2821,2794,1
2985,3348,1
2985,3387,1
2985,2993,1
2985,2866,1
2985,2717,1
2985,3174,1
2985,2877,1
2985,2910,1
2985,3363,1
2985,2669,1
2985,2928,1
2985,2698,1
2985,3054,1
2985,2994,1
2985,3339,1
2985,2890,1
2985,2782,1
2985,2912,1
2985,3078,1
2985,3040,1
2985,3284,1
2985,3142,1
2985,2956,1
2985,3052,1
2985,2862,1
2985,2827,1
2985,3064,1
2985,3022,1
2985,2911,1
2985,2839,1
2985,2864,1
2985,3301,1
2698,3022,1
2698,2956,1
2698,3078,1
2698,2839,1
2698,3324,1
2698,2866,1
2698,3348,1
2698,2988,1
2698,2912,1
2698,2669,1
2698,2757,1
2698,2664,1
2698,2890,1
2698,2915,1
2698,3339,1
2698,3284,1
2698,2867,1
2698,3430,1
2698,3052,1
2698,2911,1
2698,3104,1
2698,3387,1
2698,3142,1
2698,3234,1
2698,2873,1
2698,2969,1
2698,2827,1
2698,2782,1
2698,2815,1
2698,3400,1
2698,3064,1
2698,2877,1
2698,2974,1
2698,3195,1
2698,2910,1
3360,2989,1
3360,2661,1
3360,3386,1
3360,3260,1
3360,3291,1
3360,2748,1
3360,3212,1
3360,2687,1
3360,3140,1
3360,2901,1
3360,3034,1
3360,3258,1
3360,3035,1
3360,2871,1
3360,3345,1
3360,3060,1
3360,3299,1
3360,3349,1
3360,3272,1
3360,3431,1
3360,3043,1
3360,3097,1
3360,3415,1
3360,2785,1
3360,3352,1
3360,3041,1
3360,2921,1
3360,3109,1
3360,2904,1
3360,3201,1
3360,3013,1
3360,3058,1
3360,3224,1
3360,3148,1
3360,3116,1
3360,3188,1
3360,2696,1
3360,3038,1
3360,2914,1
3360,3357,1
3360,3209,1
3360,3353,1
3360,2833,1
3360,3274,1
3360,3150,1
3360,2950,1
3360,3288,1
3360,3406,1
3360,3144,1
3360,2976,1
3360,2973,1
3360,3089,1
3360,3194,1
3360,2780,1
3360,3160,1
2989,3075,1
2989,3041,1
2989,3160,1
2989,3355,1
2989,2661,1
2989,2942,1
2989,2901,1
2989,3391,1
2989,2748,1
2989,2992,1
2989,2665,1
2989,2973,1
2989,3038,1
2989,3089,1
2989,2712,1
2989,2828,1
2989,2825,1
2989,3150,1
2989,2753,1
2989,3070,1
2989,3116,1
2989,3386,1
2989,3252,1
2989,3406,1
2989,2720,1
2989,3330,1
2989,3154,1
2989,3345,1
2989,3291,1
2989,3353,1
2989,3378,2
2989,2976,1
2989,3344,1
2989,2921,1
2683,3301,1
2683,3237,1
2683,2854,1
2683,3390,1
2683,2669,1
2683,3387,1
2683,3362,1
2683,2890,1
2683,2943,1
2683,3000,1
2683,2743,1
2683,3036,1
2683,2794,1
2683,3433,1
2683,2993,1
2683,3364,1
2683,2681,1
2683,3137,1
2683,3220,1
2683,3158,1
2683,3435,1
2683,2915,1
2683,2741,1
2683,3238,1
2683,3084,1
2683,3129,1
2683,2867,1
2683,3123,1
2683,2839,1
2683,2873,1
2683,3104,1
2683,2807,1
2683,3363,1
2683,3400,1
2683,2977,1
2683,3010,1
2683,3080,1
2683,2994,1
2683,3324,1
2683,2956,1
2683,2809,1
2683,2837,1
2683,2689,1
2683,2810,1
2683,2862,1
2683,2931,1
2683,2761,1
2683,2874,1
2683,2953,1
3301,3129,1
3301,3387,1
3301,2743,1
3301,3078,1
3301,3363,1
3301,2705,1
3301,2943,1
3301,3436,1
3301,2896,1
3301,2917,1
3301,2757,1
3301,3193,1
3301,2782,1
3301,3195,1
3301,2827,1
3301,2689,1
3301,2873,1
3301,2681,1
3301,2867,1
3301,2969,1
3301,2669,1
2907,2928,1
2907,2766,1
2907,2874,1
2907,2974,1
2907,3073,1
2907,3220,1
2907,3000,1
2907,2794,1
2907,3363,1
2907,3135,1
2907,3433,1
2907,2839,1
2907,2810,1
2907,2988,1
2907,2743,1
2907,3158,1
2907,2689,1
2907,2943,1
2907,2920,1
2907,2867,1
2928,2896,1
2928,2810,1
2928,3243,1
2928,2890,1
2928,3078,1
2928,3195,1
2928,3364,1
2928,3220,1
2928,3387,1
2928,2956,1
2928,2866,1
2928,2988,1
2928,3400,1
2928,3433,1
2928,3084,1
2928,2915,1
2928,3104,1
2928,2873,1
2928,3010,1
2928,2862,1
2928,3054,1
2928,2910,1
2928,2839,1
2928,2867,1
2928,2974,1
2928,3000,1
2928,2943,1
2928,3080,1
2928,3174,1
2928,3390,1
2928,2874,1
2928,3363,1
2928,3414,1
2928,3388,1
2928,3073,1
2928,2924,1
2928,2920,1
2928,2741,1
2928,2993,1
2928,2977,1
2928,3435,1
3385,2795,1
3385,2918,1
3385,2932,1
3385,2744,1
3385,2934,1
3385,2844,1
3385,3169,1
3385,2955,1
3385,2718,1
3385,3253,1
3385,3032,1
3385,3196,1
3385,2883,1
3385,3167,1
3385,3002,1
3385,3136,1
3385,3365,1
3385,3264,1
3385,3255,1
3385,3034,1
3385,3369,1
3385,2865,1
3385,2762,1
3385,1726,1
3385,3252,1
3385,2758,1
3385,2735,1
3385,3275,1
3385,3353,1
3385,3358,1
3385,3187,1
3385,2783,1
3385,3072,1
3385,3017,1
3385,2819,1
3385,2996,1
3385,3192,1
3385,3219,1
3385,2825,1
3385,1534,1
2795,3178,1
2795,3110,1
2795,2780,1
2795,3020,1
2795,2668,1
2795,2709,1
2795,3211,1
2795,3353,1
2795,3374,1
2795,3048,1
2795,3148,1
2795,2727,1
2795,2904,1
2795,3254,1
2795,2813,1
2795,3138,1
3239,2661,1
3239,3345,1
3239,3206,1
3239,3265,1
3239,2833,1
3239,2720,1
3239,3035,1
3239,3070,1
3239,2853,2
3239,2991,2
3239,3102,1
3239,3201,1
3239,2765,1
3239,3169,1
3239,3215,1
3239,3224,1
3239,2973,1
3239,2869,1
3239,3116,1
3239,3016,1
3239,3049,1
3239,2674,1
3239,3330,1
3239,3291,1
3239,3355,1
3239,3416,1
3239,3344,1
3239,3152,1
3239,3391,1
3239,2719,2
3239,3406,1
3239,3146,1
3239,3252,1
3239,2970,1
3239,2770,1
3239,3381,2
3239,3267,1
2661,2853,1
2661,3152,1
2661,3381,1
2661,3391,1
2661,3201,1
2661,2833,1
2661,3330,1
2661,3344,1
2661,3411,1
2661,3274,1
2661,3224,1
2661,3116,1
2661,3276,1
2661,3140,1
2661,2687,1
2661,2950,1
2661,2869,1
2661,3154,1
2661,3060,1
2661,2828,1
2661,3416,1
2661,2973,1
2661,3252,1
2661,3150,1
2661,3049,1
2661,2770,1
2661,2780,1
2661,3102,1
2661,2790,1
2661,2876,1
2661,2970,1
2661,3007,1
2661,2674,1
2661,3406,1
2661,3332,1
2661,2937,1
2661,3169,1
2661,2904,1
2661,2901,1
2661,3302,1
2661,3261,1
2661,3188,1
2661,3291,1
2661,3179,1
2661,3353,1
2661,3070,1
2661,2765,1
2661,3146,1
2661,3355,1
2661,2991,1
2661,3206,1
2661,3265,1
2661,3272,1
2661,3035,1
2661,3076,1
2661,2914,1
2661,2719,1
2661,3038,1
2661,2708,1
2661,3172,1
2661,2785,1
2910,2741,1
2910,2782,1
2910,2689,1
2910,2969,1
2910,3000,1
2910,2717,1
2910,2877,1
2910,2911,1
2910,3433,1
2910,3220,1
2910,2839,1
2910,2956,1
2910,3364,1
2910,2867,1
2910,2862,1
2910,2920,1
2910,3054,1
2910,2664,1
2910,2669,1
2910,3195,1
2910,2806,1
2910,3363,1
2910,3114,1
2910,3078,1
2910,3348,1
2910,3073,1
2910,3174,1
2910,3250,1
2910,2866,1
2910,2943,1
2910,2864,1
2910,2890,1
2910,3284,1
2910,2815,1
2910,2827,1
2910,3345,1
2910,2810,1
2910,2850,1
2910,2746,1
2910,3064,1
2910,2988,1
2910,2974,1
3233,3244,1
3233,2739,1
3233,3162,1
3233,3415,1
3233,3001,1
3233,3100,1
3233,3136,1
3233,2728,1
3233,3086,1
3233,3024,1
3233,3359,1
3233,2779,1
3233,2758,1
3233,2780,1
3233,2995,1
3233,3366,1
3233,3295,1
3233,2900,1
3233,2892,1
3233,3186,1
3233,3019,1
3233,3210,1
3233,3062,1
3233,3346,1
3233,2830,1
3233,2942,1
3233,2947,1
3233,2881,1
3233,3177,1
3233,2737,1
3233,3168,1
3233,3379,1
3233,2724,1
3233,2820,1
3233,3356,1
3233,3273,1
3233,2662,1
3233,2775,1
3233,3154,1
3233,3176,1
3233,2692,1
3233,3118,1
3233,3002,1
3233,2785,1
3233,2682,1
3233,3370,1
3233,3302,1
3233,3077,1
3233,3133,1
3244,2735,1
3244,2870,1
3244,3246,1
3244,3077,1
3244,2934,1
3244,2820,1
3244,2962,1
3244,2696,1
3244,3001,1
3244,3223,1
3391,3049,1
3391,2853,1
3391,3206,1
3391,3342,1
3391,2674,1
3391,3345,1
3391,3169,1
3391,3344,1
3391,3355,1
3391,3406,1
3391,2970,1
3391,2765,1
3391,2719,1
3391,3416,1
3391,3038,1
3391,3201,1
3391,3224,1
3391,2713,1
3391,3113,1
3391,3299,1
3391,2828,1
3391,3154,1
3391,3070,1
3391,3291,1
3391,3252,1
3391,3330,1
3391,3116,1
3391,2973,1
3391,3035,1
3049,3416,1
3049,2973,1
3049,3070,1
3049,3201,1
3049,2748,1
3049,2796,1
3049,2781,1
3049,2674,1
3049,2991,1
3049,3206,1
3049,3097,1
3049,3265,1
3049,3102,1
3049,3330,1
3049,3169,1
3049,3150,1
3049,3381,1
3049,2828,1
3049,3291,1
3049,3035,1
3049,3179,1
3049,3038,1
3049,3344,1
3049,2904,1
3049,2869,1
3049,3267,1
3049,2780,1
3049,3113,1
3049,3252,1
3049,2833,1
3049,2765,1
3049,2848,1
3049,3078,1
3049,3146,1
3049,3152,1
3049,3188,1
3049,2901,1
3049,3411,1
3049,2853,1
3049,2970,1
3049,3116,1
3049,2770,1
3392,2726,1
3392,3095,1
3392,2978,1
3392,2899,1
3392,2851,1
3392,2745,1
3392,3229,1
3392,3153,1
3392,3231,1
3392,3430,1
3392,3300,1
3392,3137,1
3193,3324,1
3193,3023,1
3193,2850,1
3193,3315,1
3193,3414,1
3193,2705,1
3193,2761,1
3193,2896,1
3193,2839,1
3193,2763,1
3193,2891,1
3193,3294,1
3193,2854,1
3193,3234,1
3193,2741,1
3193,2673,1
3193,3052,1
3054,2782,1
3054,3022,1
3054,3363,1
3054,2705,1
3054,3387,1
3054,3000,1
3054,2943,1
3054,2969,1
3054,2757,1
3054,3153,1
3054,3433,1
3054,2877,1
3054,2920,1
3054,3243,1
3054,3284,1
3054,2911,1
3054,3324,1
3054,2873,1
3054,2839,1
3054,2669,1
3054,2864,1
3054,2761,1
3054,3195,1
3054,2896,1
3054,3064,1
3054,3303,1
3054,2862,1
3054,3004,1
3054,2974,1
3054,2915,1
3054,3078,1
3054,3228,1
3054,2743,1
3054,3315,1
3054,2931,1
3054,3084,1
3054,2741,1
3054,2850,1
3054,2827,1
3054,3348,1
3054,2664,1
3054,2867,1
3054,2681,1
3054,2967,1
3054,3174,1
3054,2746,1
3054,3114,1
2690,3365,1
2690,2836,1
2690,2921,1
2690,2996,1
2690,2871,1
2690,2762,1
2690,2784,1
2690,2844,1
2690,3342,1
2690,3242,1
2690,2881,1
2690,3100,1
2690,3020,1
2690,3395,1
2690,2723,1
2690,2882,1
2690,2759,1
2690,3275,1
2690,3349,1
2690,3196,1
2690,3099,1
2690,2735,1
2690,3353,1
2690,3383,1
2844,2791,1
2844,2735,1
2844,3017,1
2844,3395,1
2844,3075,1
2844,3211,1
2844,2825,1
2844,3274,1
2844,3144,1
2844,2871,1
2844,3365,1
2844,3072,1
2844,2904,1
2844,3034,1
2844,3027,1
2844,3140,1
2844,2665,1
2844,2881,1
2844,2715,1
3252,3355,1
3252,3016,1
3252,2712,1
3252,2674,1
3252,3169,1
3252,2781,1
3252,3201,1
3252,3113,1
3252,3089,1
3252,3035,1
3252,3116,1
3252,2765,1
3252,3206,1
3252,2853,1
3252,2770,1
3252,3150,1
3252,3345,1
3252,3411,1
3252,2991,1
3252,3224,1
3252,2713,1
3252,3007,1
3252,2828,1
3252,2970,1
3252,3102,1
3252,2719,1
3252,3344,1
3252,3381,1
3252,2748,1
3252,3154,1
3252,3267,1
3252,2973,1
3252,2937,1
3252,3038,1
3252,2992,1
3252,3265,1
3252,2869,1
3252,3416,1
3252,3342,1
3252,3291,1
3252,3299,1
3252,3070,1
3252,3406,1
3252,3152,1
3252,3330,1
3252,3146,1
3252,2901,1
3252,3188,1
3355,3160,1
3355,3212,1
3355,3154,1
3355,3038,1
3355,2753,1
3355,2992,1
3355,3332,1
3355,2833,1
3355,3224,1
3355,1642,1
3355,2748,1
3355,3206,1
3355,2973,1
3355,3386,1
3355,3291,1
3355,2719,1
3355,2720,1
3355,3201,1
3355,3345,1
3355,3089,1
3355,3406,1
3355,3330,1
3355,3070,1
3355,2901,1
3355,3288,1
3355,3342,1
3355,3035,1
3355,3344,1
3355,3353,1
2718,3136,1
2718,3264,1
2718,3167,1
2718,3255,1
2718,2883,1
2718,3081,1
2718,3369,1
2718,3043,1
2718,2955,1
2718,2932,1
2718,2901,1
2718,3107,1
2718,3418,1
2718,3076,1
2718,3402,1
2718,3187,1
2718,3196,1
2718,3330,1
2718,3253,1
2718,3032,1
2718,2758,1
3136,3369,1
3136,2871,1
3136,3171,1
3136,3341,1
3136,2686,1
3136,2914,1
3136,3027,1
3136,3219,1
3136,2955,1
3136,3330,1
3136,3076,1
3136,3409,1
3136,2813,1
3136,2665,1
3136,3103,1
3136,3337,1
3136,2780,1
3136,3340,1
3136,2781,1
3136,3279,1
3136,2942,1
3136,3282,1
3136,2702,1
3136,3253,1
3136,3395,1
3136,2685,1
3136,2932,1
3136,3111,1
3136,3189,1
3136,3365,1
3136,3097,1
3136,3264,1
3136,3259,1
3136,3187,1
3136,3379,1
3136,3086,1
3136,990,1
3136,2758,1
3136,2996,1
3136,2784,1
3136,3020,1
3136,3196,1
3136,2999,1
3136,2791,1
3152,2780,1
3152,2869,1
3152,2770,1
3152,3116,1
3152,3291,1
3152,3353,1
3152,3265,1
3152,3235,1
3152,3288,1
3152,3035,1
3152,3072,1
3152,3192,1
3152,2833,1
3152,2674,1
3152,3378,1
3152,3138,1
3152,2662,1
3152,2733,1
3152,2937,1
3152,3169,1
3152,3330,1
3152,3146,1
3152,3150,1
3152,3060,1
3152,2991,1
3152,3076,1
3152,3274,1
3152,3188,1
3152,3027,1
3152,2785,1
3152,3332,1
3152,3102,1
3152,2904,1
3152,3038,1
3152,2783,1
3152,2828,1
3152,3373,1
3152,3034,1
3152,3017,1
3152,3172,1
3152,3411,1
3152,2684,1
3152,3258,1
3152,2816,1
3152,3201,1
3152,2950,1
3152,3329,1
3152,2876,1
3152,3313,1
3152,2973,1
3152,3070,1
3366,3346,1
3366,3077,1
3366,3356,1
3366,3027,1
3366,3210,1
3366,3133,1
3366,2682,1
3366,2739,1
3366,3177,1
3366,3162,1
3366,3168,1
3366,3334,1
3366,3118,1
3366,3068,1
3366,3019,1
3366,3176,1
3366,3034,1
3366,2758,1
3366,2662,1
3366,3062,1
3366,3415,1
3366,2881,1
3366,3154,1
3366,2781,1
3366,2724,1
3366,3403,1
3366,2830,1
3366,3379,1
3366,2900,1
3366,3295,1
3366,3223,1
3366,3359,1
3366,3024,1
3366,3370,1
3366,3086,1
3366,2779,1
3366,2728,1
3366,3100,1
3366,3069,1
3366,3113,1
3366,2775,1
3366,3002,1
3366,3273,1
3346,2830,2
3346,3162,1
3346,2955,1
3346,3019,1
3346,3273,1
3346,3168,1
3346,3295,1
3346,2728,1
3346,3100,2
3346,3379,1
3346,3144,1
3346,2724,1
3346,3154,1
3346,3415,1
3346,3221,2
3346,2819,1
3346,2921,1
3346,3211,1
3346,2775,1
3346,2739,1
3346,3210,1
3346,3002,1
3346,3421,1
3346,2662,1
3346,3086,1
3346,2996,1
2904,2770,1
2904,3342,1
2904,3298,1
2904,2855,1
2904,3406,1
2904,2914,1
2904,3212,1
2904,3291,1
2904,3215,1
2904,3027,1
2904,2901,1
2904,3017,1
2904,2876,1
2904,3201,1
2904,3345,1
2904,3267,1
2904,3109,1
2904,3016,1
2904,3144,1
2904,2811,1
2904,3272,1
2904,2762,1
2904,3148,1
2904,3411,1
2904,3341,1
2904,3306,1
2904,3330,1
2904,3211,1
2904,2833,1
2904,3253,1
2904,3088,1
2904,2819,1
2904,3154,1
2904,3206,1
2904,3188,1
2904,3089,1
2904,3353,1
2904,3378,1
2904,3116,1
2904,3146,1
2904,3035,1
2904,3150,1
2904,3009,1
2904,2785,1
3150,3102,1
3150,2883,1
3150,2770,1
3150,3411,1
3150,3169,1
3150,3076,1
3150,3035,1
3150,2970,1
3150,2833,1
3150,2781,1
3150,3179,1
3150,2950,1
3150,3002,1
3150,2674,1
3150,3330,1
3150,2753,1
3150,2712,1
3150,3154,1
3150,3291,1
3150,2802,1
3150,2751,1
3150,3302,1
3150,3332,1
3150,3223,1
3150,3070,1
3150,2901,1
3150,2853,1
3150,2719,1
3150,3188,1
3150,2914,1
3150,3027,1
3150,3111,1
3150,3265,1
3150,3097,1
3150,3060,1
3150,3342,1
3150,2784,1
3150,3201,1
3150,3072,1
3150,3116,1
3150,3151,1
3150,3409,1
3150,3344,1
3150,3406,1
3150,3272,1
3150,3329,1
3150,3103,1
3150,3253,1
3150,3267,1
3150,3038,1
3150,3381,1
3102,3060,1
3102,3344,1
3102,3146,1
3102,3035,1
3102,2853,1
3102,2719,1
3102,2991,1
3102,3201,1
3102,2970,1
3102,2765,1
3102,3265,1
3102,3267,1
3102,2992,1
3102,2674,1
3102,3179,1
3102,3116,1
3102,3169,1
3102,2833,1
3102,2828,1
3102,3416,1
3102,2770,1
3102,3330,1
3102,2780,1
3169,3146,1
3169,2770,1
3169,2781,1
3169,3113,1
3169,3265,1
3169,2853,1
3169,3381,1
3169,3016,1
3169,3035,1
3169,2674,1
3169,2991,1
3169,3291,1
3169,2970,1
3169,2973,1
3169,3344,1
3169,3179,1
3169,2869,1
3169,3070,1
3169,3201,1
3169,3267,1
3169,2992,1
3169,2828,1
3169,3416,1
3169,3116,1
3169,2719,1
3169,3330,1
3169,2765,1
3178,3208,1
3178,3138,1
3178,2848,1
3178,3357,1
3178,3295,1
3178,3034,1
3178,2727,1
3178,2958,1
3178,3110,1
3178,2892,1
3178,1419,1
3178,2709,1
3178,2813,1
3178,3415,1
3178,3374,1
3178,3001,1
3178,3048,1
3178,2668,2
3178,2780,1
3178,3403,1
3178,3211,1
3208,3411,1
3208,3171,1
3208,2841,1
3208,3048,1
3208,3138,1
3208,3431,1
3208,3088,1
3208,3016,1
3208,3081,1
3208,2715,1
3267,3094,1
3267,3146,1
3267,2980,1
3267,3265,1
3267,3291,1
3267,2992,1
3267,3035,1
3267,3330,1
3267,2833,1
3267,2853,1
3267,3224,1
3267,2991,1
3267,2674,1
3267,3378,1
3267,2937,1
3267,3201,1
3267,3344,1
3267,2719,1
3267,2802,1
3267,3016,1
3267,2869,1
3267,3365,1
3267,2781,1
3267,3299,1
3267,3416,1
3267,2753,1
3267,3116,1
3267,3113,1
3267,3070,1
3267,2765,1
3267,3270,1
3267,2901,1
3267,3381,1
3267,2823,1
3267,2796,1
3116,2833,1
3116,3306,1
3116,3009,1
3116,3089,1
3116,2780,1
3116,3416,1
3116,3411,1
3116,3258,1
3116,2869,1
3116,3035,1
3116,3060,1
3116,2853,1
3116,3212,1
3116,3332,1
3116,3146,1
3116,3148,1
3116,3261,1
3116,3418,1
3116,2876,1
3116,2765,1
3116,3265,1
3116,2753,1
3116,3381,1
3116,2991,1
3116,3179,1
3116,2950,1
3116,2719,1
3116,3206,1
3116,3076,1
3116,3272,1
3116,2791,1
3116,2781,1
3116,2828,1
3116,2674,1
3116,2970,1
3116,3431,1
3116,3201,1
3116,3330,1
3116,3188,1
3116,2937,1
3116,3038,1
3116,2901,1
3116,3422,1
3116,3302,1
3116,2770,1
3116,3027,1
3116,3291,1
3116,2748,1
3116,3070,1
3116,3088,1
3116,2973,1
3116,3298,1
3116,3344,1
3386,2665,1
3386,3288,1
3386,3403,1
3386,1505,1
3386,2836,1
3386,2719,1
3386,3140,1
3386,3406,1
3386,3070,1
3386,3160,1
3386,2973,1
3386,2958,1
3386,3019,1
3386,2753,1
3386,3353,1
3386,3345,1
3386,3344,1
3386,3118,1
3386,3038,1
3386,3079,1
3386,2720,1
3386,3224,1
3386,3154,1
3386,3186,1
3386,3260,1
3386,2672,1
3386,3225,1
3386,3011,1
3386,2976,1
3386,2869,1
3386,2748,1
3386,3291,1
2665,3253,1
2665,3411,1
2665,2984,1
2665,2753,1
2665,3328,1
2665,2999,1
2665,3027,1
2665,3330,1
2665,2791,1
2665,3107,1
2665,3224,1
2665,3326,1
2665,3274,1
2665,3299,1
2665,2921,1
2665,3342,1
2665,3337,1
2665,3259,1
2665,3035,1
2665,3406,1
2665,3345,1
2665,2914,1
2665,3140,1
2665,3017,1
2665,2942,1
2665,2781,1
2665,3151,1
2665,3395,1
2665,3020,1
2665,2955,1
3332,3262,1
3332,2672,1
3332,2937,1
3332,3291,1
3332,2797,1
3332,3288,1
3332,2970,1
3332,3411,1
3332,2973,1
3332,3298,1
3332,3179,1
3332,3089,1
3332,3011,1
3332,2684,1
3332,3353,1
3332,3378,1
3332,2833,1
3332,2701,1
3332,2823,1
3332,2724,1
3332,2719,1
3332,3060,1
3332,3118,1
3332,3172,1
3332,2708,1
3332,3076,1
3332,2828,1
3332,3403,1
3332,3258,1
3332,3330,1
3332,3261,1
3332,3079,1
3243,3433,1
3243,3435,1
3243,2943,1
3243,2890,1
3243,3084,1
3243,2743,1
3243,2956,1
3243,2741,1
3243,2835,1
3243,3104,1
3243,3363,1
3243,2977,1
3243,2874,1
3243,2867,1
3243,2915,1
2886,2999,1
2886,3336,1
2886,3128,1
2886,2949,1
2886,3310,1
2886,3126,1
2886,3083,1
2886,3322,1
2886,3066,1
2999,2955,1
2999,2941,1
2999,1642,1
2999,3083,1
2999,2822,1
2999,3066,1
2999,3253,1
2999,2903,1
2999,2983,1
2999,2677,1
2999,2693,1
2999,2933,1
2999,2949,1
2999,3020,1
2999,3222,1
2999,3310,1
2999,3072,1
2999,2935,1
2999,3128,1
2708,3172,1
2708,3179,1
2708,2684,1
2708,3076,1
2708,2937,1
2708,2823,1
2708,3011,1
2708,3258,1
2708,2797,1
2708,2995,1
2708,3079,1
2708,2796,1
2708,2828,1
2708,2869,1
2708,3298,1
2708,2719,1
2708,3262,1
2708,2672,1
2708,2845,1
2708,2701,1
3016,2869,1
3016,3154,1
3016,3171,1
3016,2841,1
3016,3075,1
3016,2796,1
3016,2932,1
3016,3144,1
3016,3113,1
3016,3270,1
3016,2674,1
3016,3416,1
3016,2853,1
3342,3421,1
3342,3341,1
3342,3224,1
3342,2955,1
3342,2751,1
3342,2772,1
3342,3048,1
3342,2819,1
3342,3353,1
3342,2901,1
3342,3299,1
3342,2784,1
3342,2921,1
3342,3140,1
3342,3406,1
3342,3093,1
3342,3107,1
3342,3072,1
3342,2720,1
3342,3097,1
3342,2914,1
3342,3219,1
3342,3313,1
3342,3344,1
3342,3197,1
3342,3258,1
3342,3223,1
3342,3077,1
3342,3038,1
3342,2853,1
3342,3403,1
3342,2996,1
3342,2836,1
3342,3345,1
3342,3416,1
3342,3034,1
3342,3326,1
3342,3111,1
3342,3291,1
3342,2748,1
3342,3157,1
3022,2877,1
3022,3064,1
3022,2664,1
3022,2689,1
3022,3142,1
3022,3284,1
3022,2873,1
3022,2827,1
3022,3362,1
3022,3363,1
3022,3174,1
3022,2745,1
3022,3040,1
3022,2815,1
3022,2669,1
3022,2717,1
3022,2956,1
3022,2912,1
3022,2839,1
3022,2862,1
3022,3166,1
3022,3195,1
3022,3400,1
3022,2866,1
3022,2896,1
3022,3078,1
3022,2911,1
3022,3348,1
3022,3387,1
3022,3004,1
3022,3052,1
3022,3339,1
3022,2943,1
3022,2988,1
3022,3435,1
3022,3294,1
3022,2782,1
3022,2757,1
3022,2867,1
3306,3298,1
3306,3353,1
3306,2785,1
3306,3162,1
3306,3272,1
3306,3148,1
3306,2819,1
3306,2876,1
3306,3422,1
3306,2848,1
3306,3019,1
3306,3062,1
3306,3188,1
3298,3378,1
3298,2833,1
3298,2737,1
3298,2976,1
3298,3328,1
3298,3076,1
3298,2733,1
3298,2992,1
3298,3179,1
3298,3060,1
3298,3148,1
3298,2892,1
3298,3261,1
3298,2719,1
3298,2965,1
3298,2937,1
3298,3113,1
3298,2845,1
3298,3088,1
3298,3260,1
3298,3381,1
3298,2828,1
3298,3111,1
3298,2672,1
3298,3112,1
3298,3172,1
3298,3160,1
3298,2701,1
3411,3148,1
3411,2923,1
3411,2970,1
3411,2770,1
3411,3254,1
3411,3262,1
3411,2748,1
3411,2672,1
3411,3172,1
3411,2712,1
3411,3210,1
3411,3011,1
3411,3060,1
3411,2772,2
3411,3188,1
3411,2921,1
3411,3201,1
3411,3343,1
3411,3154,1
3411,3288,1
3411,3079,1
3411,3179,1
3411,3258,1
3411,2901,1
3411,3330,1
3411,2833,1
3411,2950,1
3411,3253,2
3411,3076,1
3411,2914,1
3411,2828,1
3411,3242,1
2833,3288,1
2833,2712,1
2833,3035,1
2833,2992,1
2833,3381,1
2833,2719,1
2833,3406,1
2833,3060,1
2833,3076,1
2833,3017,1
2833,3291,1
2833,3212,1
2833,3224,1
2833,2991,1
2833,3038,1
2833,3201,1
2833,3011,1
2833,3089,1
2833,3330,1
2833,3188,1
2833,3258,1
2833,3113,1
2833,3345,1
2833,2828,1
2833,3265,1
2833,2674,1
2833,3179,1
2833,3299,1
2833,2914,1
2833,3154,1
2833,3146,1
2833,3079,1
2833,3253,1
2833,2937,1
2833,2869,1
2833,2796,1
2833,3272,1
2833,2973,1
2994,3040,1
2994,2741,1
2994,2873,1
2994,3166,1
2994,2993,1
2994,3174,1
2994,3387,1
2994,2890,1
2994,3348,1
2994,3324,1
2994,2745,1
2994,3114,1
2994,2988,1
2994,2681,1
2994,3362,1
2994,3084,1
2994,3135,1
2994,2915,1
2994,2874,1
2994,3014,1
2994,2810,1
2994,2956,1
2994,3400,1
2994,3364,1
2994,2974,1
2994,2862,1
2994,3078,1
2994,3433,1
2994,2931,1
2994,2866,1
2994,3294,1
2994,2877,1
2994,2835,1
2994,3104,1
2994,3073,1
2994,2669,1
2994,2827,1
2994,2743,1
3416,3070,1
3416,3291,1
3416,2828,1
3416,3146,1
3416,3035,1
3416,2853,1
3416,3381,1
3416,3201,1
3416,2804,1
3416,2770,1
3416,3206,1
3416,2765,1
3416,2992,1
3416,2869,1
3416,3344,1
3416,2970,1
3416,3265,1
3416,2674,1
3416,2991,1
3064,2689,1
3064,2920,1
3064,2717,1
3064,2915,1
3064,3142,1
3064,2827,1
3064,2664,1
3064,2877,1
3064,2759,1
3064,2839,1
3064,2782,1
3064,2912,1
3064,3163,1
3064,2867,1
3064,2866,1
3064,3284,1
3064,2669,1
3064,3348,1
3064,3363,1
3064,3174,1
3064,2815,1
3064,2911,1
3064,2757,1
3064,3078,1
3064,3339,1
3064,3040,1
3064,3195,1
2689,2943,1
2689,3135,1
2689,2917,1
2689,2835,1
2689,3158,1
2689,3284,1
2689,2867,1
2689,2920,1
2689,2974,1
2689,2763,1
2689,2827,1
2689,2669,1
2689,2717,1
2689,2705,1
2689,3142,1
2689,2782,1
2689,2839,1
2689,3324,1
2689,3363,1
2689,2810,1
2689,3220,1
2689,2757,1
2689,3000,1
2689,3348,1
2689,2815,1
2689,3078,1
2689,2681,1
2689,3073,1
2689,2896,1
2689,3433,1
2689,2743,1
2689,2969,1
2689,3387,1
3104,3364,1
3104,3339,1
3104,3080,1
3104,2988,1
3104,2874,1
3104,2854,1
3104,2978,1
3104,3137,1
3104,2977,1
3104,3014,1
3104,3324,1
3104,3078,1
3104,2835,1
3104,3084,1
3104,2669,1
3104,3010,1
3104,2969,1
3104,3362,1
3104,3363,1
3104,2890,1
3104,2864,1
3104,3092,1
3104,3036,1
3104,3004,1
3104,2663,1
3104,2782,1
3104,2993,1
3104,2809,1
3104,2873,1
3104,3114,1
3104,2915,1
3104,2757,1
3104,2956,1
3104,2953,1
3104,3052,1
3104,3130,1
3104,3000,1
3104,2877,1
3104,2839,1
3104,3435,1
3104,3390,1
3104,2664,1
3104,2862,1
3104,3294,1
3104,2726,1
3104,3123,1
3364,2956,1
3364,2953,1
3364,3014,1
3364,3362,1
3364,3000,1
3364,2915,1
3364,2969,1
3364,2931,1
3364,2782,1
3364,3114,1
3364,2839,1
3364,2890,1
3364,3435,1
3364,2988,1
3364,2873,1
3364,2862,1
3364,3078,1
3364,3036,1
3364,3084,1
3364,3433,1
3364,2757,1
3364,2924,1
3302,2914,1
3302,3343,1
3302,3217,1
3302,3072,1
3302,3097,1
3302,2751,1
3302,3373,1
3302,2785,1
3302,3330,1
3302,2848,1
3302,3162,1
3302,3341,1
3302,3038,1
3302,2747,1
3302,3027,1
3302,3070,1
3302,2962,1
3302,3111,1
3302,3291,1
3302,3146,1
3302,3274,1
3302,2859,1
3302,2958,1
3302,3289,1
3302,2996,1
3302,3356,1
3302,2992,1
3302,2895,1
3302,3403,1
3302,2858,1
3302,3110,1
3302,2790,1
3302,2688,1
3302,2677,1
3302,3140,1
3302,2768,1
3302,3210,1
3302,2869,1
3302,3215,1
3302,3024,1
3302,2693,1
3302,2748,1
3291,2783,1
3291,3406,1
3291,3140,1
3291,2715,1
3291,2723,1
3291,3341,1
3291,3288,1
3291,2712,1
3291,3261,1
3291,3380,1
3291,3177,1
3291,3113,1
3291,2976,1
3291,3330,1
3291,2937,1
3291,3076,1
3291,3422,1
3291,3107,1
3291,3201,1
3291,2719,1
3291,2781,1
3291,2984,1
3291,3002,1
3291,2812,1
3291,3272,1
3291,3344,1
3291,3378,1
3291,2836,1
3291,3313,1
3291,3017,1
3291,3093,1
3291,2770,1
3291,3027,1
3291,3146,1
3291,3172,1
3291,3038,1
3291,3088,1
3291,2662,1
3291,2720,1
3291,3275,1
3291,2748,1
3291,2751,1
3291,2996,1
3291,2828,1
3291,3337,1
3291,2668,1
3291,3345,1
3291,3353,1
3291,3154,1
3291,3421,1
3291,3206,1
3291,2674,1
3291,2753,1
3291,2973,1
3291,3224,1
3291,3299,1
3291,2901,1
3291,3258,1
3291,2992,1
3291,2859,1
3291,2713,1
3291,3060,1
3291,3274,1
2783,2932,1
2783,3353,1
2783,3395,1
2783,3017,1
2783,2662,1
2783,2976,1
2783,3076,1
2783,3369,1
2783,3422,1
2783,3274,1
2783,3172,1
2783,2819,1
2783,2720,1
2783,3383,1
2783,2984,1
2783,3192,1
2783,3341,1
2783,2955,1
2783,3028,1
2783,3027,1
2783,3060,1
2783,3255,1
2734,2760,1
2734,2848,1
2734,3077,1
2734,2790,1
2734,3340,1
2734,3343,1
2734,3157,1
2734,3186,1
2734,1505,1
2734,2752,1
2734,2923,1
2734,2836,1
2734,3165,1
2734,2808,1
2734,3254,1
2734,3027,1
2734,3121,1
2828,3146,1
2828,2719,1
2828,3148,1
2828,2992,1
2828,2901,1
2828,2796,1
2828,3201,1
2828,3035,1
2828,3113,1
2828,2991,1
2828,3406,1
2828,3076,1
2828,3378,1
2828,3027,1
2828,3344,1
2828,2973,1
2828,2970,1
2828,3038,1
2828,3381,1
2828,3330,1
2828,3179,1
2828,2823,1
2828,3272,1
2828,2869,1
2828,3261,1
2828,3209,1
2828,3172,1
2828,3060,1
2828,2765,1
2828,2937,1
2828,3265,1
2828,2674,1
3353,3035,1
3353,2719,1
3353,2984,1
3353,2751,1
3353,2662,1
3353,3422,1
3353,3403,1
3353,3274,1
3353,3111,1
3353,3140,1
3353,3118,1
3353,3002,1
3353,2937,1
3353,3076,1
3353,2768,1
3353,3349,1
3353,3017,1
3353,3299,1
3353,2958,1
3353,3027,1
3353,2720,1
3353,3172,1
3353,3072,1
3353,2871,1
3353,3276,1
3353,3279,1
3353,3224,1
3353,2921,1
3353,2762,1
3353,3038,1
3353,3192,1
3035,2819,1
3035,3009,1
3035,3211,1
3035,2765,1
3035,2751,1
3035,2937,1
3035,2991,1
3035,2770,1
3035,3378,1
3035,3070,1
3035,2869,1
3035,2674,1
3035,3038,1
3035,2712,1
3035,2719,1
3035,2796,1
3035,3235,1
3035,3146,1
3035,2853,1
3035,2901,1
3035,2802,1
3035,3113,1
3035,2781,1
3035,2992,1
3035,3381,1
3035,3288,1
3035,3344,1
3035,3265,1
3035,3179,1
3035,3201,1
3035,2973,1
3035,3330,1
3035,3206,1
3035,2970,1
3035,2950,1
3043,2871,1
3043,3093,1
3043,3369,1
3043,3034,1
3043,2883,1
3043,2668,1
3043,3110,1
3043,2751,1
3043,3097,1
3043,3313,1
3043,3357,1
2871,2950,1
2871,3002,1
2871,3369,1
2871,2780,1
2871,3313,1
2871,3344,1
2871,3189,1
2871,2686,1
2871,2702,1
2871,3219,1
2871,3062,1
2871,3415,1
2871,3330,1
2871,3253,1
2871,2739,1
2871,2955,1
2871,3107,1
2871,3299,1
2871,3395,1
2871,3038,1
2871,3196,1
2871,3337,1
2871,3365,1
2871,3259,1
2871,2881,1
2871,3111,1
2871,2932,1
2739,3168,1
2739,3019,1
2739,2724,1
2739,3118,1
2739,2830,1
2739,3140,1
2739,3162,1
2739,2702,1
2739,3379,1
2739,3062,1
2739,3069,1
2739,3002,1
2739,3410,1
2739,2954,1
2739,3068,1
2739,3415,1
2739,3326,1
2739,3273,1
3324,2745,1
3324,3227,1
3324,3092,1
3324,3339,1
3324,3303,1
3324,2835,1
3324,2757,1
3324,3362,1
3324,3363,1
3324,2915,1
3324,3228,1
3324,3294,1
3324,3390,1
3324,2839,1
3324,2931,1
3324,2782,1
3324,3084,1
3324,3414,1
3324,3142,1
3324,3237,1
3324,2669,1
3324,2806,1
3324,2956,1
3324,3284,1
3324,3388,1
3324,2912,1
3324,2761,1
3324,3095,1
3324,3234,1
3324,2862,1
3324,2759,1
3324,2763,1
3324,2920,1
3324,2673,1
3324,2681,1
3324,3129,1
3324,3004,1
3324,2967,1
3324,2867,1
3324,2896,1
3324,2866,1
3324,2890,1
3324,2877,1
3324,2864,1
3324,3202,1
3324,3023,1
3324,3220,1
3324,2969,1
3324,3052,1
3324,2891,1
3324,3213,1
3324,2664,1
3324,3304,1
3339,3362,1
3339,3284,1
3339,3123,1
3339,3400,1
3339,3114,1
3339,2917,1
3339,2911,1
3339,2890,1
3339,3084,1
3339,2866,1
3339,2873,1
3339,2877,1
3339,3348,1
3339,2839,1
3339,2912,1
3339,2669,1
3339,2835,1
3339,3174,1
3339,2782,1
3339,3142,1
3339,2974,1
3339,3040,1
3339,2956,1
3339,2993,1
3339,2969,1
3339,3387,1
3339,2664,1
3339,3078,1
3339,2988,1
3339,3166,1
3339,3363,1
3339,2717,1
3345,3299,1
3345,2785,1
3345,3344,1
3345,2901,1
3345,3406,1
3345,3260,1
3345,2748,1
3345,3403,1
3345,2712,1
3345,2720,1
3345,2921,1
3345,3212,1
3345,3209,1
3345,3197,1
3345,2685,1
3345,3109,1
3345,3224,1
3345,2719,1
3345,3330,1
3345,3058,1
3345,2687,1
3345,2996,1
3345,3352,1
3345,3089,1
3345,3034,1
3345,3013,1
3345,3038,1
3345,2973,1
3345,3097,1
3345,3041,1
3345,3140,1
3345,3188,1
3345,3253,1
3299,3188,1
3299,3209,1
3299,3058,1
3299,2973,1
3299,2932,1
3299,3017,1
3299,3038,1
3299,3041,1
3299,3340,1
3299,3276,1
3299,3344,1
3299,2712,1
3299,2768,1
3299,2748,1
3299,3403,1
3299,3224,1
3299,3258,1
3299,3113,1
3299,3260,1
3299,2901,1
3299,3013,1
3299,3212,1
3299,3089,1
3299,3421,1
3299,2921,1
3299,3406,1
3299,3097,1
3299,3109,1
3299,2785,1
3299,2780,1
3299,3197,1
2757,2974,1
2757,3414,1
2757,3004,1
2757,3387,1
2757,3195,1
2757,2864,1
2757,2917,1
2757,3304,1
2757,2827,1
2757,2877,1
2757,3220,1
2757,2717,1
2757,2664,1
2757,2896,1
2757,2866,1
2757,2839,1
2757,2815,1
2757,3036,1
2757,2854,1
2757,3078,1
2757,3363,1
2757,2835,1
2757,3135,1
2757,2867,1
2757,3174,1
2757,2969,1
2757,2669,1
2757,2763,1
2757,2782,1
2757,3142,1
2757,2911,1
2757,3284,1
2757,2681,1
2757,2912,1
2757,3040,1
2757,3000,1
2757,3129,1
3288,3313,1
3288,2901,1
3288,2958,1
3288,3235,1
3288,3393,1
3288,3422,1
3288,3225,1
3288,2892,1
3288,2712,1
3288,2991,1
3288,3038,1
3288,2719,1
3288,3154,1
3288,3079,1
3288,2674,1
3288,3107,1
3288,3260,1
3288,2781,1
3288,2992,1
3288,3146,1
3234,2854,1
3234,2763,1
3234,3294,1
3234,3362,1
3234,2891,1
3234,3213,1
3234,3315,1
3234,3052,1
3234,2741,1
3234,2782,1
3234,2806,1
3234,2988,1
3234,3023,1
3234,3400,1
3234,3237,1
3234,2864,1
3234,2967,1
3234,2761,1
3234,3390,1
3234,2839,1
2992,3027,1
2992,3079,1
2992,3113,1
2992,2984,1
2992,2973,1
2992,3107,1
2992,3378,1
2992,3344,1
2992,3329,1
2992,2804,1
2992,3330,1
2992,2719,1
2992,3206,1
2992,2830,1
2992,2901,1
2992,2853,1
2992,2991,1
2992,3381,1
2992,3224,1
2992,2823,1
2992,2753,1
2992,3017,1
2992,3060,1
2992,2937,1
2992,2869,1
2992,3199,1
2992,3201,1
2992,3172,1
2854,3213,1
2854,2763,1
2854,2759,1
2854,2969,1
2854,3228,1
2854,2931,1
2854,2806,1
2854,2782,1
2854,3363,1
2854,3237,1
2854,3010,1
2854,3430,1
2854,2864,1
2854,3095,1
2854,3362,1
2854,3390,1
2854,3303,1
2854,3023,1
2854,2953,1
2854,3080,1
2854,3414,1
2724,3379,1
2724,3223,1
2724,2830,1
2724,3370,1
2724,3186,1
2724,3253,1
2724,2737,1
2724,3266,1
2724,3162,1
2724,3334,1
2724,3062,1
2724,3415,1
2724,3221,1
2724,2685,1
2724,3068,1
2724,3295,1
2724,2728,1
2724,3069,1
2724,3077,1
2724,2865,1
2724,3086,1
2724,3359,1
2724,2758,1
2724,3176,1
2724,3061,1
2724,3405,1
2724,2921,1
2724,3081,1
2724,2775,1
2724,3273,1
2724,2957,1
2724,3002,1
2724,3100,1
2724,3210,1
2724,2682,1
2724,2779,1
2724,3019,1
2724,3168,1
2724,2845,1
2724,3154,1
2724,2892,1
2724,3011,1
2724,3177,1
2724,3308,1
2724,3001,1
2724,3356,1
2724,2934,1
2724,3118,1
2724,2662,1
2724,2947,1
2724,3133,1
3425,3402,1
3425,3401,1
3425,3187,1
3425,3376,1
3425,2926,1
3425,3338,1
3425,3427,1
3425,2781,1
3402,2955,1
3402,3376,1
3402,3187,1
3402,2865,1
3402,2926,1
3402,3427,1
3402,3196,1
3402,3264,1
3402,3401,1
3402,3338,1
2920,3078,1
2920,2717,1
2920,3304,1
2920,3433,1
2920,3220,1
2920,3284,1
2920,2827,1
2920,2864,1
2920,2810,1
2920,3073,1
2920,2763,1
2920,2974,1
2920,3213,1
2920,2782,1
2920,2669,1
2920,2664,1
2920,2969,1
2920,2924,1
2920,2839,1
2920,3004,1
2920,2746,1
2920,2867,1
2920,2943,1
2920,2911,1
2920,2850,1
2920,2890,1
2920,3363,1
2920,2815,1
2920,2806,1
2920,3348,1
2920,2877,1
2920,2695,1
3095,2877,1
3095,2759,1
3095,2710,1
3095,3137,1
3095,3303,1
3095,3143,1
3095,2851,1
3095,3153,1
2877,2953,1
2877,2782,1
2877,2896,1
2877,3284,1
2877,2911,1
2877,3040,1
2877,3202,1
2877,2669,1
2877,3303,1
2877,2839,1
2877,3363,1
2877,3000,1
2877,2912,1
2877,2866,1
2877,2806,1
2877,2717,1
2877,3250,1
2877,2673,1
2877,3387,1
2877,3114,1
2877,2827,1
2877,2956,1
2877,3195,1
2877,3073,1
2877,2967,1
2877,2890,1
2877,3004,1
2877,2664,1
2877,2850,1
2877,3078,1
2877,2915,1
2877,2873,1
2877,3237,1
2877,2969,1
2877,3142,1
2877,3348,1
2877,3137,1
2877,3174,1
2877,3238,1
2877,2867,1
2877,2974,1
2877,2891,1
2877,3362,1
2877,3052,1
2877,2943,1
3060,3113,1
3060,3079,1
3060,3112,1
3060,3330,1
3060,3140,1
3060,3378,1
3060,3017,1
3060,2733,1
3060,2937,1
3060,2684,1
3060,2720,1
3060,3403,1
3060,3272,1
3060,2991,1
3060,3328,1
3060,2973,1
3060,2781,1
3060,3209,1
3060,3199,1
3060,3038,1
3060,3381,1
3060,2965,1
3060,2748,1
3060,3258,1
3060,3260,1
3060,3076,1
3060,3179,1
3060,2823,1
3060,2869,1
3060,2796,1
3060,2845,1
3060,3172,1
3060,3201,1
3060,2976,1
3060,2753,1
3060,3013,1
3060,3111,1
3060,2950,1
3060,3367,1
3060,2719,1
2782,3363,1
2782,2969,1
2782,3387,1
2782,2839,1
2782,3004,1
2782,3213,1
2782,2827,1
2782,2669,1
2782,2864,1
2782,3304,1
2782,2835,1
2782,3040,1
2782,2717,1
2782,3084,1
2782,3123,1
2782,3078,1
2782,3014,1
2782,2743,1
2782,2911,1
2782,3195,1
2782,3036,1
2782,2862,1
2782,3348,1
2782,2681,1
2782,3250,1
2782,2664,1
2782,2806,1
2782,3284,1
2782,2815,1
2782,2891,1
2782,2866,1
2782,3142,1
2782,2924,1
2782,2956,1
2782,2915,1
2782,2943,1
2782,3010,1
2782,2896,1
2782,3303,1
2782,2988,1
2782,2912,1
2782,3174,1
2782,3052,1
3000,3174,1
3000,3435,1
3000,2873,1
3000,3433,1
3000,3387,1
3000,2741,1
3000,2874,1
3000,2839,1
3000,2867,1
3000,2956,1
3000,3123,1
3000,3348,1
3000,2890,1
3000,3023,1
3000,3362,1
3000,2943,1
3000,3158,1
3000,2743,1
3000,3400,1
3000,2924,1
3000,2763,1
3000,3238,1
3000,2988,1
3000,2862,1
3000,2969,1
3000,2669,1
3000,2953,1
3000,2977,1
3000,3213,1
3000,3135,1
3000,2806,1
3000,2794,1
3000,3166,1
3000,3078,1
3000,3220,1
3000,3073,1
3000,3363,1
3000,2835,1
3000,2810,1
3000,3084,1
3000,2915,1
3174,2839,1
3174,2717,1
3174,3078,1
3174,3040,1
3174,2669,1
3174,3387,1
3174,3142,1
3174,2745,1
3174,2866,1
3174,3304,1
3174,2915,1
3174,2835,1
3174,2867,1
3174,3166,1
3174,3195,1
3174,2664,1
3174,2741,1
3174,2862,1
3174,3362,1
3174,2974,1
3174,2827,1
3174,2956,1
3174,3348,1
3174,2873,1
3174,3363,1
3174,3284,1
3174,2864,1
3094,2765,1
2765,2973,1
2765,2770,1
2765,2853,1
2765,2674,1
2765,3265,1
2765,3007,1
2765,3344,1
2765,3070,1
2765,3146,1
2765,3330,1
2765,2970,1
2765,3206,1
2765,2748,1
2765,3201,1
2765,2780,1
2869,2991,1
2869,1666,1
2869,2748,1
2869,2719,1
2869,3172,1
2869,2980,1
2869,2781,1
2869,3289,1
2869,2737,1
2869,2674,1
2869,3201,1
2869,3340,1
2869,3113,1
2869,2812,1
2869,3270,1
2869,2937,1
2869,3199,1
2869,2853,1
2869,2753,1
2869,2950,1
2869,3381,1
2869,3330,1
2869,3378,1
2869,2881,1
2869,2796,1
2991,3172,1
2991,3378,2
2991,3381,2
2991,2748,1
2991,3201,1
2991,2719,2
2991,3330,1
2991,2674,1
2991,2737,1
2991,3146,1
2991,2796,1
2991,3113,1
2991,2853,2
2991,2781,1
2991,2937,1
2991,3265,1
2991,2712,1
2991,3070,1
3078,3129,1
3078,2867,1
3078,2912,1
3078,2988,1
3078,2915,1
3078,2669,1
3078,3073,1
3078,2956,1
3078,2974,1
3078,2969,1
3078,2931,1
3078,2741,1
3078,2664,1
3078,3250,1
3078,2745,1
3078,3363,1
3078,3348,1
3078,2827,1
3078,2896,1
3078,2839,1
3078,2943,1
3078,3004,1
3078,2890,1
3078,2911,1
3078,2717,1
3078,2815,1
3078,3284,1
3078,2873,1
3078,3435,1
3078,2864,1
3078,3195,1
3078,2866,1
3078,3142,1
3078,3387,1
2717,2839,1
2717,3195,1
2717,2867,1
2717,2956,1
2717,3348,1
2717,2664,1
2717,2911,1
2717,2827,1
2717,2815,1
2717,2866,1
2717,3250,1
2717,2864,1
2717,3387,1
2717,3142,1
2717,3363,1
2717,2912,1
3225,3024,1
3225,3140,1
3225,3161,1
3225,3111,1
3225,3172,1
3225,3017,1
3225,3422,1
3225,3403,1
3225,3261,1
3225,3176,1
3225,3281,1
3225,3328,1
3225,2719,1
3225,3076,1
3225,3274,1
3024,3107,1
3024,2881,1
3024,3328,1
3024,3160,1
3024,2727,1
3024,3133,1
3024,3019,1
3231,3010,1
3231,3123,1
3231,2663,1
3231,2809,1
3231,2978,1
3231,3114,1
3231,3229,1
3231,3030,1
3231,2851,1
3231,2726,1
3231,3036,1
3231,3269,1
3231,2837,1
3231,3400,1
3231,3080,1
3231,2807,1
3231,3137,1
3231,3317,1
2943,2915,1
2943,2743,1
2943,3213,1
2943,2827,1
2943,2896,1
2943,2974,1
2943,2969,1
2943,2669,1
2943,2810,1
2943,2835,1
2943,2815,1
2943,2850,1
2943,3433,1
2943,3023,1
2943,2806,1
2943,3348,1
2943,3363,1
2943,2705,1
2943,3220,1
2943,2673,1
2943,3228,1
2943,3284,1
2943,3073,1
2943,2763,1
2943,2867,1
2943,2695,1
2943,2839,1
2943,3135,1
2943,2864,1
2943,2769,1
3009,2901,1
3009,2720,1
3009,2921,1
3009,3406,1
3009,3206,1
3009,2723,1
3009,3027,1
3009,2870,1
3009,2958,1
3009,3109,1
3009,3279,1
2901,3224,1
2901,2781,1
2901,2723,1
2901,3406,1
2901,2797,1
2901,2753,1
2901,3154,1
2901,3431,1
2901,2831,1
2901,3206,1
2901,3275,1
2901,3110,1
2901,3330,1
2901,3140,1
2901,3378,1
2901,2932,1
2901,2848,1
2901,3418,1
2901,3344,1
2901,2747,1
2901,3027,1
2901,2715,1
2901,2748,1
2901,3038,1
2901,3113,1
2901,2751,1
2901,3167,1
2901,2996,1
2901,3201,1
2901,3070,1
2901,3380,1
3107,3343,1
3107,3337,1
3107,2950,1
3107,2870,1
3107,3275,1
3107,3015,1
3107,3403,1
3107,3421,1
3107,2748,1
3107,2921,1
3107,3097,1
3107,3154,1
3107,2696,1
3107,3187,1
3107,2772,1
3107,3395,1
3107,2859,1
3107,2984,1
3107,3341,1
3107,2932,1
3107,3313,1
3107,3219,1
3107,3186,1
3107,3246,1
3107,3323,1
3107,2686,1
3107,2662,1
3107,2965,1
3107,3215,1
3107,3027,1
3107,3242,1
3107,3330,1
3107,3340,1
3107,2702,1
3107,3379,1
3343,3165,1
3343,2938,1
3343,3254,1
3343,3276,1
3343,3205,1
3343,3328,1
3343,3062,1
3343,2968,1
3253,3369,1
3253,3179,1
3253,2700,1
3253,3032,1
3253,3154,1
3253,2955,1
3253,3404,1
3253,3255,2
3253,3111,1
3253,3196,1
3253,3264,1
3253,3188,1
3253,2758,1
3253,3072,1
3253,2865,1
3253,2914,1
3253,2932,1
3253,3027,1
3253,2938,1
3253,3077,1
3253,3431,1
3253,3187,1
3253,3289,1
3086,2688,1
3086,3176,1
3086,3379,1
3086,2779,1
3086,3241,1
3086,3019,1
3086,3356,1
3086,2728,1
3086,3077,1
3086,3162,1
3086,3410,1
3086,3371,1
3086,2892,1
3086,3002,1
3086,3295,1
3086,3068,1
3086,2713,1
3086,3072,1
3086,3177,1
3086,3168,1
3086,3154,1
3086,3103,1
2688,3146,1
2688,2693,1
2688,2903,1
2688,2677,1
2688,3328,1
2688,3205,1
3068,3415,1
3068,2779,1
3068,3176,1
3068,3154,1
3068,3168,1
3068,2941,1
3068,3019,1
3068,3162,1
3068,2682,1
3415,2892,1
3415,3395,1
3415,3154,1
3415,3077,1
3415,3162,1
3415,3189,1
3415,3019,1
3415,3177,1
3415,2712,1
3415,3168,1
3415,3109,1
3415,3111,1
3415,3210,1
3415,3295,1
3415,3219,1
3415,2853,1
3415,2662,1
3406,3212,1
3406,3260,1
3406,3140,1
3406,3201,1
3406,3422,1
3406,3038,1
3406,3344,1
3406,3223,1
3406,3421,1
3406,2719,1
3406,2753,1
3406,2937,1
3406,3409,1
3406,2921,1
3406,3189,1
3406,3224,1
3406,2973,1
3406,2720,1
3406,2870,1
3406,3034,1
3406,2772,1
3406,2748,1
3406,3151,1
3406,2713,1
3406,3089,1
3406,3395,1
3406,2996,1
2794,3073,1
2794,3135,1
2794,3433,1
2794,2766,1
2794,2810,1
2794,3158,1
2794,2874,1
2794,2988,1
2794,2743,1
3073,2839,1
3073,2974,1
3073,3433,1
3073,2874,1
3073,3036,1
3073,3220,1
3073,2862,1
3073,3137,1
3073,2864,1
3073,2890,1
3073,2810,1
3073,2896,1
3073,2915,1
3073,2867,1
3073,3363,1
3073,2988,1
3073,3284,1
3073,3135,1
3073,2891,1
3073,2931,1
3073,3163,1
3073,3158,1
3073,2981,1
3073,3114,1
3073,2953,1
3073,2743,1
3374,2964,1
3374,2668,1
3374,3305,1
3374,3138,1
3374,2780,1
3374,3211,1
3374,3048,1
3374,3279,1
3374,2772,1
3374,3110,1
3374,2727,1
2964,3157,2
2964,2938,1
2964,3326,1
2964,3001,1
2964,2979,1
2964,1656,1
2964,3038,1
2964,1505,1
2964,2758,1
2964,2707,2
2964,2957,1
2964,3289,1
2964,3062,1
2715,2865,1
2715,2831,1
2715,3171,1
2715,3312,1
2715,3365,1
2715,3146,1
2715,2881,1
2715,3264,1
2715,2859,1
2715,3187,1
2715,3276,1
2715,2868,1
2715,3259,1
2715,3393,1
2715,3330,1
2715,2723,1
2715,2747,1
2715,3027,1
2865,2685,1
2865,3167,1
2865,2747,1
2865,3081,1
2865,3369,1
2865,2831,1
2865,2932,1
2865,2758,1
2865,3032,1
2865,3365,1
2865,3264,1
2865,2979,1
2865,3020,1
2865,3196,1
2865,2816,1
2865,2768,1
2865,2918,1
2865,3393,1
2865,3187,1
2865,3061,1
2865,2744,1
2865,2955,1
2865,3312,1
2748,3215,1
2748,2753,1
2748,3070,1
2748,3041,1
2748,2785,1
2748,3188,1
2748,2976,1
2748,3038,1
2748,3194,1
2748,3274,1
2748,3313,1
2748,3160,1
2748,3076,1
2748,3058,1
2748,3344,1
2748,2973,1
2748,3013,1
2748,2751,1
2748,2772,1
2748,3154,1
2748,3378,1
2748,2950,1
2748,2712,1
2748,2853,1
2748,2780,1
2748,3140,1
2748,3089,1
2748,2687,1
2748,3175,1
2748,2702,1
2748,3224,1
3215,3224,1
3215,3272,1
3215,2720,1
3215,2751,1
3215,2723,1
3215,2954,1
3215,2668,1
3215,3148,1
3215,2868,1
3215,3097,1
3215,3274,1
3215,3211,1
2978,3430,1
2978,3303,1
2978,3010,1
2978,2710,1
2978,3300,1
2978,2769,1
2978,2851,1
2978,3130,1
2978,3059,1
2978,2726,1
2978,2807,1
2978,2663,1
2978,3080,1
3430,3123,1
3430,3300,1
3430,2806,1
3430,2851,1
3430,2663,1
3430,2745,1
3430,3137,1
3430,2866,1
3430,3363,1
3430,3114,1
3077,2968,1
3077,2892,1
3077,3103,1
3077,3154,1
3077,2870,1
3077,2721,1
3077,3373,1
3077,2824,1
3077,2868,1
3077,3273,1
3077,2713,1
3077,3125,1
3077,3410,1
3077,3118,1
3077,3241,1
3077,2779,1
3077,3091,1
3077,2671,1
3077,3176,1
3077,3002,1
3077,2728,1
3077,3019,1
3077,3162,1
3077,3168,1
3077,3371,1
3077,3356,1
3077,3223,1
3077,3177,1
3077,2962,1
3077,2900,1
3077,2768,1
3077,2934,1
3077,3295,1
2968,1450,1
2968,3011,1
2968,2882,1
2968,1666,1
2968,990,1
2968,1505,1
2968,3020,1
2968,3258,1
2968,3161,1
2968,3097,1
3167,3210,1
3167,3255,1
3167,3032,1
3167,2758,1
3167,3369,1
3167,2918,1
3167,3177,1
3167,3365,1
3040,3387,1
3040,3348,1
3040,3284,1
3040,2664,1
3040,2827,1
3040,3142,1
3040,3195,1
3040,2911,1
3040,3362,1
3040,2815,1
3040,2956,1
3040,2839,1
3040,2866,1
3040,2669,1
2918,2758,1
2918,3255,1
2918,2955,1
2918,3032,1
2918,3264,1
2918,2932,1
2918,3369,1
2918,3187,1
2918,3196,1
2918,2768,1
2890,3348,1
2890,3142,1
2890,2988,1
2890,2915,1
2890,2912,1
2890,2664,1
2890,2827,1
2890,3123,1
2890,2873,1
2890,2839,1
2890,3004,1
2890,3229,1
2890,3084,1
2890,2993,1
2890,2977,1
2890,3137,1
2890,2866,1
2890,2806,1
2890,3435,1
2890,2763,1
2890,2663,1
2890,2862,1
2890,2673,1
2890,3052,1
2890,3294,1
2890,2931,1
2890,3158,1
2890,2741,1
2890,3433,1
2890,2956,1
2890,3362,1
2890,3114,1
2890,3166,1
2890,2953,1
2890,2726,1
2890,3387,1
2890,3014,1
2892,3002,1
2892,2845,1
2892,3295,1
2892,3168,1
2892,2995,1
2892,3162,1
2892,3019,1
2892,2737,1
2892,3154,1
2892,3001,1
2892,2934,1
2892,2775,1
3074,3127,1
3074,3055,1
3074,3147,1
3074,2817,1
3074,2774,1
3127,2817,1
3127,3147,1
3127,3055,1
3127,2774,1
3289,2955,1
3289,2938,1
3289,2976,1
3289,3076,1
3289,3341,1
3289,1450,1
3289,3062,1
3289,1666,1
3289,2819,1
3289,3196,1
2955,2941,1
2955,3187,1
2955,3395,1
2955,3219,1
2955,2921,1
2955,3369,1
2955,3403,1
2955,3032,1
2955,2932,1
2955,3255,1
2955,3337,1
2955,3264,1
2955,2938,1
2955,3221,1
2955,3067,1
2955,2758,1
2955,3404,1
2955,3196,1
2813,2760,1
2813,3365,1
2813,2784,1
2813,2971,1
2813,2768,1
2813,2790,1
2813,2979,1
2813,3409,1
2813,3171,1
2813,2848,1
2813,3393,1
2813,3020,1
2813,2883,1
2813,2826,1
2813,3002,1
2813,1419,1
2813,3177,1
2813,1758,1
2813,2758,1
2827,3163,1
2827,2839,1
2827,2993,1
2827,2969,1
2827,2815,1
2827,2669,1
2827,3348,1
2827,2911,1
2827,2915,1
2827,3435,1
2827,2867,1
2827,3166,1
2827,3387,1
2827,2956,1
2827,3195,1
2827,2917,1
2827,2866,1
2827,3390,1
2827,3363,1
2827,3284,1
3118,3172,1
3118,3089,1
3118,3002,1
3118,3072,1
3118,2823,1
3118,3017,1
3118,2984,1
3118,2938,1
3118,3162,1
3118,3403,1
3118,2845,1
3118,3168,1
3118,3100,1
3118,2768,1
3118,3160,1
3118,3295,1
3118,3111,1
3118,2976,1
3118,3379,1
3118,3019,1
3118,2662,1
3118,3034,1
3019,3380,1
3019,3273,1
3019,3079,1
3019,3186,1
3019,3002,1
3019,2900,1
3019,3154,1
3019,3379,1
3019,2775,1
3019,2881,1
3019,2845,1
3019,3100,1
3019,2707,1
3019,3113,1
3019,2728,1
3019,2758,1
3019,3011,1
3019,2753,1
3019,3076,1
3019,2830,1
3019,3177,1
3019,2860,1
3019,3295,1
3019,2947,1
3019,3062,1
3019,3210,1
3019,1505,1
3019,2836,1
3019,3356,1
3019,3001,1
3019,3160,1
3019,2779,1
3019,3162,1
3019,3133,1
3019,2737,1
3019,3176,1
3019,2958,1
3019,3168,1
3019,2682,1
3019,2662,1
3019,3359,1
3380,3038,1
3380,3027,1
3380,2668,1
3380,3093,1
3380,3140,1
3380,3154,1
3380,2914,1
3380,3177,1
3380,3259,1
3380,2762,1
3380,2751,1
2780,3146,1
2780,3138,1
2780,3265,1
2780,3013,1
2780,3395,1
2780,3211,1
2780,2950,1
2780,2709,1
2780,3048,1
2780,3201,1
2780,2687,1
2780,2785,1
2780,3172,1
2780,2758,1
2780,3109,1
2780,3279,1
2780,3188,1
2780,3219,1
2780,3041,1
2780,2979,1
2780,2727,1
2780,3209,1
2780,2923,1
2780,3352,1
2780,3212,1
2780,2712,1
2780,3089,1
3262,3179,1
3262,3079,1
3262,2672,1
3262,2733,1
3262,2958,1
3262,2701,1
3262,2797,1
3262,2719,1
3262,2684,1
3262,2823,1
3262,3258,1
3262,3261,1
3262,3011,1
3262,2937,1
3262,3076,1
2772,2895,1
2772,2668,2
2772,3313,1
2772,3017,1
2772,3242,1
2772,3075,1
2772,2709,1
2772,3357,1
2772,2744,2
2772,2996,1
2772,2958,1
2772,3349,1
2772,3221,2
2772,3192,1
2772,2831,1
2772,3027,1
2772,3274,2
2772,3093,1
2772,3328,1
2772,2785,1
2772,2751,1
2772,2674,1
2835,2763,1
2835,3129,1
2835,2839,1
2835,2874,1
2835,2924,1
2835,3195,1
2835,2862,1
2835,2664,1
2835,2864,1
2835,2681,1
2835,3348,1
2835,3363,1
2835,3387,1
2835,2956,1
2763,3213,1
2763,2806,1
2763,2974,1
2763,3363,1
2763,2967,1
2763,3237,1
2763,2891,1
2763,2810,1
2763,2867,1
2763,3303,1
2763,2956,1
2763,3023,1
2763,2673,1
2763,2912,1
2763,2915,1
2763,2839,1
2763,3294,1
2763,2761,1
2763,3228,1
2763,2931,1
2763,2864,1
2763,2681,1
2763,2862,1
2763,3052,1
2763,3315,1
2763,3220,1
2763,3414,1
2662,3206,1
2662,2830,1
2662,2753,1
2662,3027,1
2662,3154,1
2662,3177,1
2662,3002,1
2662,2737,1
2662,3274,1
2662,2728,1
2662,3192,1
2662,3168,1
2662,2804,1
2662,3162,1
2662,2984,1
3206,3076,1
3206,3344,1
3206,2973,1
3206,3201,1
3206,2719,1
3206,3188,1
3206,3146,1
3206,3070,1
3206,2970,1
3206,2937,1
3206,2984,1
3206,2853,1
3206,2674,1
3176,3168,1
3176,2834,1
3176,3103,1
3176,3161,1
3176,2713,1
3176,3356,1
3176,3295,1
3176,3223,1
3176,3241,1
3176,3002,1
3176,3162,1
3176,2728,1
3201,1642,1
3201,2712,1
3201,3261,1
3201,2796,1
3201,2720,1
3201,3146,1
3201,3113,1
3201,3265,1
3201,3272,1
3201,3188,1
3201,2770,1
3201,2781,1
3201,3378,1
3201,3076,1
3201,3172,1
3201,3179,1
3201,3330,1
3201,2674,1
3201,3017,1
3201,2979,1
3201,3344,1
3201,2719,1
3201,2853,1
3201,3381,1
3201,2970,1
3201,2973,1
3201,3020,1
3201,2937,1
3201,3070,1
3201,2996,1
3114,2726,1
3114,3400,1
3114,3166,1
3114,2956,1
3114,3036,1
3114,2663,1
3114,3435,1
3114,2743,1
3114,2806,1
3114,3137,1
3114,2851,1
3114,3362,1
3114,3123,1
3114,2915,1
3114,3084,1
3114,2981,1
3114,2873,1
2726,3229,1
2726,2899,1
2726,2851,1
2726,2663,1
2726,2837,1
2726,3137,1
2953,2915,1
2953,2873,1
2953,3014,1
2953,2988,1
2953,3052,1
2953,2912,1
2953,2741,1
2953,3362,1
2953,3238,1
2953,3435,1
2953,2969,1
2953,3084,1
3330,3038,1
3330,3199,1
3330,2970,1
3330,2973,1
3330,2770,1
3330,3369,1
3330,3344,1
3330,2932,1
3330,2853,1
3330,2719,1
3330,3337,1
3330,3070,1
3330,3146,1
3330,2758,1
3330,2702,1
3330,3422,1
3330,2674,1
3330,2996,1
3330,3381,1
3330,3017,1
3330,3259,1
3330,3224,1
3330,3358,1
3330,3196,1
3330,3219,1
3330,3404,1
3330,3211,1
3137,3348,1
3137,2873,1
3137,3010,1
3137,2981,1
3137,3080,1
3137,3166,1
3137,2931,1
3137,2663,1
3137,3229,1
3137,3084,1
3137,2851,1
3137,3228,1
3137,2915,1
3137,2993,1
3137,3123,1
3137,3158,1
3137,3387,1
3137,3036,1
3137,3400,1
3328,3144,1
3328,2965,1
3328,990,1
3328,3272,1
3328,3369,1
3328,2819,1
3328,3017,1
3328,2700,1
3328,3157,1
3144,3162,1
3144,3431,1
3144,3235,1
3144,3255,1
3144,2950,1
3144,2876,1
3369,3099,1
3369,3341,1
3369,3259,1
3369,2938,1
3369,2744,1
3369,3187,1
3369,3110,1
3369,3255,1
3369,3205,1
3369,3337,1
3369,3196,1
3369,2932,1
3369,3395,1
3369,3365,1
3369,3264,1
3369,2816,1
3369,3219,1
3369,2758,1
3369,3189,1
3369,3358,1
3079,2701,1
3079,1505,1
3079,3160,1
3079,3076,1
3079,3258,1
3079,2797,1
3079,2823,1
3079,3011,1
3079,2684,1
3079,2733,1
3079,2672,1
3079,2719,1
3079,3067,1
3079,2958,1
3079,3172,1
3079,2753,1
3079,3179,1
3079,3034,1
3079,2937,1
2719,3274,2
2719,2720,1
2719,3100,2
2719,3422,1
2719,2753,1
2719,2707,2
2719,2672,1
2719,2796,1
2719,3367,1
2719,3381,2
2719,2701,1
2719,2785,1
2719,2973,1
2719,3261,1
2719,3017,1
2719,3258,1
2719,3179,1
2719,2823,1
2719,3378,2
2719,3111,1
2719,2976,1
2719,2797,1
2719,3344,1
2719,2881,1
2719,3076,1
2719,2853,2
2719,3113,1
2719,3281,1
2719,3172,1
2719,2937,1
3403,3148,1
3403,2768,1
3403,3027,1
3403,3089,1
3403,3034,1
3403,3111,1
3403,3002,1
3403,3196,1
3403,2823,1
3403,3261,1
3403,3072,1
3403,2976,1
3403,2845,1
3403,3395,1
3403,3110,1
3403,3422,1
3403,3076,1
3403,3172,1
3403,3245,1
3403,2812,1
3403,3017,1
3044,2884,1
3273,2728,1
3273,3295,1
3273,3001,1
3273,3177,1
3273,2775,1
3273,2812,1
3273,2995,1
3273,2881,1
3273,2962,1
3273,2947,1
3273,3168,1
3273,2737,1
3273,3133,1
3273,3373,1
3273,3002,1
3273,3162,1
2728,2990,1
2728,2830,1
2728,3359,1
2728,3410,1
2728,3295,1
2728,3241,1
2728,3103,1
2728,3154,1
2728,3007,1
2728,2713,1
2728,3371,1
2728,3279,1
2728,3002,1
2728,3168,1
2728,3379,1
2728,3162,1
2728,3356,1
2728,3171,1
2864,3387,1
2864,2911,1
2864,3004,1
2864,2850,1
2864,3362,1
2864,3250,1
2864,2969,1
2864,3348,1
2864,2956,1
2864,3284,1
2864,3363,1
2864,2839,1
2864,3433,1
2864,2896,1
2864,2867,1
2864,2669,1
2864,2915,1
2864,2862,1
2864,2664,1
2864,2673,1
2864,3135,1
2864,2745,1
2864,2746,1
2864,2681,1
3387,3014,1
3387,2745,1
3387,2969,1
3387,2866,1
3387,2993,1
3387,3163,1
3387,2705,1
3387,2974,1
3387,2911,1
3387,2815,1
3387,2867,1
3387,2862,1
3387,3435,1
3387,3052,1
3387,2669,1
3387,2761,1
3387,2874,1
3387,3084,1
3387,3362,1
3387,3142,1
3387,3036,1
3387,3390,1
3387,3348,1
3387,2956,1
3387,3238,1
3387,2681,1
3387,2873,1
3387,3284,1
3387,3363,1
3387,2839,1
3387,2664,1
3387,3195,1
3387,3250,1
3237,2891,1
3237,2839,1
3237,3284,1
3237,2669,1
3237,2806,1
3237,3052,1
3237,3092,1
3237,2759,1
3237,2761,1
3237,3303,1
3237,2745,1
3237,3390,1
3237,3315,1
3014,2912,1
3014,2806,1
3014,2873,1
3014,2915,1
3014,3303,1
3014,3362,1
3014,2977,1
3014,2956,1
3014,3084,1
3014,3052,1
3014,2681,1
3014,2862,1
3014,2993,1
3219,3337,1
3219,2758,1
3219,3379,1
3219,3409,1
3219,3395,1
3219,3341,1
3219,3365,1
3219,3340,1
3219,3404,1
3219,3255,1
3219,3189,1
3219,3140,1
3219,2932,1
3219,3259,1
3219,2686,1
3219,2950,1
3219,3062,1
3219,2784,1
3219,3111,1
3219,2702,1
3076,2672,1
3076,3258,1
3076,3422,1
3076,2950,1
3076,2684,1
3076,3381,1
3076,2823,1
3076,2733,1
3076,2796,1
3076,3172,1
3076,2937,1
3076,2881,1
3076,2976,1
3076,3274,1
3076,2781,1
3076,3017,1
3076,3281,1
3076,3111,1
3076,3011,1
3076,3199,1
3076,2845,1
3076,3367,1
3076,2958,1
3076,3179,1
3076,3002,1
3076,2797,1
3076,2720,1
3076,3313,1
3076,2701,1
3076,3113,1
3076,3378,1
3076,3261,1
3076,3272,1
3076,3279,1
2720,3344,1
2720,2937,1
2720,3002,1
2720,3089,1
2720,2973,1
2720,3140,1
2720,3038,1
2720,2984,1
2720,3070,1
2720,3017,1
2720,2868,1
2720,2753,1
2720,3224,1
2720,3154,1
2720,2859,1
2720,3160,1
2720,2932,1
3344,2976,1
3344,2674,1
3344,3146,1
3344,2753,1
3344,3154,1
3344,2853,1
3344,3160,1
3344,2970,1
3344,3089,1
3344,3224,1
3344,3070,1
3344,3038,1
3344,2973,1
3344,3007,1
3344,3393,1
3344,2713,1
3348,2839,1
3348,3238,1
3348,3228,1
3348,2912,1
3348,2896,1
3348,2969,1
3348,2850,1
3348,2664,1
3348,2873,1
3348,2866,1
3348,3363,1
3348,3195,1
3348,3435,1
3348,3158,1
3348,3129,1
3348,2911,1
3348,3284,1
3348,2669,1
3348,3052,1
3348,2851,1
2741,2839,1
2741,2931,1
2741,2806,1
2741,2915,1
2741,3433,1
2741,2743,1
2741,2896,1
2741,2874,1
2741,2862,1
2741,3315,1
2741,2969,1
2741,2766,1
2741,2867,1
2741,3084,1
2741,2924,1
2741,2873,1
2741,2681,1
2741,3220,1
2741,2993,1
2741,2988,1
2741,3228,1
2741,2977,1
2741,2956,1
2741,3238,1
2839,3414,1
2839,3195,1
2839,3023,1
2839,3163,1
2839,2681,1
2839,2974,1
2839,3142,1
2839,3238,1
2839,2746,1
2839,2912,1
2839,2862,1
2839,3304,1
2839,2745,1
2839,3213,1
2839,3158,1
2839,3004,1
2839,2664,1
2839,3433,1
2839,2924,1
2839,2743,1
2839,3284,1
2839,2806,1
2839,2866,1
2839,2911,1
2839,2969,1
2839,2705,1
2839,3228,1
2839,2810,1
2839,2867,1
2839,3250,1
2839,2896,1
2839,2761,1
2839,3363,1
2839,2669,1
2839,3202,1
2839,3362,1
2839,2981,1
2839,2956,1
2839,3052,1
2839,2815,1
2839,2695,1
2839,3220,1
2839,2967,1
2839,2673,1
2839,3135,1
2810,3084,1
2810,3220,1
2810,3362,1
2810,3135,1
2810,3363,1
2810,3213,1
2810,3158,1
2810,2743,1
2810,2766,1
2810,2974,1
2810,3163,1
2810,2874,1
2810,3123,1
2810,3433,1
2810,2867,1
2810,3023,1
2810,2873,1
2810,2988,1
2911,3228,1
2911,3195,1
2911,2873,1
2911,2815,1
2911,2974,1
2911,2866,1
2911,3004,1
2911,3284,1
2911,2956,1
2911,2912,1
2911,2850,1
2911,3363,1
2911,3202,1
2911,3250,1
2911,2669,1
3414,3363,1
3414,2673,1
3414,2761,1
3414,3023,1
3414,2806,1
3259,3189,1
3259,3081,1
3259,2784,1
3259,2841,1
3259,2921,1
3259,3276,1
3259,3032,1
3259,2735,1
3259,2686,1
3259,3365,1
3259,3404,1
3259,3199,1
3259,2950,1
3259,3337,1
3259,2758,1
3259,3395,1
3189,2950,1
3189,3395,1
3189,2702,1
3189,2932,1
3189,2686,1
3189,3067,1
3189,3111,1
2745,2664,1
2745,3284,1
2745,3010,1
2745,3143,1
2745,3080,1
2745,3153,1
2745,3004,1
2745,2669,1
2745,2866,1
2853,3070,1
2853,2674,1
2853,2770,1
2853,3265,1
2853,3146,1
2853,3381,2
2853,3113,1
2853,2781,1
2853,2712,1
2853,2796,1
3158,3123,1
3158,3433,1
3158,3363,1
3158,3135,1
3158,3238,1
3158,2867,1
3158,3195,1
3158,3220,1
3158,2981,1
3158,2974,1
3158,3166,1
3158,3163,1
3158,2873,1
3158,2988,1
3158,2743,1
3158,2993,1
3158,2915,1
3158,2874,1
3158,3084,1
3123,2993,1
3123,2981,1
3123,2956,1
3123,3084,1
3123,2988,1
3123,2873,1
3123,2807,1
3123,3166,1
3123,3036,1
3123,3135,1
3123,3400,1
3295,3001,1
3295,2682,1
3295,2696,1
3295,3177,1
3295,3154,1
3295,3334,1
3295,3168,1
3295,3100,1
3295,2820,1
3295,2962,1
3295,3002,1
3295,2775,1
3295,2934,1
3295,2958,1
3295,3186,1
3295,3356,1
3295,3246,1
3295,2870,1
3295,3159,1
3295,3162,1
3295,3062,1
3295,2845,1
3001,2820,1
3001,3154,1
3001,3062,1
3001,3223,1
3001,3245,1
3001,2682,1
3001,3356,1
3001,2696,1
3001,3168,1
3001,2962,1
3001,2958,1
3001,3246,1
3001,2870,1
3001,2947,1
3001,2775,1
3001,3373,1
3001,2934,1
3001,3159,1
3001,3162,1
3075,2921,1
3075,3313,1
3075,3323,1
3075,2686,1
3075,2825,1
3075,2753,1
3075,2934,1
3075,3357,1
3075,3038,1
3075,2950,1
3075,2859,1
3075,2735,1
3075,2858,1
3075,3097,1
2921,3034,1
2921,2825,1
2921,3221,1
2921,3002,1
2921,2768,1
2921,2858,1
2921,2796,1
2921,3017,1
2921,2984,1
2921,2942,1
2820,2696,1
2820,3246,1
2820,2962,1
2820,3190,1
2820,2870,1
2820,3275,1
2820,2934,1
2820,2759,1
2896,2931,1
2896,3435,1
2896,2969,1
2896,3363,1
2896,3304,1
2896,3129,1
2896,2850,1
2896,3436,1
2896,2705,1
2896,2743,1
2896,3228,1
2896,3284,1
2896,2669,1
2988,2873,1
2988,3433,1
2988,3400,1
2988,3135,1
2988,2874,1
2988,3036,1
2988,3166,1
2988,3084,1
2988,2743,1
2988,2915,1
2988,3142,1
2988,2956,1
2988,2664,1
2988,2924,1
2988,2862,1
2873,3435,1
2873,3052,1
2873,3362,1
2873,2663,1
2873,3433,1
2873,3238,1
2873,2931,1
2873,2874,1
2873,2956,1
2873,3166,1
2873,2915,1
2873,2993,1
2873,2977,1
2873,3129,1
2873,3084,1
2873,2866,1
2873,2862,1
2702,2686,1
2702,2859,1
2702,3027,1
2702,3395,1
2702,3323,1
2702,3337,1
2702,3275,2
2702,2954,1
2702,3211,1
2702,3034,1
2702,2668,2
2702,3341,1
2874,3363,1
2874,3238,1
2874,3084,1
2874,3135,1
2874,2743,1
2874,2915,1
2874,2669,1
2874,3400,1
2874,2862,1
2874,3435,1
2874,3284,1
2874,2977,1
2874,2705,1
2874,3433,1
2874,2924,1
3013,2687,1
3013,3212,1
3013,3194,1
3013,2914,1
3013,3188,1
3013,3209,1
3013,2785,1
3013,3109,1
3013,3352,1
3013,3175,1
3013,3041,1
3013,3260,1
2687,2914,1
2687,3212,1
2687,3038,1
2687,3194,1
2687,3209,1
2687,2785,1
2687,3089,1
3099,3242,1
3099,3349,1
3099,2784,1
3099,2868,1
3099,3329,1
3242,3329,1
3242,2868,1
3242,3148,1
3242,3205,1
3242,2768,1
3242,3274,1
3242,2965,1
3138,3110,1
3138,2727,1
3138,2709,1
3138,2785,1
3138,3048,1
3138,2668,1
3138,3081,1
3138,3279,1
3138,3211,1
3162,2900,1
3162,3154,1
3162,3168,1
3162,2775,1
3162,3359,1
3162,3379,1
3162,3113,1
3162,3100,1
3162,2947,1
3162,2965,1
3162,3255,1
3162,3002,1
3162,2779,1
3162,2811,1
3162,3069,1
3162,3334,1
3162,2692,1
3162,3177,1
3162,3062,1
3162,3356,1
3162,2758,1
2923,2677,1
2923,3265,1
2923,3020,1
2923,2858,1
2677,3103,1
2677,3020,1
2677,1758,1
2677,1171,1
2677,2971,1
2677,1642,1
2677,3375,1
3379,3002,1
3379,3154,1
3379,2830,1
3379,3140,1
3379,3168,1
2759,3213,1
2759,3303,1
2759,2961,1
2759,2836,1
2759,3383,1
2759,3202,1
2759,2812,1
2759,2866,1
2759,3041,1
3278,1534,1
3278,3205,1
3278,3222,1
3278,1666,1
3278,1450,1
3278,2883,1
3278,2822,1
3278,1656,1
3278,3245,1
3278,990,1
3278,2693,1
3278,1505,1
1534,1758,1
1534,990,1
1534,3265,1
1534,1642,1
1534,1450,1
1534,2822,1
1534,1171,1
1534,1505,1
1534,2693,1
1534,3245,1
1534,3222,1
1534,107,1
1534,1666,1
1534,2979,1
1534,2883,1
2851,3130,1
2851,3300,1
2851,3229,1
2851,2710,1
2851,2663,1
2851,3084,1
2938,2932,1
2938,2965,1
2938,1642,1
2938,2707,1
2938,3341,1
2938,3062,1
3113,3323,1
3113,3261,1
3113,3027,1
3113,2672,1
3113,3002,1
3113,2950,1
3113,2781,1
3113,2796,1
3113,2674,1
3113,3272,1
3113,3378,1
3113,3179,1
3113,2751,1
3113,3148,1
3113,2881,1
3113,3381,1
3378,3111,1
3378,2753,1
3378,2823,1
3378,2796,1
3378,2937,1
3378,3261,1
3378,3199,1
3378,2797,1
3378,3148,1
3378,3272,1
3378,3140,1
3378,2965,1
3378,3281,1
3378,2881,1
3378,3381,2
3378,3172,1
3378,2976,1
3378,3017,1
3378,3112,1
2866,2669,1
2866,2993,1
2866,3195,1
2866,3250,1
2866,3284,1
2866,3390,1
2866,3304,1
2866,2664,1
2866,2912,1
2866,2891,1
2866,3363,1
2866,2956,1
2866,2867,1
2866,2746,1
2866,2917,1
2866,2915,1
2866,2815,1
2866,3084,1
2866,3142,1
2760,2790,1
2760,3222,1
2760,1505,1
2760,3432,1
2760,990,1
2760,2678,1
2790,2848,1
2867,2931,1
2867,3433,1
2867,2695,1
2867,3004,1
2867,3195,1
2867,2974,1
2867,3363,1
2867,2850,1
2867,2669,1
2867,3023,1
2867,2806,1
2867,2743,1
2867,3213,1
2867,2917,1
2867,2915,1
2867,2705,1
2834,3423,1
2834,3318,1
2834,2670,1
2834,2703,1
2834,2972,1
2834,3325,1
2834,3283,1
3423,3318,1
3423,3283,1
3423,2959,1
3423,2982,1
3423,2670,1
3423,3325,1
3423,3008,1
3423,2879,1
3423,3314,1
3423,2889,1
3423,2703,1
3423,2972,1
3423,3309,1
3423,3382,1
2891,3303,1
2891,2806,1
2891,3052,1
2891,3142,1
2870,3246,1
2870,3017,1
2870,2696,1
2870,3154,1
2870,3359,1
2870,3186,1
2870,3275,1
2870,3002,1
2870,2990,1
2870,2934,1
2870,3177,1
3246,3275,1
3246,2696,1
3246,2934,1
3246,3186,1
3246,2950,1
2912,3142,1
2912,2815,1
2912,2664,1
2912,3250,1
2912,3363,1
2912,2806,1
2912,2669,1
2912,2862,1
2912,3004,1
2912,2956,1
2912,2673,1
2956,3362,1
2956,3363,1
2956,3195,1
2956,2924,1
2956,2981,1
2956,3400,1
2956,3433,1
2956,2915,1
2956,3220,1
2956,2969,1
2956,2862,1
2956,2669,1
2956,3435,1
2956,3166,1
2956,3238,1
2956,2993,1
2956,2681,1
2956,3084,1
2956,2977,1
3241,2990,1
3241,3223,1
3241,3007,1
3241,2713,1
3241,3410,1
3241,3177,1
3241,3371,1
3241,3103,1
3363,3036,1
3363,2850,1
3363,2915,1
3363,2933,1
3363,3228,1
3363,2967,1
3363,3220,1
3363,2806,1
3363,2664,1
3363,3142,1
3363,3433,1
3363,2746,1
3363,2705,1
3363,3004,1
3363,2681,1
3363,2981,1
3363,2862,1
3363,3023,1
3363,3195,1
3363,3135,1
3363,2673,1
3363,2669,1
3363,3250,1
3363,3129,1
3363,2815,1
3363,3284,1
3363,2974,1
3363,3080,1
3363,3362,1
3363,2743,1
3363,3213,1
3315,2761,1
3315,3052,1
3315,3294,1
3315,3362,1
3315,3303,1
3017,3367,1
3017,2881,1
3017,2819,1
3017,3276,1
3017,3422,1
3017,3027,1
3017,2976,1
3017,3340,1
3017,3172,1
3017,2796,1
3017,2895,1
3017,3093,1
3017,2674,1
3017,3111,1
3017,3274,1
3017,2768,1
3017,3281,1
3017,3038,1
3017,3261,1
3017,3192,1
3017,3258,1
3017,2751,1
3017,3224,1
3172,3112,1
3172,2823,1
3172,3274,1
3172,2976,1
3172,3272,1
3172,3258,1
3172,2881,1
3172,3179,1
3172,3313,1
3172,2845,1
3172,3261,1
3172,3422,1
3172,3111,1
3172,3199,1
3172,2937,1
3172,2796,1
3172,2950,1
3172,2684,1
3172,3381,1
3172,2733,1
3112,3422,1
3112,2881,1
2883,3258,1
2883,1656,1
2883,1505,1
2883,990,1
2883,3223,1
2883,1666,1
2669,3129,1
2669,2974,1
2669,2969,1
2669,3362,1
2669,3142,1
2669,2705,1
2669,3284,1
2669,3390,1
2669,3084,1
2669,3004,1
2669,3228,1
2669,2850,1
2669,2664,1
2669,3274,1
2669,2761,1
2831,3393,1
2831,2747,1
2831,2822,1
2831,2996,1
2831,3365,1
2831,3326,1
2831,3312,1
3326,2781,1
3326,3395,1
3326,3279,1
3326,3027,1
3326,3393,1
3326,3041,1
3326,3151,1
2781,3027,1
2781,2752,1
2781,3100,1
2781,3261,1
2781,2836,1
2781,3221,1
2781,3179,1
2781,2707,1
2781,2796,1
2781,3151,1
2781,3157,1
2781,3148,1
2781,2672,1
2781,3381,1
2781,2958,1
2781,2674,1
3129,2977,1
3129,2705,1
3129,2681,1
3129,2807,1
3129,2931,1
3129,2917,1
3129,3436,1
3129,3435,1
3129,3228,1
3362,2915,1
3362,2664,1
3362,3092,1
3362,2974,1
3362,2931,1
3362,3004,1
3362,3052,1
3362,3084,1
3362,2862,1
3362,2809,1
3362,2993,1
3362,2761,1
3362,3433,1
3362,3390,1
3362,3435,1
3362,3294,1
3362,2969,1
3362,3220,1
3223,3410,1
3223,3154,1
3223,3371,1
3223,2713,1
3223,2984,1
3223,2973,1
2996,3341,1
2996,3027,1
2996,3038,1
2996,3140,1
2996,3431,1
2996,3190,1
2996,3224,1
2996,3097,1
2996,3275,1
2996,3279,1
2996,2848,1
2996,3196,1
2996,2819,1
2996,2735,1
3341,2859,1
3341,2819,1
3341,3027,1
3341,2785,1
3341,3140,1
3341,3190,1
3341,2668,1
3341,2758,1
3341,3002,1
3341,3081,1
3341,3359,1
2997,2933,1
2997,3368,1
2997,2949,1
2997,2935,1
2997,2983,1
2997,2805,1
2997,3081,1
2997,3012,1
2997,3072,1
2997,3063,1
2997,3155,1
2997,3020,1
2933,3368,1
2933,3072,1
2933,2949,1
2933,3012,1
2933,3063,1
2933,2935,1
2933,3020,1
2933,3066,1
2933,3028,1
2933,2983,1
2973,3212,1
2973,2753,1
2973,3089,1
2973,3041,1
2973,3070,1
2973,3146,1
2973,3160,1
2973,2976,1
2973,2768,1
2973,2937,1
2973,3422,1
2973,3038,1
2973,3154,1
3212,3072,1
3212,3089,1
3212,3038,1
3212,2785,1
3212,2868,1
3212,3058,1
3212,3109,1
3212,3194,1
3212,3188,1
3212,3209,1
2950,2712,1
2950,3261,1
2950,3258,1
2950,2976,1
2950,3070,1
2950,2791,1
2950,3357,1
2950,3395,1
2950,3272,1
2950,2686,1
3111,2958,1
3111,1666,1
3111,2932,1
3111,3274,1
3111,3100,1
3111,2686,1
3111,3261,1
3111,3224,1
3111,3422,1
3111,3279,1
3111,2881,1
3111,2796,1
3111,3395,1
3111,3157,1
3111,2976,1
1758,2825,1
1758,2979,1
1758,3432,1
1758,107,1
1758,1505,1
1758,3205,1
1758,1419,1
3218,3053,1
3218,3354,1
3218,3141,1
3218,3122,1
3218,3200,1
3218,2799,1
3218,3105,1
3218,2861,1
3053,2799,1
3053,3105,1
3053,3216,1
3053,3354,1
3053,2861,1
3053,3200,1
3053,3141,1
3053,3122,1
2758,3032,1
2758,2932,1
2758,3365,1
2758,2784,1
2758,3081,1
2758,3196,1
2758,3154,1
2758,3264,1
2758,2816,1
2758,3187,1
2758,3255,1
2672,2797,1
2672,2684,1
2672,2796,1
2672,2937,1
2672,3261,1
2672,3179,1
2672,2823,1
2672,3011,1
2672,2881,1
2672,3258,1
2672,3255,1
2672,3274,1
2672,2701,1
3261,3034,1
3261,3067,1
3261,3274,1
3261,2881,1
3261,2976,1
3261,3179,1
3261,2958,1
3261,2701,1
3261,2823,1
3261,2796,1
3261,2845,1
3261,3422,1
3261,2753,1
3318,3008,1
3318,2889,1
3318,3311,1
3318,2767,1
3318,2879,1
3318,3314,1
3318,2699,1
3318,2959,1
3318,2703,1
3318,3325,1
3318,3283,1
3318,2972,1
3318,3382,1
3318,2982,1
3318,2670,1
3318,3309,1
3318,3275,1
2700,3373,1
2700,3067,1
2700,2848,1
2700,2812,1
2700,2709,1
2700,2957,1
2700,2791,1
2700,2784,1
2700,2811,1
2700,3431,1
3100,3002,1
3100,2682,1
3100,2727,1
3100,1666,2
3100,3168,1
3100,3062,1
3100,3337,1
3100,3179,1
3100,2958,1
3100,3154,1
3100,2947,1
2815,2705,1
2815,3250,1
2815,3142,1
2815,2917,1
2815,3304,1
2815,3195,1
2815,2664,1
2815,2969,1
3266,3398,1
3266,3308,1
3266,3081,1
3266,3405,1
3266,3061,1
3398,3011,1
3398,3308,1
3398,3061,1
3398,3081,1
3398,3405,1
3435,2993,1
3435,2977,1
3435,3238,1
3435,3084,1
3435,2915,1
3435,3163,1
3435,2931,1
3435,2862,1
3435,2743,1
3222,990,1
3222,1666,1
3222,1726,1
3222,2678,1
3222,3340,1
3222,3245,1
3222,2822,1
2751,3357,1
2751,3038,1
2751,3093,1
2751,2668,1
2751,2868,1
2751,3140,1
2751,2696,1
2751,3224,1
2751,3177,1
2751,2841,1
3192,3422,1
3192,2819,1
3192,2984,1
3192,3072,1
3192,3274,1
3192,2674,1
3192,3027,1
3422,3274,1
3422,2841,1
3422,3148,1
3422,3272,1
3422,2937,1
3422,2796,1
3422,2881,1
3069,3062,1
3069,3154,1
3069,2693,1
3069,3088,1
3069,3140,1
3069,2779,1
3069,3168,1
3069,3334,1
3258,2937,1
3258,1666,1
3258,2903,1
3258,2976,1
3258,3038,1
3258,3179,1
3258,3020,1
3258,2797,1
3258,2823,1
3258,2733,1
3258,3011,1
3258,1505,1
3258,2684,1
3258,3274,1
3258,2701,1
2937,2797,1
2937,2684,1
2937,2995,1
2937,3011,1
2937,2823,1
2937,2733,1
2937,3179,1
2937,2753,1
2937,2737,1
2937,3224,1
2937,2845,1
2937,2701,1
2733,3272,1
2733,3179,1
2733,2797,1
2733,3011,1
2733,2958,1
2733,2812,1
2696,2784,1
2696,3275,1
2696,2934,1
2696,3186,1
2696,3140,1
2696,3274,1
2696,2735,1
2830,3168,1
2830,3154,1
2830,2990,1
2830,3002,1
3154,3038,1
3154,3007,1
3154,2914,1
3154,3334,1
3154,3177,1
3154,2990,1
3154,3002,1
3154,2900,1
3154,3179,1
3154,2668,1
3154,3160,1
3154,3093,1
3154,3370,1
3154,2737,1
3154,3188,1
3154,2802,1
3154,3168,1
3154,3371,1
3154,2713,1
3154,2753,1
3154,3062,1
3154,3070,1
3154,3140,1
3154,2947,1
2753,3070,1
2753,3038,1
2753,2965,1
2753,2976,1
2753,3140,1
2753,3160,1
2796,3274,1
2796,2712,1
2796,2674,1
2796,2737,1
2796,3199,1
2796,3381,1
2796,2881,1
2931,3433,1
2931,2915,1
2931,2664,1
2931,3238,1
2931,2924,1
2931,2977,1
2931,2746,1
2931,2743,1
2931,2681,1
2682,3168,1
2682,2900,1
2682,2692,1
2682,3334,1
2682,2737,1
2682,2775,1
3313,3027,1
3313,3110,1
3313,3274,1
3313,3140,1
3313,3224,1
3313,3034,1
3313,2958,1
3313,2768,1
3313,2819,1
3313,3210,1
3227,3269,1
3227,2961,1
3227,2884,1
2674,3146,1
2674,3265,1
2674,3140,1
2674,2970,1
2674,3070,1
2674,3381,1
2674,2770,1
2674,3097,1
2674,3179,1
3032,3196,1
3032,3140,1
3032,3264,1
3032,3255,1
3032,3365,1
3032,3187,1
3352,3188,1
3352,3041,1
3352,3058,1
3352,2785,1
3188,3265,1
3188,3089,1
3188,3058,1
3188,3175,1
3188,3041,1
3188,2785,1
3188,2881,1
3188,3109,1
3188,3179,1
3188,2876,1
3188,3194,1
3188,2914,1
3188,3209,1
3188,3007,1
3188,3260,1
3188,2712,1
3188,2770,1
3337,3264,1
3337,2932,1
3337,3199,1
3337,2686,1
3337,3187,1
3356,3002,1
3356,2779,1
3356,2900,1
1450,1666,1
1450,2976,1
1450,1505,1
1450,3011,1
1450,3179,1
1450,1656,1
1450,3245,1
1450,1171,1
1450,990,1
1450,1726,1
1450,107,1
3166,3036,1
3166,3135,1
3166,3163,1
3166,3084,1
3166,2993,1
3166,3400,1
3166,3238,1
3166,2977,1
3312,3034,1
3312,3365,1
3312,3151,1
3312,3393,1
3312,3171,1
3312,2747,1
3160,2976,1
3160,2737,1
3160,3089,1
3160,2958,1
3160,3011,1
3160,3186,1
1642,2693,1
1642,1171,1
1642,2903,1
1642,2822,1
1642,2941,1
1642,107,1
2993,3135,1
2993,3084,1
2993,3163,1
2993,2977,1
2993,2862,1
2993,3195,1
2993,3238,1
2806,3213,1
2806,3294,1
2806,3142,1
2806,3004,1
2806,3309,1
2806,2695,1
2806,2805,1
2806,2967,1
2806,3023,1
2806,2673,1
2806,2664,1
3213,2967,1
3213,2695,1
3213,2974,1
3213,3023,1
3213,3142,1
3213,2915,1
3213,3092,1
3213,3303,1
3213,3220,1
2770,3265,1
2770,3070,1
2770,3146,1
2848,2784,1
2848,2881,1
2848,3405,1
2848,2876,1
2848,3148,1
2848,3133,1
3004,2673,1
3004,3284,1
3004,3023,1
3004,2915,1
3004,2664,1
3004,2967,1
3300,3059,1
3300,3084,1
3300,2807,1
3300,3229,1
3300,3130,1
3300,2710,1
3300,2663,1
3300,2769,1
2969,2850,1
2969,3304,1
2969,2705,1
2969,2862,1
2969,2681,1
2969,2974,1
2969,2664,1
2969,3284,1
2969,3036,1
2969,3220,1
2969,3195,1
3135,2743,1
3135,3220,1
3135,3433,1
3146,3381,1
3146,2785,1
3146,2970,1
3146,3070,1
3146,3265,1
3146,3383,1
2862,2915,1
2862,2924,1
2862,3433,1
2862,3220,1
2862,3238,1
2862,3084,1
2862,2664,1
2862,3195,1
2862,2681,1
3070,2970,1
3070,2712,1
3070,3034,1
3070,3265,1
3070,3140,1
2915,3163,1
2915,3195,1
2915,3390,1
2915,3010,1
2915,2967,1
2915,3052,1
2915,2850,1
2915,3084,1
2915,3303,1
2915,2664,1
2915,3294,1
2915,3433,1
2915,3092,1
2915,3304,1
2915,2977,1
2915,2924,1
3180,2732,1
3180,3181,1
3180,2902,1
3180,3131,1
3180,3372,1
3180,3251,1
3180,2930,1
2732,3181,1
2732,3251,1
2732,2902,1
2732,3131,1
2732,2930,1
2732,3372,1
3365,3429,1
3365,3034,1
3365,3264,1
3365,3081,1
3365,2926,1
3365,3196,1
3365,3187,1
3365,2859,1
3365,3395,1
3365,2825,1
3365,2747,1
3365,2784,1
3365,2812,1
3365,3393,1
3365,2744,1
3365,2881,1
3365,3340,1
3400,3036,1
3400,3084,1
3400,3269,1
3400,2807,1
3400,2743,1
3400,3080,1
3400,2981,1
2819,3148,1
2819,3272,1
2819,3140,1
2819,3221,1
2819,2735,1
2819,3421,1
3309,2879,1
3309,3311,1
3309,2889,1
3309,3283,1
3309,2959,1
3309,3382,1
3309,2670,1
3309,2703,1
3309,2699,1
3309,2982,1
3309,2972,1
3309,3325,1
3309,3314,1
3309,3008,1
2879,3283,1
2879,3325,1
2879,2703,1
2879,2670,1
2879,3008,1
2879,3311,1
2879,2982,1
2879,3314,1
2879,2959,1
2879,2889,1
2879,3382,1
2879,2972,1
3418,2735,1
3418,3196,1
2967,3092,1
2967,2664,1
2967,3023,1
2967,2961,1
2967,2695,1
2967,3303,1
3092,3303,1
2673,2664,1
2673,3052,1
2673,3436,1
2673,2761,1
2673,3023,1
2785,3109,1
2785,3058,1
2785,3041,1
2785,3209,1
2785,2712,1
2785,3272,1
2785,3089,1
2785,3081,1
2785,3067,1
2785,3072,1
2785,3431,1
3027,3038,1
3027,3072,1
3027,3002,1
3027,2723,1
3027,2859,1
3027,3140,1
3027,3395,1
3027,2762,1
3027,2895,1
3027,3217,1
3027,2825,1
3027,2882,1
3027,3274,1
3027,3097,1
3027,2984,1
3171,2841,1
3171,2934,1
3171,3404,1
3171,3093,1
3171,3431,1
2841,3383,1
2841,3255,2
2841,3389,1
2841,3190,1
2841,2954,1
2841,3081,1
2841,3089,1
2841,2858,2
2841,2762,1
2841,3097,1
2841,2898,1
2841,3431,1
2841,3424,1
2841,3221,2
2841,2836,1
2962,2934,1
2962,2775,1
2962,2824,1
2962,2947,1
2962,3373,1
2962,2752,1
2962,2671,1
2962,2721,1
2962,3091,1
2934,3370,1
2934,3002,1
2934,3275,1
2934,3186,1
3023,2761,1
3023,2743,1
3023,2974,1
3023,3052,1
3023,2695,1
3433,2681,1
3433,2924,1
3433,2743,1
3433,3220,1
3433,3084,1
3433,2974,1
3433,3238,1
3195,2917,1
3195,3284,1
3195,3142,1
3195,3163,1
3195,3436,1
3195,2850,1
3195,2664,1
3195,3250,1
2816,3264,1
2816,3187,1
3220,2974,1
3220,2924,1
3220,2743,1
2974,3284,1
2974,2743,1
2974,2664,1
3228,2850,1
3228,2681,1
2735,2709,1
2735,2976,1
2735,3140,1
2735,2932,1
2735,2914,1
2709,2812,1
2709,3211,1
2709,3015,1
3002,3089,1
3002,2845,1
3002,3034,1
3002,3329,1
3002,3168,1
3002,2768,1
3002,3072,1
3002,2775,1
3002,3186,1
3002,2868,1
3002,3177,1
3002,3359,1
3002,2686,1
3002,3221,1
3002,3323,1
3002,2859,1
3002,3224,1
3002,3395,1
3002,3007,1
2965,3274,1
2965,3148,1
3390,2761,1
3390,3010,1
3390,3080,1
3390,2884,1
3084,3130,1
3084,3036,1
3084,2807,1
3084,3030,1
3084,2977,1
3084,2663,1
3084,3238,1
1505,3245,1
1505,3168,1
1505,107,1
1505,990,1
1505,1656,1
1505,2678,1
1505,3020,1
1505,1666,1
1505,2826,1
1505,3205,1
1505,3164,1
1505,3165,1
1505,3409,1
1505,2976,1
1505,3011,1
1505,3062,1
3245,1666,1
3245,990,1
3245,3205,1
3245,3161,1
3245,3011,1
3010,3317,1
3010,3388,1
3010,2837,1
3010,3269,1
3010,2769,1
3010,3036,1
3010,2807,1
3010,3030,1
3010,3080,1
3010,2809,1
1666,990,1
1666,3186,1
1666,3020,1
1666,2707,2
1666,1726,2
1666,1656,1
3080,2807,1
3080,3388,1
3080,2809,1
3080,3036,1
3080,3030,1
3080,2837,1
3080,3269,1
3080,3317,1
2712,2859,1
2712,3224,1
2712,3357,1
2712,3038,1
3373,3062,1
3373,2868,1
3373,3015,1
3265,2722,1
3265,2970,1
3265,3179,1
3164,990,1
3164,3067,1
3164,1726,1
3164,2822,1
3164,1656,1
3164,2678,1
3151,2768,1
3151,3431,1
3151,3409,1
3421,2836,1
3421,3038,1
3421,3224,1
3421,3110,1
3421,2812,1
3148,3381,1
3148,3254,1
3148,3272,1
3284,2664,1
3284,3142,1
3093,2668,1
3093,3357,1
3093,3274,1
3093,3177,1
3093,3038,1
3041,3140,1
3041,3058,1
3041,3209,1
3041,3089,1
3041,3194,1
3041,2812,1
107,1726,1
107,990,1
107,171,1
107,1656,1
107,1171,1
107,58,1
107,1419,1
1726,2678,1
1726,1656,1
1726,3179,1
1726,990,1
1726,2744,2
2681,2743,1
2681,2924,1
2746,3304,1
2746,2664,1
3142,2664,1
3142,3163,1
3142,3250,1
3008,2972,1
3008,2670,1
3008,2699,1
3008,3314,1
3008,3382,1
3008,2982,1
3008,2889,1
3008,3283,1
3008,2959,1
3008,3325,1
3008,2703,1
2958,3048,1
2958,2668,1
2958,3011,1
2958,3279,1
2958,3276,1
2958,2976,1
2958,2882,1
2958,3179,1
3130,2710,1
3130,2769,1
3130,2981,1
3130,2663,1
3130,2807,1
3393,3089,1
3393,2812,1
3393,3140,1
2707,2957,1
2707,3062,1
2707,3133,1
3036,3304,1
3036,2743,1
3036,2981,1
3036,2809,1
3272,2855,1
3272,3088,1
3272,2995,1
3272,3274,1
3272,3254,1
3272,2976,1
3272,3381,1
3272,2811,1
3272,2876,1
2932,3255,1
2932,3404,1
2932,2686,1
2932,3358,1
2932,3196,1
2932,3395,1
2932,3264,1
2932,3187,1
3255,3140,1
3255,2744,2
3255,2762,1
3255,3187,1
3255,3196,1
3255,3264,1
2850,2924,1
3181,2930,1
3181,3131,1
3181,3251,1
3181,2902,1
3181,3372,1
3179,3205,1
3179,2684,1
3179,2784,1
3179,3011,1
3179,2970,1
3179,3168,1
3179,2797,1
3179,2914,1
3179,2701,1
3179,2823,1
3179,3140,1
3052,3202,1
3052,2761,1
3052,3303,1
3052,3294,1
3052,3388,1
3034,3067,1
3034,2686,1
3034,3217,1
3034,1419,1
3034,2784,1
3034,3089,1
3034,3072,1
3034,2768,1
3034,3038,1
3274,3097,1
3274,2881,1
3274,2768,1
3274,2935,1
3274,3367,1
3274,2895,1
3274,2984,1
3274,3375,1
3274,3038,1
3274,3281,1
3264,3196,1
3264,3358,1
3264,3404,1
3264,3187,1
3264,2686,1
3196,3081,1
3196,3187,1
3196,3221,1
3196,2957,1
3196,2686,1
3196,3020,1
3196,3011,1
2930,2902,1
2930,3372,1
2930,3251,1
2930,3131,1
3011,3254,1
3011,2797,1
3011,2684,1
3011,2701,1
3011,3061,1
3011,3081,1
3011,2823,1
3011,2685,1
3011,2957,1
3097,3177,1
3097,1656,1
3097,3279,1
3097,3329,1
3097,3340,1
3097,3275,1
3097,2858,1
3097,3072,1
3097,3157,1
3097,2768,1
3177,3038,1
3177,2779,1
3177,2668,1
3177,3186,1
3177,2947,1
3177,3140,1
3177,2825,1
3177,3062,1
3177,3168,1
2941,2822,1
2941,990,1
2664,3304,1
2664,3250,1
3072,3329,1
3072,3368,1
3072,3012,1
3072,2983,1
3072,3155,1
3072,2768,1
3072,2858,1
3072,2784,1
3072,3211,1
3072,3066,1
3072,3020,1
3072,3063,1
3072,3028,1
3072,3305,1
3072,2914,1
3072,2935,1
2959,3325,1
2959,3382,1
2959,3314,1
2959,2982,1
2959,2699,1
2959,2889,1
2959,2767,1
2959,2972,1
2959,2670,1
2959,2703,1
2959,3283,1
3325,2699,1
3325,2670,1
3325,3314,1
3325,2703,1
3325,3311,1
3325,2889,1
3325,3383,1
3325,2972,1
3325,3382,1
3325,3283,1
3325,2982,1
3254,3409,1
3254,2957,1
990,1419,1
990,2822,1
990,2678,1
990,1656,1
3216,3141,1
3216,3200,1
3216,2776,1
3216,2861,1
3216,3197,1
3141,3200,1
3141,2776,1
3141,3105,1
3141,2861,1
3141,3354,1
3141,3271,1
3141,3122,1
3304,2961,1
3304,2705,1
3304,3404,1
3304,2942,1
3304,2924,1
2685,3081,1
2685,3279,1
2685,2957,1
2685,3405,1
2685,3061,1
3109,3260,1
3109,3089,1
2668,3140,1
2668,3279,1
2668,3048,1
2668,3038,1
2668,3305,1
2668,3357,1
2668,3134,1
2668,3276,1
2668,2727,1
2668,3110,1
3140,2859,1
3140,2836,1
3140,2727,1
3140,2812,1
3140,2914,1
3140,3161,1
3140,3038,1
3140,2762,1
3140,3275,1
3140,3194,1
2723,2836,1
2723,3383,1
2836,3157,1
2836,3424,1
2836,3190,1
2836,2954,1
2836,2858,1
2836,2804,1
2836,3383,1
2836,2898,1
2836,2736,1
2836,3221,1
3367,3281,1
2976,2684,1
2976,2701,1
2976,3089,1
2686,3404,1
2686,3395,1
2686,3217,1
3168,3405,1
3168,2775,1
3168,3062,1
3168,3159,1
3168,2995,1
3168,2947,1
3168,2860,1
3405,3159,1
3405,3061,1
3405,3081,1
3405,3308,1
3413,2766,1
3187,3404,1
3187,3408,1
3187,2812,1
3081,2957,1
3081,2979,1
3081,3308,1
3081,3038,1
3081,3061,1
3283,2982,1
3283,3382,1
3283,3314,1
3283,2972,1
3283,2670,1
3283,2699,1
3283,2703,1
3165,1656,1
3165,2826,1
2768,3020,1
2768,3276,1
2768,3409,1
2701,2797,1
2701,2684,1
2701,2823,1
2727,3048,1
2727,3205,1
2982,3382,1
2982,2670,1
2982,2699,1
2982,3314,1
2982,2703,1
2982,2889,1
2693,2903,1
2693,2802,1
2693,3310,1
2693,2949,1
2693,2822,1
2984,2804,1
2984,2859,1
2980,3270,1
2699,2703,1
2699,3382,1
2699,2972,1
2699,3311,1
2699,2670,1
2703,3311,1
2703,3382,1
2703,2972,1
2703,2889,1
2703,2670,1
2703,3314,1
3089,3194,1
3089,3038,1
3089,3209,1
3089,3067,1
3089,3260,1
2797,2823,1
2797,2995,1
2797,2845,1
2797,2684,1
3224,3260,1
3224,2868,1
3224,3038,1
3224,3197,1
3224,2713,1
2845,2775,1
2845,2737,1
2845,3186,1
2845,2823,1
3186,2775,1
2809,3388,1
2809,3269,1
2809,3317,1
2809,3030,1
2809,2837,1
2809,2710,1
3003,171,1
3003,2838,1
3003,58,1
171,2885,1
171,2838,1
171,2740,1
171,3290,1
171,1171,1
171,58,1
171,2704,1
2825,2868,1
2825,2942,1
2825,2744,1
2825,3431,1
2762,3275,1
2762,3329,1
2762,2744,1
2762,3279,1
2762,3221,1
3275,3020,1
3275,2784,1
3275,3190,1
3275,2889,1
3275,3221,2
3275,2858,2
3275,3359,1
2924,2743,1
2924,2766,1
2924,2705,1
3221,3383,1
3221,3389,1
3221,3190,1
3221,2954,1
2990,2713,1
2990,3007,1
3279,3432,1
3279,3395,1
3279,2914,1
3279,3305,1
3279,2954,1
3303,2961,1
3303,2761,1
3303,2695,1
3303,2798,1
3303,3294,1
3431,3329,1
3431,3157,1
3431,3048,1
3431,3211,1
3329,2868,1
3329,3409,1
3329,2784,1
3329,3349,1
3329,3211,1
3329,3015,1
3368,3020,1
3368,2983,1
3368,3028,1
3368,3063,1
3368,3155,1
3359,3103,1
3103,3410,1
3103,3371,1
3103,2713,1
3038,3395,1
3038,3197,1
3038,2713,1
3038,2914,1
3038,3209,1
3038,3260,1
3200,3122,1
3200,2799,1
3200,3354,1
3200,2861,1
3200,3105,1
3200,2857,1
3122,2861,1
3122,2799,1
3122,3105,1
3122,3354,1
3276,3048,1
3276,2914,1
3276,3340,1
3276,3205,1
3147,2774,1
3147,3055,1
2774,3055,1
2774,2817,1
2791,3088,1
2791,2812,1
2791,2876,1
2791,2975,1
3083,2983,1
3083,3126,1
3083,3128,1
3083,2949,1
3083,3020,1
3083,3066,1
3083,3322,1
2983,3020,1
2983,2935,1
2983,3155,1
2983,2805,1
2983,2949,1
2983,3063,1
2983,3128,1
2983,3012,1
2983,3028,1
2983,3066,1
3404,2942,1
3404,2858,1
2861,3354,1
2861,2799,1
2861,2776,1
2861,3271,1
3354,2799,1
3354,3105,1
2949,3066,1
2949,3155,1
2949,2935,1
2949,3012,1
2949,3336,1
2949,3126,1
2949,3020,1
2949,3063,1
2949,3322,1
2949,3310,1
2949,3028,1
2949,3128,1
3194,3175,1
3194,2914,1
3194,3209,1
3194,3260,1
3311,3382,1
3311,2670,1
3311,2889,1
3311,2972,1
3382,2889,1
3382,2670,1
3382,3314,1
3382,2972,1
2737,2684,1
2737,2775,1
2775,2684,1
2775,2995,1
2775,2947,1
2775,3062,1
2775,2881,1
3055,2817,1
2881,3007,1
2881,3133,1
2881,3015,1
2881,3395,1
2881,3199,1
2977,3238,1
3062,2947,1
3062,2995,1
3062,3395,1
3260,3209,1
2957,3061,1
2957,3308,1
2914,3209,1
2914,3409,1
2889,2670,1
2889,2972,1
2889,2858,1
2889,2767,1
2889,3155,1
2889,3314,1
3349,2784,1
3349,2868,1
2979,3409,1
2979,2714,1
2979,3340,1
2979,2826,1
2979,2784,1
3209,3058,1
3371,2713,1
3371,3007,1
3371,3410,1
2961,3294,1
3294,2761,1
2823,2684,1
2752,2812,1
3429,2926,1
3157,3067,1
3157,2998,1
3199,3358,1
3205,3020,1
3211,2784,1
3211,2826,1
2710,2663,1
2710,2807,1
2710,2769,1
2769,2807,1
3217,2895,1
2868,2859,1
3401,3376,1
3401,2926,1
3401,3338,1
3401,3427,1
3317,2837,1
3066,3336,1
3066,3128,1
3066,3155,1
3066,3126,1
3066,3322,1
3066,2935,1
3336,3128,1
3336,3322,1
3336,3126,1
2972,3314,1
2972,2670,1
2826,1171,1
2826,3340,1
2826,1656,1
1171,3290,1
3383,2954,1
3383,2858,1
3383,3190,1
3020,3063,1
3020,3340,1
3020,2935,1
3020,3012,1
2895,3358,1
2885,3290,1
2885,58,1
3061,2995,1
3061,3308,1
2663,2899,1
2663,3229,1
3229,2899,1
3229,3153,1
3007,2713,1
2671,2721,1
2671,2824,1
2671,3091,1
2721,3091,1
2721,2824,1
2784,3409,1
3121,2808,1
3121,2805,1
2837,3030,1
2837,3269,1
2837,2807,1
3410,1419,1
3410,2713,1
3128,3126,1
3128,3322,1
2935,3012,1
2935,3063,1
2824,3091,1
3314,2670,1
3314,2767,1
2858,2898,1
2670,2767,1
2799,3105,1
2898,3424,1
3155,3028,1
3155,3063,1
3155,3012,1
3376,3427,1
3376,2926,1
3376,3338,1
2902,3131,1
2902,3251,1
2954,3190,1
3126,3322,1
1419,2971,1
2926,3427,1
2926,3338,1
3251,3105,1
3251,3131,1
3251,3372,1
3105,2975,1
3105,2776,1
3012,3028,1
3012,2805,1
3372,3131,1
58,3290,1
58,2814,1
58,2838,1
3427,3338,1
3153,3143,1
2805,2922,1
2805,3028,1
3028,2922,1
3028,3063,1
2776,3271,1
3037,2691,1
3037,2792,1
2691,2792,1
3268,3407,1
3271,2788,1
