0,1,1
0,24,1
0,26,1
0,106,1
0,14,1
0,74,1
0,20,1
0,186,1
0,151,1
0,189,1
0,108,1
0,18,1
0,21,1
0,69,1
0,6,1
0,129,1
0,183,1
0,25,1
0,160,1
0,229,1
0,70,1
0,19,1
0,7,1
0,2,1
0,114,1
0,208,1
0,49,1
0,13,1
0,59,1
0,225,1
0,29,1
0,94,1
0,120,1
0,125,1
0,54,1
0,112,1
1,69,1
1,13,1
1,89,1
1,21,1
1,120,1
1,104,1
1,181,1
1,23,1
1,67,1
1,210,1
1,96,1
1,9,1
1,62,1
1,61,1
1,59,1
1,130,1
1,145,1
1,107,1
1,237,1
1,153,1
1,26,1
1,3,1
1,54,1
1,32,1
1,70,1
1,90,1
1,255,1
1,14,1
1,27,1
1,29,1
1,43,1
1,51,1
1,106,1
1,161,1
1,35,1
1,19,1
1,55,1
1,219,1
1,189,1
1,2,1
1,184,1
1,6,1
2,3,2
2,29,2
2,96,1
2,51,1
2,54,1
2,209,1
2,112,1
2,94,1
2,68,1
2,18,1
2,146,1
2,55,1
2,114,1
2,106,1
2,31,1
2,90,1
2,50,1
2,237,1
2,19,1
2,35,2
2,27,2
2,20,1
2,145,1
2,138,1
2,137,1
2,74,1
2,188,1
2,107,1
2,115,1
2,120,1
2,181,1
2,189,1
2,7,2
2,13,1
2,14,1
2,15,1
2,153,1
2,21,2
2,32,1
2,61,1
2,121,1
2,135,1
2,58,1
2,248,1
2,43,2
2,6,2
2,26,1
2,70,2
2,104,1
2,62,2
2,8,1
2,184,1
2,151,1
2,49,2
2,179,1
2,9,1
2,136,1
2,109,1
2,59,2
2,198,1
3,42,1
3,109,1
3,122,1
3,144,1
3,43,2
3,138,1
3,54,1
3,6,2
3,235,1
3,13,1
3,55,1
3,32,1
3,51,1
3,253,1
3,50,1
3,49,2
3,56,1
3,96,1
3,21,2
3,106,1
3,255,1
3,312,1
3,39,1
3,62,2
3,189,1
3,107,1
3,152,1
3,187,1
3,22,1
3,7,2
3,9,1
3,104,1
3,120,1
3,14,1
3,35,2
3,121,1
3,115,1
3,180,1
3,59,2
3,29,2
3,184,1
3,19,1
3,27,2
3,15,1
4,5,1
4,100,1
4,30,1
4,133,1
4,134,1
4,177,1
4,47,1
4,162,1
4,166,1
4,232,1
4,37,1
4,124,1
4,221,1
4,53,1
4,80,1
5,30,1
5,125,1
5,162,1
5,21,1
5,126,1
5,37,1
5,124,1
5,12,1
5,47,1
5,142,1
5,187,1
5,221,1
5,40,1
5,123,1
5,134,1
5,10,1
5,177,1
5,36,1
5,100,1
5,133,1
5,53,1
5,80,1
5,232,1
5,173,1
5,166,1
5,344,1
6,7,2
6,74,1
6,16,1
6,14,1
6,43,2
6,152,1
6,62,2
6,55,1
6,115,1
6,160,1
6,109,1
6,107,1
6,25,1
6,252,1
6,130,1
6,70,2
6,42,1
6,28,1
6,15,1
6,106,1
6,50,1
6,120,1
6,184,1
6,67,1
6,90,1
6,143,1
6,18,1
6,29,2
6,164,1
6,19,1
6,94,1
6,219,1
6,21,2
6,32,1
6,59,2
6,135,1
6,54,1
6,23,2
6,8,1
6,277,1
6,56,1
6,27,2
6,22,1
6,151,1
6,61,1
6,93,1
6,104,1
6,9,1
6,114,1
6,49,2
6,121,1
6,129,1
6,60,2
6,20,1
6,51,1
6,207,1
6,208,1
6,119,1
6,267,1
6,105,1
6,52,1
6,225,1
6,153,1
6,92,1
6,167,1
6,163,1
6,35,2
6,57,1
7,23,2
7,160,1
7,87,1
7,177,1
7,61,1
7,98,1
7,167,1
7,29,2
7,70,2
7,154,1
7,88,1
7,28,1
7,32,1
7,43,2
7,135,1
7,9,1
7,21,2
7,20,1
7,114,1
7,107,1
7,104,1
7,186,1
7,183,1
7,91,1
7,138,1
7,55,1
7,94,1
7,19,1
7,205,1
7,63,2
7,35,2
7,59,2
7,27,2
7,164,1
7,54,1
7,60,2
7,89,1
7,184,1
7,15,1
7,136,1
7,62,2
7,14,1
7,22,1
7,139,1
7,196,1
7,24,1
7,129,1
7,144,1
7,137,1
7,49,2
8,9,1
8,32,1
8,143,1
8,90,1
8,119,1
8,120,1
8,27,1
8,50,1
8,19,1
8,267,1
8,43,1
8,339,1
8,401,1
9,90,1
9,108,1
9,14,1
9,107,1
9,29,1
9,51,1
9,185,1
9,205,1
9,19,1
9,18,1
9,38,1
9,70,1
9,89,1
9,59,1
9,160,1
9,21,1
9,35,1
9,106,1
9,91,1
9,151,1
9,143,1
9,23,1
9,20,1
9,135,1
9,54,1
9,50,1
9,188,1
9,136,1
9,43,1
9,114,1
9,32,1
9,121,1
9,268,1
9,184,1
9,252,1
9,109,1
9,163,1
9,74,1
9,63,1
9,120,1
9,11,1
9,49,1
9,62,1
9,267,1
9,183,1
9,152,1
9,94,1
9,31,1
9,25,1
9,105,1
10,11,1
10,52,1
10,123,1
10,29,1
10,12,1
10,46,1
10,69,1
10,120,1
10,186,1
10,30,1
10,26,1
10,307,1
10,13,1
10,62,1
10,370,1
11,154,1
11,105,1
11,15,1
11,126,1
11,239,1
11,50,1
11,21,1
11,220,1
11,73,1
11,102,1
11,258,1
11,160,1
11,164,1
11,12,1
11,49,1
11,29,1
11,176,1
11,101,1
11,88,1
11,305,1
11,142,1
11,28,1
11,210,1
11,146,1
11,20,1
11,163,1
11,38,1
12,13,1
12,187,1
12,209,1
12,124,1
12,162,1
12,80,1
12,30,1
12,37,1
12,177,1
12,166,1
12,53,1
12,173,1
12,221,1
12,133,1
12,36,1
12,232,1
12,100,1
12,62,1
13,53,1
13,177,1
13,139,1
13,169,1
13,164,1
13,49,1
13,105,1
13,233,1
13,210,1
13,144,1
13,96,1
13,21,1
13,154,1
13,242,1
13,30,1
13,114,1
13,90,1
13,59,1
13,62,1
13,135,1
13,88,1
13,160,1
13,209,1
13,15,1
13,138,1
13,38,1
13,29,1
13,133,1
13,27,1
13,80,1
13,35,1
13,189,1
14,15,1
14,91,1
14,105,1
14,19,1
14,112,1
14,202,1
14,27,1
14,163,1
14,35,1
14,104,1
14,63,1
14,257,1
14,184,1
14,50,1
14,135,1
14,61,1
14,259,1
14,54,1
14,129,1
14,28,1
14,17,1
14,20,1
14,120,1
14,42,1
14,130,1
14,145,1
14,29,1
14,59,1
14,16,1
14,93,1
14,90,1
14,49,1
14,23,1
14,151,1
14,56,1
14,167,1
14,154,1
14,252,1
14,55,1
14,62,1
14,88,1
14,136,1
14,21,1
14,137,1
14,67,1
14,60,1
14,43,1
14,153,1
14,96,1
14,106,1
14,74,1
14,70,1
14,115,1
14,181,1
14,121,1
14,92,1
14,32,1
14,337,1
15,107,1
15,112,1
15,129,1
15,153,1
15,55,1
15,164,1
15,99,1
15,120,1
15,50,1
15,59,1
15,105,1
15,20,1
15,98,1
15,35,1
15,219,1
15,70,1
15,62,1
15,154,1
15,30,1
15,114,1
15,253,1
15,54,1
15,314,1
15,176,1
15,74,1
15,32,1
15,38,1
15,51,1
15,104,1
15,180,1
15,19,1
15,28,1
15,106,1
15,52,1
15,258,1
16,17,1
16,74,1
16,38,1
16,22,1
16,92,1
16,107,1
16,219,1
16,98,1
16,60,1
16,35,1
16,24,1
16,267,1
16,129,1
16,50,1
16,208,1
16,32,1
16,23,1
16,130,1
16,115,1
16,229,1
16,28,1
16,207,1
16,56,1
16,145,1
16,55,1
16,61,1
16,59,1
16,176,1
16,259,1
16,161,1
16,225,1
17,208,1
17,115,1
17,107,1
17,139,1
17,60,2
17,151,1
17,120,1
17,71,2
17,129,1
18,19,1
18,120,1
18,27,1
18,26,1
18,55,1
18,54,1
18,29,1
18,114,1
18,35,1
18,109,1
18,94,1
18,25,1
18,24,1
18,398,1
19,62,1
19,35,1
19,151,1
19,63,1
19,31,1
19,91,1
19,104,1
19,186,1
19,70,1
19,98,1
19,23,1
19,56,1
19,60,1
19,93,1
19,107,1
19,163,1
19,88,1
19,109,1
19,112,1
19,90,1
19,183,1
19,184,1
19,27,1
19,135,1
19,74,1
19,153,1
19,43,1
19,61,1
19,49,1
19,181,1
19,59,1
19,50,1
19,164,1
19,277,1
19,54,1
19,145,1
19,268,1
19,55,1
19,252,1
19,20,1
19,94,1
19,105,1
19,32,1
19,25,1
19,29,1
19,26,1
19,28,1
19,114,1
19,152,1
19,129,1
19,167,1
19,67,1
19,136,1
19,120,1
19,106,1
19,51,1
20,21,1
20,125,1
20,105,1
20,31,1
20,94,1
20,55,1
20,43,1
20,229,1
20,38,1
20,119,1
20,186,1
20,164,1
20,151,1
20,50,1
20,59,1
20,152,1
20,108,1
20,49,1
20,120,1
20,317,1
20,106,1
20,27,1
20,54,1
20,70,1
20,62,1
20,29,1
20,109,1
20,25,1
20,51,1
20,39,1
20,74,1
20,137,1
20,178,1
21,127,1
21,107,1
21,70,2
21,108,1
21,72,1
21,35,2
21,105,1
21,22,1
21,59,2
21,73,1
21,151,1
21,186,1
21,152,1
21,55,1
21,62,2
21,163,1
21,267,1
21,142,1
21,120,1
21,164,1
21,198,1
21,40,1
21,205,1
21,188,1
21,185,1
21,27,2
21,252,1
21,43,2
21,126,1
21,210,1
21,94,1
21,143,1
22,23,1
22,61,1
22,27,1
22,55,1
22,107,1
22,219,1
22,60,1
22,28,1
22,35,1
22,90,1
22,129,1
22,121,1
22,161,1
22,92,1
22,115,1
22,42,1
22,259,1
22,49,1
22,67,1
22,130,1
22,56,1
22,207,1
22,32,1
22,93,1
23,161,1
23,164,1
23,93,1
23,60,2
23,167,1
23,115,1
23,50,1
23,208,1
23,55,1
23,107,1
23,56,1
23,49,2
23,92,1
23,54,1
23,94,1
23,61,1
23,27,2
23,28,1
23,35,2
23,90,1
23,67,1
23,184,1
23,63,2
23,120,1
23,105,1
23,154,1
23,135,1
23,26,1
23,29,2
23,59,2
23,109,1
23,121,1
23,277,1
23,38,1
23,163,1
23,48,1
23,52,1
23,129,1
23,365,1
24,114,1
24,201,1
24,170,1
24,120,1
24,77,1
24,93,1
24,56,1
24,137,1
24,375,1
25,26,1
25,43,1
25,242,1
25,164,1
25,125,1
25,94,1
25,49,1
25,109,1
25,329,1
25,114,1
25,29,1
25,350,1
26,27,1
26,54,1
26,135,1
26,51,1
26,35,1
26,59,1
26,106,1
26,29,1
26,32,1
26,67,1
26,94,1
26,89,1
26,225,1
26,55,1
26,115,1
26,114,1
26,242,1
26,379,1
27,28,1
27,58,1
27,92,1
27,94,1
27,67,1
27,70,2
27,35,2
27,60,2
27,268,1
27,167,1
27,280,1
27,51,1
27,61,1
27,107,1
27,56,1
27,109,1
27,130,1
27,29,2
27,43,2
27,50,1
27,181,1
27,104,1
27,93,1
27,59,2
27,74,1
27,115,1
27,235,1
27,129,1
27,120,1
27,145,1
27,136,1
27,184,1
27,164,1
27,62,2
27,202,1
27,54,1
27,32,1
27,163,1
27,153,1
27,38,1
27,189,1
27,55,1
27,106,1
28,121,1
28,88,1
28,109,1
28,94,1
28,55,1
28,56,1
28,219,1
28,62,1
28,92,1
28,129,1
28,127,1
28,67,1
28,61,1
28,259,1
28,167,1
28,60,1
28,115,1
28,184,1
28,38,1
28,163,1
28,42,1
28,93,1
28,176,1
28,90,1
28,107,1
28,35,1
28,164,1
28,277,1
28,130,1
28,207,1
29,30,1
29,86,1
29,120,1
29,153,1
29,119,1
29,106,1
29,52,1
29,107,1
29,237,1
29,138,1
29,35,2
29,90,1
29,235,1
29,125,1
29,135,1
29,113,1
29,143,1
29,51,1
29,89,1
29,152,1
29,60,2
29,189,1
29,151,1
29,144,1
29,49,2
29,160,1
29,104,1
29,255,1
29,69,1
29,88,1
29,70,2
29,98,1
29,210,1
29,186,1
29,205,1
29,139,1
29,80,1
29,257,1
29,71,2
29,59,2
29,96,1
29,32,1
29,114,1
29,233,1
29,271,1
29,43,2
29,109,1
29,62,2
29,99,1
29,164,1
29,121,1
29,54,1
29,74,1
29,390,1
30,47,1
30,125,1
30,52,1
30,187,1
30,124,1
30,271,1
30,166,1
30,36,1
30,112,1
30,80,1
30,307,1
30,102,1
30,97,1
30,173,1
30,221,1
30,177,1
30,232,1
30,100,1
30,122,1
30,49,1
30,37,1
30,69,1
30,162,1
30,401,1
31,32,1
31,116,1
31,143,1
31,182,1
31,54,1
31,120,1
31,163,1
31,106,1
31,43,1
31,51,1
31,59,1
31,68,1
32,35,1
32,67,1
32,68,1
32,106,1
32,50,1
32,119,1
32,54,1
32,70,1
32,257,1
32,43,1
32,49,1
32,285,1
32,90,1
32,181,1
32,121,1
32,207,1
32,107,1
32,271,1
32,62,1
32,56,1
32,152,1
32,143,1
32,55,1
32,205,1
32,59,1
32,120,1
32,51,1
32,89,1
32,91,1
33,34,1
33,168,1
33,199,1
33,204,1
33,244,1
33,273,1
33,222,1
33,44,1
33,274,1
33,231,1
33,62,1
33,265,1
33,223,1
33,264,1
33,224,1
33,241,1
34,231,1
34,168,1
34,244,1
35,59,2
35,63,2
35,104,1
35,153,1
35,69,1
35,94,1
35,93,1
35,152,1
35,90,1
35,70,2
35,151,1
35,92,1
35,160,1
35,42,1
35,254,1
35,130,1
35,181,1
35,109,1
35,135,1
35,205,1
35,219,1
35,136,1
35,119,1
35,86,1
35,50,1
35,74,1
35,255,1
35,121,1
35,138,1
35,107,1
35,163,1
35,43,2
35,91,1
35,277,1
35,235,1
35,167,1
35,89,1
35,161,1
35,56,1
35,62,2
35,38,1
35,106,1
35,49,2
35,164,1
35,60,2
35,54,1
35,105,1
35,189,1
35,51,1
35,61,1
35,57,1
35,120,1
35,129,1
35,67,1
35,55,1
35,115,1
35,184,1
35,381,1
36,37,1
36,100,1
36,134,1
36,221,1
36,177,1
36,173,1
36,124,1
36,166,1
36,47,1
36,80,1
36,232,1
36,187,1
36,162,1
37,80,1
37,47,1
37,187,1
37,162,1
37,133,1
37,125,1
37,166,1
37,100,1
37,221,1
37,232,1
37,177,1
37,124,1
37,134,1
38,39,1
38,49,1
38,210,1
38,109,1
38,120,1
38,164,1
38,259,1
38,258,1
38,105,1
38,314,1
39,314,1
39,99,1
40,41,1
40,73,1
40,146,1
40,66,1
40,127,1
40,142,1
40,70,1
40,198,1
40,72,1
40,179,1
40,103,1
40,172,1
40,126,1
41,66,1
41,172,1
41,198,1
41,73,1
41,126,1
41,179,1
41,146,1
41,142,1
42,71,1
42,51,1
42,74,1
42,152,1
42,138,1
42,55,1
42,120,1
42,139,1
42,54,1
42,374,1
43,50,1
43,68,1
43,54,1
43,129,1
43,153,1
43,49,2
43,51,1
43,120,1
43,59,2
43,143,1
43,228,1
43,253,1
43,105,1
43,151,1
43,160,1
43,121,1
43,188,1
43,185,1
43,89,1
43,62,2
43,252,1
43,91,1
43,70,2
43,205,1
43,119,1
43,106,1
43,114,1
43,67,1
43,184,1
43,152,1
43,380,1
44,45,1
44,77,1
44,174,1
44,241,1
44,245,1
44,117,1
44,216,1
44,298,1
44,313,1
44,222,1
44,325,1
44,201,1
44,170,1
44,306,1
44,285,1
45,157,1
45,128,1
45,132,1
45,79,1
45,131,1
45,81,1
45,147,1
45,118,1
45,150,1
45,247,1
45,117,1
45,149,1
45,78,1
45,203,1
45,197,1
46,47,1
46,113,1
46,125,1
46,69,1
46,219,1
46,52,1
46,160,1
46,120,1
47,221,1
47,52,1
47,124,1
47,134,1
47,125,1
47,232,1
47,162,1
47,177,1
47,133,1
47,173,1
47,123,1
47,80,1
47,100,1
47,350,1
48,49,1
48,120,1
49,96,1
49,125,1
49,189,1
49,133,1
49,98,1
49,152,1
49,177,1
49,186,1
49,105,1
49,233,1
49,56,1
49,124,1
49,144,1
49,107,1
49,51,1
49,55,1
49,90,1
49,229,1
49,74,1
49,209,1
49,100,1
49,164,1
49,154,1
49,254,1
49,67,1
49,108,1
49,138,1
49,71,2
49,62,2
49,59,2
49,106,1
49,114,1
49,70,2
49,139,1
50,51,1
50,71,1
50,52,1
50,104,1
50,155,1
50,121,1
50,102,1
50,178,1
50,225,1
50,152,1
50,56,1
50,267,1
50,184,1
50,111,1
50,59,1
50,120,1
50,165,1
50,253,1
50,239,1
50,70,1
50,154,1
50,90,1
50,110,1
50,61,1
50,112,1
50,254,1
50,129,1
50,282,1
50,125,1
50,234,1
50,220,1
50,219,1
50,101,1
50,226,1
50,310,1
50,107,1
50,55,1
50,62,1
50,151,1
50,261,1
50,252,1
50,108,1
50,122,1
50,115,1
50,54,1
51,120,1
51,106,1
51,143,1
51,112,1
51,94,1
51,242,1
51,119,1
51,54,1
51,261,1
51,59,1
51,151,1
51,89,1
51,88,1
51,205,1
51,185,1
51,68,1
51,70,1
51,62,1
51,180,1
51,104,1
51,371,1
52,53,1
52,142,1
52,133,1
52,113,1
52,160,1
52,69,1
52,102,1
52,125,1
52,107,1
52,232,1
52,173,1
52,100,1
52,345,1
53,80,1
53,162,1
53,177,1
53,100,1
53,133,1
53,62,1
53,126,1
53,72,1
53,142,1
54,55,1
54,145,1
54,104,1
54,62,1
54,181,1
54,164,1
54,178,1
54,160,1
54,109,1
54,114,1
54,205,1
54,107,1
54,163,1
54,60,1
54,59,1
54,153,1
54,237,1
54,137,1
54,151,1
54,61,1
54,112,1
54,184,1
54,120,1
54,67,1
54,228,1
54,152,1
54,154,1
54,252,1
54,91,1
54,68,1
54,106,1
54,180,1
54,70,1
55,70,1
55,93,1
55,67,1
55,219,1
55,267,1
55,61,1
55,107,1
55,153,1
55,145,1
55,184,1
55,129,1
55,121,1
55,115,1
55,56,1
55,90,1
55,130,1
55,62,1
55,94,1
55,120,1
55,60,1
55,185,1
55,105,1
55,59,1
55,104,1
55,92,1
55,383,1
56,57,1
56,93,1
56,122,1
56,70,1
56,102,1
56,107,1
56,161,1
56,90,1
56,235,1
56,115,1
56,129,1
56,121,1
56,71,1
56,60,1
56,184,1
56,208,1
56,59,1
56,61,1
56,178,1
56,67,1
56,92,1
57,115,1
57,121,1
57,362,1
58,152,1
58,167,1
58,186,1
58,153,1
58,59,1
58,171,1
59,94,1
59,96,1
59,167,1
59,121,1
59,183,1
59,106,1
59,187,1
59,181,1
59,237,1
59,151,1
59,104,1
59,153,1
59,138,1
59,107,1
59,145,1
59,119,1
59,205,1
59,112,1
59,93,1
59,188,1
59,184,1
59,114,1
59,61,1
59,136,1
59,63,2
59,90,1
59,129,1
59,62,2
59,163,1
59,70,2
59,252,1
59,120,1
59,189,1
59,115,1
59,152,1
59,180,1
59,98,1
59,67,1
59,74,1
59,88,1
59,154,1
59,91,1
59,60,2
59,135,1
59,137,1
59,164,1
60,61,1
60,104,1
60,63,2
60,115,1
60,116,1
60,129,1
60,135,1
60,154,1
60,207,1
60,219,1
60,259,1
60,161,1
60,121,1
60,107,1
60,62,2
60,176,1
60,93,1
60,92,1
60,130,1
61,104,1
61,115,1
61,153,1
61,70,1
61,135,1
61,161,1
61,129,1
61,93,1
61,62,1
61,130,1
61,171,1
61,107,1
61,184,1
61,207,1
61,67,1
61,164,1
61,98,1
61,121,1
61,120,1
61,92,1
62,88,1
62,137,1
62,112,1
62,178,1
62,129,1
62,108,1
62,135,1
62,154,1
62,282,1
62,106,1
62,70,2
62,181,1
62,276,1
62,296,1
62,91,1
62,127,1
62,120,1
62,121,1
62,74,1
62,105,1
62,71,2
62,253,1
62,323,1
62,254,1
62,184,1
62,164,1
62,171,1
62,180,1
62,104,1
62,119,1
62,153,1
62,87,1
62,107,1
62,63,2
62,342,1
63,70,2
63,254,1
63,136,1
63,106,1
63,107,1
63,92,1
63,184,1
63,91,1
63,112,1
64,65,1
64,107,1
64,120,1
65,120,1
66,179,1
66,172,1
66,142,1
66,146,1
66,73,1
66,72,1
66,126,1
66,198,1
66,364,1
67,107,1
67,115,1
67,70,1
67,129,1
67,93,1
67,121,1
67,144,1
67,90,1
68,70,1
68,89,1
68,242,1
68,152,1
68,205,1
68,164,1
68,143,1
68,351,1
69,70,1
69,113,1
69,210,1
69,312,1
69,125,1
69,258,1
69,133,1
69,189,1
69,120,1
69,321,1
69,80,1
70,167,1
70,181,1
70,136,1
70,107,1
70,74,1
70,146,1
70,151,1
70,126,1
70,72,1
70,248,1
70,135,1
70,121,1
70,91,1
70,106,1
70,108,1
70,88,1
70,109,1
70,112,1
70,138,1
70,229,1
70,179,1
70,104,1
70,198,1
70,228,1
70,153,1
70,178,1
70,96,1
70,73,1
70,164,1
70,127,1
70,129,1
70,137,1
70,120,1
70,145,1
71,87,1
71,99,1
71,138,1
71,169,1
71,135,1
71,137,1
71,276,1
71,91,1
71,144,1
71,217,1
71,233,1
71,98,1
71,267,1
71,122,1
71,266,1
71,271,1
71,139,1
71,105,1
71,196,1
72,73,1
72,146,1
72,198,1
72,179,1
72,142,1
72,126,1
72,127,1
72,351,1
72,380,1
73,103,1
73,179,1
73,142,1
73,146,1
73,198,1
73,172,1
73,127,1
73,126,1
74,138,1
74,152,1
74,164,1
74,120,1
74,186,1
74,180,1
74,112,1
74,91,1
74,258,1
74,225,1
74,165,1
74,105,1
74,153,1
74,228,1
74,209,1
74,106,1
74,104,1
74,90,1
74,184,1
74,229,1
75,76,1
75,206,1
75,218,1
75,213,1
75,95,1
75,214,1
75,230,1
75,266,1
75,293,1
75,383,1
76,95,1
76,218,1
76,206,1
76,214,1
76,213,1
76,293,1
76,230,1
76,343,1
76,387,1
77,120,1
77,137,1
77,201,1
77,170,1
78,79,1
78,158,1
78,117,1
78,150,1
78,290,1
78,118,1
78,132,1
78,157,1
78,147,1
78,247,1
78,128,1
78,369,1
79,148,1
79,212,1
79,128,1
79,132,1
79,204,1
79,156,1
79,150,1
79,278,1
79,157,1
79,281,1
79,118,1
79,316,1
79,279,1
79,82,1
79,131,1
79,197,1
79,147,1
79,149,1
79,81,1
79,203,1
79,290,1
79,247,1
79,117,1
80,162,1
80,173,1
80,166,1
80,177,1
80,232,1
80,98,1
80,133,1
80,221,1
80,254,1
80,100,1
80,124,1
80,134,1
81,82,1
81,132,1
81,148,1
81,204,1
81,247,1
81,156,1
81,147,1
81,157,1
81,150,1
81,270,1
81,85,1
81,131,1
81,174,1
81,149,1
82,85,1
82,128,1
82,157,1
82,197,1
82,281,1
82,150,1
82,118,1
82,247,1
82,156,1
82,203,1
82,132,1
82,149,1
83,84,1
83,174,1
83,164,1
83,333,1
84,174,1
85,197,1
85,128,1
85,149,1
85,118,1
85,203,1
87,137,1
87,196,1
87,217,1
87,139,1
87,276,1
87,105,1
87,98,1
88,135,1
88,137,1
88,106,1
88,144,1
88,107,1
88,202,1
88,139,1
88,233,1
88,138,1
88,276,1
88,91,1
88,136,1
88,366,1
89,107,1
90,220,1
90,153,1
90,93,1
90,112,1
90,91,1
90,107,1
91,184,1
91,145,1
91,254,1
91,164,1
91,228,1
91,106,1
91,107,1
91,310,1
91,282,1
91,225,1
91,136,1
91,333,1
92,93,1
92,121,1
92,161,1
92,129,1
92,107,1
92,154,1
92,130,1
92,115,1
92,258,1
93,164,1
93,171,1
93,107,1
93,277,1
93,219,1
93,121,1
93,129,1
93,115,1
93,112,1
93,346,1
94,114,1
94,163,1
94,186,1
94,99,1
94,185,1
94,178,1
94,105,1
94,120,1
94,164,1
95,206,1
95,218,1
95,230,1
95,214,1
95,213,1
95,293,1
96,127,1
96,106,1
96,210,1
96,115,1
96,189,1
96,237,1
97,98,1
97,254,1
97,164,1
97,221,1
97,122,1
97,366,1
97,372,1
98,164,1
98,106,1
98,120,1
98,109,1
98,104,1
98,254,1
98,276,1
98,105,1
98,184,1
98,112,1
98,209,1
98,235,1
99,210,1
99,112,1
99,139,1
100,166,1
100,124,1
100,177,1
100,134,1
100,173,1
100,221,1
100,162,1
100,232,1
100,340,1
101,102,1
101,154,1
102,125,1
103,127,1
103,142,1
103,198,1
103,126,1
103,179,1
103,146,1
104,219,1
104,189,1
104,154,1
104,267,1
104,106,1
104,107,1
104,310,1
104,153,1
104,268,1
104,137,1
104,208,1
104,282,1
104,129,1
104,151,1
105,180,1
105,120,1
105,114,1
105,163,1
105,137,1
105,185,1
105,139,1
105,253,1
105,235,1
105,217,1
105,233,1
105,109,1
105,184,1
105,112,1
105,335,1
106,135,1
106,136,1
106,180,1
106,184,1
106,137,1
106,153,1
106,189,1
106,237,1
106,151,1
106,164,1
106,145,1
106,107,1
107,120,1
107,130,1
107,135,1
107,181,1
107,151,1
107,219,1
107,202,1
107,207,1
107,115,1
107,121,1
107,153,1
107,282,1
107,184,1
107,259,1
107,164,1
107,154,1
108,186,1
108,183,1
108,267,1
108,120,1
108,178,1
108,337,1
109,114,1
109,120,1
109,167,1
109,164,1
109,277,1
109,163,1
110,111,1
110,155,1
110,220,1
110,234,1
110,261,1
111,154,1
111,234,1
111,261,1
111,155,1
111,220,1
112,171,1
113,271,1
113,125,1
114,115,1
114,242,1
114,164,1
114,267,1
114,120,1
114,160,1
114,154,1
115,176,1
115,184,1
115,207,1
115,129,1
115,225,1
115,145,1
115,130,1
115,151,1
115,208,1
115,121,1
115,181,1
115,267,1
116,120,1
116,182,1
117,118,1
117,132,1
117,157,1
117,149,1
117,290,1
117,131,1
117,247,1
117,150,1
117,128,1
117,147,1
118,149,1
118,128,1
118,150,1
118,157,1
118,197,1
118,247,1
118,132,1
118,359,1
119,120,1
119,152,1
119,121,1
120,124,1
120,186,1
120,153,1
120,267,1
120,183,1
120,163,1
120,151,1
120,184,1
120,152,1
120,321,1
120,201,1
120,164,1
120,178,1
120,252,1
120,137,1
120,170,1
120,219,1
120,255,1
120,144,1
121,130,1
121,145,1
121,208,1
121,184,1
121,129,1
121,228,1
122,282,1
122,138,1
122,267,1
122,367,1
123,124,1
123,133,1
123,142,1
123,393,1
124,173,1
124,133,1
124,142,1
124,162,1
124,232,1
124,221,1
124,134,1
124,177,1
124,166,1
125,162,1
126,127,1
126,146,1
126,142,1
126,198,1
126,172,1
126,179,1
126,377,1
127,146,1
127,198,1
127,142,1
127,376,1
128,149,1
128,132,1
128,203,1
128,150,1
128,197,1
128,157,1
129,267,1
129,130,1
130,257,1
130,207,1
130,362,1
131,132,1
131,158,1
131,147,1
131,247,1
131,156,1
131,204,1
131,148,1
131,150,1
132,149,1
132,147,1
132,203,1
132,150,1
132,247,1
132,148,1
132,157,1
132,197,1
132,156,1
133,134,1
133,173,1
133,142,1
133,221,1
133,166,1
133,232,1
133,162,1
133,177,1
133,227,1
134,177,1
134,221,1
134,162,1
134,232,1
134,209,1
134,166,1
135,233,1
135,185,1
135,178,1
135,208,1
135,389,1
136,184,1
137,170,1
137,201,1
137,202,1
137,217,1
137,139,1
138,139,1
138,165,1
138,188,1
138,233,1
138,154,1
138,296,1
138,144,1
139,144,1
139,217,1
139,276,1
139,169,1
139,196,1
139,233,1
139,382,1
140,141,1
141,211,1
141,322,1
142,172,1
142,198,1
142,179,1
142,146,1
143,188,1
143,185,1
143,205,1
143,373,1
144,233,1
144,169,1
144,403,1
145,153,1
145,225,1
145,181,1
146,179,1
146,198,1
146,172,1
147,148,1
147,150,1
147,247,1
147,375,1
148,150,1
148,240,1
148,156,1
148,270,1
148,247,1
148,158,1
148,246,1
148,159,1
148,212,1
148,260,1
149,150,1
149,156,1
149,197,1
149,203,1
149,281,1
149,204,1
149,247,1
149,157,1
150,197,1
150,204,1
150,157,1
150,278,1
150,247,1
150,279,1
150,211,1
151,152,1
151,154,1
152,181,1
152,276,1
152,252,1
152,267,1
153,189,1
153,184,1
153,225,1
153,237,1
153,268,1
153,181,1
153,167,1
154,219,1
154,256,1
154,276,1
154,220,1
154,169,1
155,251,1
155,220,1
155,234,1
155,238,1
156,200,1
156,260,1
156,158,1
156,281,1
156,247,1
156,246,1
157,290,1
157,247,1
157,158,1
158,159,1
158,290,1
158,246,1
158,240,1
158,247,1
158,260,1
158,212,1
159,240,1
159,260,1
159,246,1
160,189,1
160,210,1
160,219,1
161,313,1
161,386,1
162,232,1
162,187,1
162,173,1
162,166,1
162,177,1
162,221,1
163,164,1
163,228,1
163,184,1
163,277,1
163,167,1
163,254,1
164,277,1
164,314,1
164,259,1
164,167,1
164,254,1
164,186,1
164,185,1
164,184,1
164,355,1
166,177,1
166,173,1
166,187,1
166,221,1
166,232,1
167,268,1
167,277,1
167,358,1
168,231,1
168,265,1
168,244,1
168,264,1
168,222,1
168,275,1
168,241,1
170,201,1
171,254,1
172,198,1
172,179,1
173,177,1
173,187,1
173,221,1
174,175,1
174,247,1
174,284,1
174,324,1
176,219,1
176,259,1
177,187,1
177,232,1
177,221,1
177,226,1
177,356,1
178,229,1
178,186,1
178,228,1
178,183,1
178,365,1
179,198,1
182,374,1
183,229,1
183,360,1
184,254,1
184,282,1
184,267,1
184,228,1
184,229,1
184,372,1
185,186,1
185,268,1
185,188,1
185,205,1
186,268,1
187,232,1
187,371,1
188,268,1
188,209,1
188,248,1
189,237,1
189,255,1
189,254,1
189,210,1
190,191,1
191,239,1
191,392,1
192,193,1
192,286,1
192,204,1
193,204,1
196,217,1
196,276,1
199,222,1
199,274,1
199,224,1
199,241,1
199,223,1
202,259,1
203,378,1
204,286,1
204,311,1
204,270,1
204,301,1
204,241,1
204,250,1
204,247,1
204,378,1
205,338,1
205,403,1
206,218,1
206,214,1
206,213,1
206,293,1
206,230,1
206,395,1
208,282,1
208,242,1
208,396,1
209,248,1
209,232,1
209,233,1
209,326,1
210,309,1
211,327,1
211,330,1
212,247,1
212,289,1
212,240,1
212,260,1
213,214,1
213,230,1
213,293,1
213,218,1
214,266,1
214,218,1
214,230,1
214,293,1
214,349,1
215,216,1
215,236,1
215,243,1
215,263,1
215,269,1
215,262,1
215,283,1
215,385,1
216,243,1
216,236,1
218,230,1
218,293,1
219,282,1
219,346,1
220,261,1
220,226,1
220,234,1
221,232,1
222,223,1
222,275,1
222,274,1
222,224,1
222,264,1
222,231,1
222,241,1
222,244,1
223,224,1
223,241,1
223,274,1
224,241,1
226,227,1
226,261,1
226,358,1
227,331,1
227,304,1
227,305,1
227,363,1
228,229,1
229,309,1
230,293,1
231,244,1
231,274,1
231,241,1
231,275,1
231,264,1
231,265,1
233,276,1
234,261,1
235,388,1
236,269,1
236,262,1
236,243,1
236,283,1
236,263,1
237,255,1
237,254,1
237,386,1
238,239,1
238,251,1
239,261,1
240,246,1
240,260,1
241,264,1
241,244,1
241,274,1
241,275,1
241,265,1
242,298,1
242,384,1
243,283,1
243,263,1
243,262,1
243,269,1
243,348,1
244,275,1
244,274,1
244,264,1
244,332,1
244,273,1
245,283,1
245,347,1
246,260,1
246,247,1
247,290,1
247,260,1
247,281,1
249,250,1
249,308,1
249,301,1
249,315,1
249,295,1
250,301,1
250,294,1
250,295,1
250,315,1
250,308,1
256,328,1
256,377,1
258,259,1
259,297,1
259,361,1
260,368,1
261,354,1
262,263,1
264,265,1
264,274,1
264,275,1
265,361,1
266,293,1
267,282,1
267,310,1
269,367,1
270,335,1
271,272,1
271,309,1
271,354,1
273,364,1
276,355,1
278,279,1
278,357,1
279,389,1
280,349,1
284,320,1
284,382,1
285,292,1
289,370,1
292,306,1
293,345,1
294,295,1
294,301,1
295,301,1
295,308,1
296,297,1
296,373,1
298,310,1
301,315,1
301,308,1
302,303,1
302,387,1
304,305,1
304,319,1
308,315,1
308,353,1
309,352,1
312,336,1
314,323,1
315,318,1
316,363,1
317,400,1
320,324,1
325,352,1
325,385,1
333,366,1
333,391,1
334,366,1
335,366,1
336,366,1
337,366,1
338,366,1
338,392,1
339,366,1
340,366,1
341,366,1
341,342,1
342,366,1
343,366,1
344,366,1
345,366,1
346,366,1
347,366,1
348,366,1
349,366,1
350,366,1
351,366,1
351,396,1
352,366,1
353,366,1
354,366,1
355,366,1
356,366,1
357,366,1
358,366,1
359,366,1
360,366,1
360,390,1
361,366,1
362,366,1
363,366,1
364,366,1
365,366,1
366,368,1
367,403,1
368,403,1
369,403,1
370,403,1
371,403,1
372,403,1
373,403,1
374,403,1
375,403,1
376,403,1
377,403,1
378,403,1
379,403,1
380,403,1
381,403,1
382,403,1
383,403,1
384,403,1
385,403,1
386,403,1
387,403,1
388,403,1
389,403,1
390,403,1
391,403,1
392,403,1
393,403,1
394,403,1
395,403,1
396,403,1
397,403,1
398,403,1
399,403,1
400,403,1
401,403,1
402,403,1
