31
41
46
54
64
68
70
71
84
124
136
140
141
143
146
149
152
153
176
182
183
238
246
299
300
330
333
334
354
356
362
371
396
410
411
430
460
466
470
500
506
523
525
533
554
572
612
682
721
723
725
726
742
744
745
1053
