10000,4725,1
10000,4732,1
4725,6805,1
4725,7523,2
4725,7524,1
4725,7673,1
4725,9352,1
4725,9356,1
4725,9368,1
4725,9599,2
4725,9601,1
4725,9614,1
4725,9618,2
4725,9997,2
4725,10006,1
4725,3549,2
4725,2497,2
4725,2516,2
4725,701,2
4725,1239,1
4725,3356,1
4725,715,1
4725,2503,1
4725,4682,1
4725,4692,1
4725,4711,1
4725,2512,1
4725,4722,1
4725,4723,1
6805,3561,1
6805,2548,1
6805,4513,1
6805,5459,1
6805,702,1
6805,3257,1
6805,1755,1
6805,3300,1
6805,5409,1
6805,3333,1
6805,1299,1
6805,6878,1
6805,8297,1
6805,9018,1
6805,9057,1
6805,9181,1
6805,12680,1
6805,12916,1
6805,15622,1
6805,15748,1
6805,15779,1
6805,5413,1
6805,5579,1
7523,2514,1
7524,4680,1
7524,2516,1
7524,7501,1
7673,3549,1
7673,4682,1
9352,4716,1
9356,4732,1
9356,7501,1
9368,4732,1
9368,7516,1
9599,2915,1
9601,4732,1
9614,7679,1
9618,7522,1
9997,7518,2
10006,4716,1
4732,4983,1
4732,7690,2
4732,9354,2
4732,9357,1
4732,9380,1
4732,10001,1
4732,10002,2
4732,10003,2
4732,10004,2
4732,10011,2
4732,10019,2
4732,17514,1
4732,2516,2
4732,4719,1
4983,3758,1
4983,1849,1
4983,2856,1
4983,1760,1
4983,5466,1
4983,8551,1
7690,2521,1
7690,9350,1
9354,7518,2
9357,2497,1
9380,2497,1
10001,4680,1
10002,7518,2
10003,7518,2
10011,7518,2
10019,7518,2
17514,4694,1
4680,7526,1
4680,2497,1
4680,2516,1
4680,2915,1
7526,3561,1
7526,6461,1
7518,9351,1
7518,9363,2
7518,9613,1
7518,9615,2
7518,3549,2
7518,4694,2
7518,2497,2
7518,2516,2
7518,2512,1
9351,4694,1
9351,4713,1
9351,4703,1
9613,4694,1
9615,4703,1
4716,6461,1
4716,7512,2
4716,7514,1
4716,9359,2
4716,9602,2
4716,9671,1
4716,9999,2
4716,10009,1
4716,10018,2
4716,2497,2
4716,703,2
4716,151,1
4716,4709,1
4716,4683,1
4716,4711,1
6461,3549,1
6461,2914,1
6461,2497,1
6461,2516,1
6461,4648,1
6461,4657,1
6461,1221,1
6461,6453,1
6461,701,1
6461,4766,1
6461,3786,1
6461,3561,1
6461,4786,1
6461,1239,1
6461,4775,1
6461,2828,1
6461,6517,1
6461,6555,1
6461,6596,1
6461,6623,1
6461,6650,1
6461,6667,1
6461,6675,1
6461,6705,1
6461,6725,1
6461,6774,1
6461,6830,1
6461,6847,1
6461,6936,1
6461,6939,1
6461,7010,1
6461,7018,1
6461,7086,1
6461,7093,1
6461,7168,1
6461,7252,1
6461,7380,1
6461,7390,1
6461,7397,1
6461,7473,1
6461,7515,1
6461,7545,1
6461,7637,1
6461,7657,1
6461,7691,1
6461,7735,1
6461,7782,1
6461,7783,1
6461,7784,1
6461,7811,1
6461,7938,1
6461,7961,1
6461,8001,1
6461,8068,1
6461,8070,1
6461,8121,1
6461,8220,1
6461,8245,1
6461,8297,1
6461,8319,1
6461,8339,1
6461,8366,1
6461,8387,1
6461,8426,1
6461,8437,1
6461,8477,1
6461,8582,1
6461,8586,1
6461,8607,1
6461,8642,1
6461,8743,1
6461,8851,1
6461,8871,1
6461,8918,1
6461,8943,1
6461,8954,1
6461,8957,1
6461,8977,1
6461,9057,1
6461,9143,1
6461,9161,1
6461,9277,1
6461,9318,1
6461,9448,1
6461,9603,1
6461,9611,1
6461,9671,1
6461,9680,1
6461,9836,1
6461,9848,1
6461,9902,1
6461,10245,1
6461,10323,1
6461,10355,1
6461,10467,1
6461,10530,1
6461,10538,1
6461,10627,1
6461,10811,1
6461,10993,1
6461,11042,1
6461,11189,1
6461,11267,1
6461,11285,1
6461,11388,1
6461,11414,1
6461,11466,1
6461,11517,1
6461,11545,1
6461,11551,1
6461,11563,1
6461,11604,1
6461,11643,1
6461,11908,1
6461,12008,1
6461,12076,1
6461,12077,1
6461,12188,1
6461,12277,1
6461,12306,1
6461,12560,1
6461,12568,1
6461,12612,1
6461,12621,1
6461,12656,1
6461,12787,1
6461,12859,1
6461,13026,1
6461,13064,1
6461,13127,1
6461,13129,1
6461,13197,1
6461,13213,1
6461,13276,1
6461,13446,1
6461,13577,1
6461,13646,1
6461,13694,1
6461,13861,1
6461,13867,1
6461,14038,1
6461,14608,1
6461,14654,1
6461,14659,1
6461,14668,1
6461,14673,1
6461,14679,1
6461,14700,1
6461,14891,1
6461,14923,1
6461,15021,1
6461,15143,1
6461,15169,1
6461,15226,1
6461,15324,1
6461,15353,1
6461,15362,1
6461,15452,1
6461,15522,1
6461,15737,1
6461,15860,1
6461,16237,1
6461,16334,1
6461,16491,1
6461,16575,1
6461,16625,1
6461,16631,1
6461,16668,1
6461,16696,1
6461,16858,1
6461,16870,1
6461,16947,1
6461,17025,1
6461,17035,1
6461,17043,1
6461,17175,1
6461,17204,1
6461,17388,1
6461,17403,1
6461,18520,1
6461,18590,1
6461,18649,1
6461,18793,1
6461,18810,1
6461,18820,1
6461,19669,1
6461,19826,1
6461,19864,1
6461,1,1
6461,3356,1
6461,1784,1
6461,4926,1
6461,5511,1
6461,4969,1
6461,1740,1
6461,2548,1
6461,715,1
6461,4006,1
6461,3741,1
6461,293,1
6461,2685,1
6461,6395,1
6461,4513,1
6461,5459,1
6461,1668,1
6461,226,1
6461,6259,1
6461,2551,1
6461,5056,1
6461,6432,1
6461,5400,1
6461,3257,1
6461,286,1
6461,1755,1
6461,1280,1
6461,1691,1
6461,6325,1
6461,3066,1
6461,5409,1
6461,5549,1
6461,3333,1
6461,5089,1
6461,680,1
6461,1299,1
6461,2686,1
6461,5551,1
6461,5595,1
6461,5669,1
6461,2856,1
6461,5413,1
6461,3344,1
6461,4319,1
6461,6163,1
6461,6316,1
6461,3720,1
6461,5631,1
6461,2529,1
6461,33,1
6461,2500,1
6461,2519,1
6461,2818,1
6461,3557,1
6461,3832,1
6461,4664,1
6461,4689,1
6461,4854,1
6461,752,1
6461,5081,1
6461,5552,1
6461,5557,1
6461,5670,1
6461,3734,1
6461,5687,1
6461,6123,1
6461,4778,1
6461,6248,1
6461,6368,1
6461,6379,1
6461,6413,1
6461,6440,1
6461,3925,1
6461,4780,1
7514,3549,1
7514,2516,1
7514,7516,1
7514,7670,1
7514,7679,1
7514,17519,1
7514,2521,1
9359,4713,1
9602,4713,1
9671,2497,1
10009,17509,1
10009,4694,1
3549,3557,1
3549,3561,2
3549,3563,1
3549,3742,1
3549,3786,2
3549,3846,1
3549,3900,1
3549,3914,1
3549,3931,1
3549,3967,1
3549,3976,2
3549,4006,1
3549,4039,1
3549,4183,1
3549,4200,1
3549,4211,2
3549,4230,1
3549,4258,1
3549,4323,1
3549,4355,1
3549,4436,1
3549,4492,1
3549,4513,1
3549,4550,1
3549,4565,1
3549,4637,2
3549,4648,2
3549,4675,1
3549,4678,1
3549,4685,1
3549,4693,1
3549,4755,2
3549,4766,2
3549,5000,1
3549,5033,1
3549,5097,1
3549,5401,1
3549,5430,1
3549,5459,1
3549,5511,1
3549,5650,1
3549,5651,1
3549,5668,1
3549,5684,1
3549,5705,1
3549,5727,2
3549,5738,1
3549,6066,1
3549,6079,1
3549,6095,1
3549,6123,1
3549,6140,1
3549,6172,1
3549,6220,1
3549,6221,1
3549,6259,1
3549,6325,1
3549,6347,1
3549,6358,1
3549,6371,1
3549,6395,1
3549,6402,1
3549,6427,1
3549,6453,2
3549,6467,1
3549,6469,1
3549,6484,1
3549,6555,1
3549,6576,1
3549,6716,1
3549,6762,1
3549,6785,1
3549,6841,1
3549,6950,2
3549,6954,1
3549,6967,1
3549,6993,1
3549,6999,1
3549,7010,1
3549,7018,1
3549,7055,1
3549,7091,1
3549,7138,1
3549,7141,1
3549,7170,1
3549,7176,1
3549,7194,1
3549,7232,1
3549,7296,1
3549,7321,1
3549,7351,2
3549,7473,2
3549,7503,2
3549,7683,1
3549,7686,1
3549,7770,1
3549,7837,1
3549,7883,2
3549,7908,1
3549,7911,1
3549,7922,1
3549,7930,1
3549,7936,1
3549,7960,1
3549,7976,1
3549,8001,1
3549,8002,1
3549,8011,1
3549,8057,1
3549,8070,1
3549,8120,1
3549,8259,1
3549,8297,1
3549,8327,1
3549,8723,1
3549,8731,1
3549,8881,1
3549,9057,1
3549,9145,1
3549,9167,1
3549,9211,2
3549,9304,1
3549,9370,1
3549,9595,1
3549,9603,1
3549,9607,2
3549,9609,1
3549,9610,2
3549,9680,1
3549,9824,1
3549,10007,2
3549,10240,1
3549,10265,1
3549,10310,1
3549,10325,1
3549,10381,1
3549,10487,1
3549,10514,1
3549,10627,1
3549,10663,1
3549,10673,1
3549,10732,1
3549,10759,1
3549,10860,1
3549,10910,1
3549,10911,1
3549,10913,1
3549,11022,1
3549,11023,1
3549,11042,1
3549,11135,1
3549,11162,1
3549,11192,1
3549,11206,1
3549,11220,1
3549,11325,1
3549,11333,1
3549,11378,2
3549,11388,1
3549,11443,1
3549,11456,1
3549,11480,2
3549,11588,1
3549,11638,1
3549,11656,1
3549,11669,1
3549,11674,1
3549,11680,1
3549,11711,1
3549,11731,1
3549,11767,2
3549,11783,2
3549,11803,2
3549,11841,1
3549,11880,1
3549,11881,1
3549,11899,1
3549,11913,1
3549,11935,1
3549,11992,1
3549,12012,2
3549,12050,1
3549,12077,1
3549,12092,1
3549,12114,1
3549,12117,1
3549,12156,1
3549,12158,1
3549,12220,1
3549,12235,2
3549,12236,1
3549,12731,1
3549,12781,1
3549,12956,1
3549,13003,1
3549,13009,1
3549,13108,2
3549,13129,1
3549,13163,2
3549,13207,2
3549,13219,1
3549,13328,1
3549,13344,1
3549,13345,1
3549,13405,1
3549,13423,1
3549,13468,2
3549,13525,1
3549,13526,1
3549,13543,1
3549,13549,1
3549,13609,1
3549,13627,1
3549,13629,2
3549,13646,1
3549,13703,1
3549,13721,2
3549,13724,1
3549,13734,1
3549,13744,2
3549,13768,1
3549,13853,1
3549,13890,1
3549,13912,1
3549,13955,1
3549,13956,2
3549,13957,1
3549,13982,2
3549,13985,1
3549,14001,1
3549,14051,1
3549,14061,1
3549,14095,2
3549,14167,1
3549,14184,1
3549,14201,1
3549,14203,1
3549,14242,1
3549,14252,2
3549,14281,1
3549,14294,1
3549,14310,1
3549,14320,1
3549,14323,1
3549,14345,1
3549,14349,2
3549,14361,1
3549,14413,2
3549,14446,1
3549,14466,1
3549,14471,1
3549,14494,1
3549,14501,1
3549,14569,2
3549,14592,2
3549,14614,1
3549,14642,1
3549,14671,1
3549,14673,1
3549,14677,1
3549,14719,2
3549,14741,1
3549,14742,1
3549,14744,1
3549,14745,1
3549,14757,1
3549,14785,1
3549,14846,1
3549,14869,1
3549,14895,1
3549,14917,2
3549,14936,2
3549,14963,1
3549,14971,1
3549,14986,1
3549,14991,2
3549,15043,1
3549,15077,1
3549,15079,1
3549,15111,1
3549,15143,1
3549,15169,1
3549,15217,1
3549,15270,1
3549,15285,1
3549,15286,1
3549,15289,2
3549,15300,2
3549,15310,1
3549,15331,1
3549,15347,2
3549,15504,1
3549,15516,2
3549,15664,2
3549,15862,1
3549,15872,2
3549,15878,2
3549,15936,2
3549,16392,1
3549,16395,1
3549,16396,2
3549,16399,1
3549,16405,2
3549,16412,1
3549,16429,1
3549,16455,1
3549,16474,1
3549,16502,2
3549,16508,1
3549,16540,1
3549,16544,2
3549,16561,1
3549,16595,1
3549,16647,1
3549,16676,1
3549,16682,1
3549,16713,1
3549,16734,2
3549,16739,1
3549,16779,1
3549,16808,1
3549,16809,1
3549,16842,1
3549,16869,1
3549,16912,1
3549,16918,1
3549,16922,1
3549,16948,1
3549,16993,2
3549,17034,1
3549,17088,1
3549,17093,2
3549,17143,2
3549,17184,2
3549,17201,1
3549,17239,1
3549,17256,1
3549,17301,2
3549,17311,1
3549,17358,1
3549,17382,1
3549,17388,1
3549,17506,1
3549,18439,2
3549,18447,1
3549,18448,2
3549,18591,1
3549,18614,1
3549,18640,2
3549,18665,1
3549,18692,1
3549,18712,1
3549,18742,2
3549,18754,1
3549,18786,1
3549,18803,1
3549,18809,2
3549,18910,1
3549,18950,1
3549,18992,2
3549,18994,1
3549,18995,1
3549,18996,1
3549,19012,1
3549,19082,1
3549,19087,1
3549,19187,1
3549,19193,1
3549,19202,1
3549,19358,1
3549,19379,2
3549,19381,1
3549,19458,1
3549,19504,2
3549,19535,2
3549,19540,2
3549,19609,2
3549,19642,1
3549,19764,1
3549,19770,1
3549,19897,2
3549,19934,2
3549,2914,2
3549,2497,2
3549,2516,2
3549,701,2
3549,1239,1
3549,2828,1
3549,1,1
3549,209,1
3549,577,1
3549,3356,1
3549,1784,1
3549,1740,1
3549,2548,1
3549,103,1
3549,174,1
3549,293,1
3549,2685,1
3549,1668,1
3549,2551,1
3549,600,1
3549,683,1
3549,714,1
3549,3257,1
3549,3491,1
3549,2041,1
3549,3407,1
3549,1833,1
3549,2510,1
3549,3320,1
3549,3292,1
3549,3300,1
3549,3303,1
3549,6,1
3549,3463,1
3549,20,1
3549,2711,1
3549,2381,1
3549,33,1
3549,2518,1
3549,2527,1
3549,2534,1
3549,1932,1
3549,3043,1
3549,3512,1
3557,701,1
3557,2828,1
3557,2548,1
3557,715,1
3557,6453,1
3557,6596,1
3561,2914,2
3561,2497,2
3561,1221,2
3561,701,2
3561,2514,1
3561,3563,1
3561,3564,1
3561,3578,1
3561,3599,1
3561,3614,1
3561,3700,1
3561,3701,1
3561,3703,1
3561,3790,1
3561,3801,1
3561,3814,1
3561,3831,1
3561,3833,1
3561,3846,1
3561,3908,1
3561,3914,1
3561,3932,1
3561,3967,1
3561,3994,1
3561,3998,1
3561,4006,1
3561,4043,1
3561,4057,1
3561,4134,1
3561,4181,1
3561,4200,1
3561,4208,1
3561,4261,1
3561,4271,1
3561,4278,1
3561,4279,1
3561,4281,1
3561,4293,1
3561,4373,1
3561,4393,1
3561,4436,1
3561,4449,1
3561,4513,1
3561,4540,1
3561,4544,1
3561,4565,1
3561,4568,1
3561,4574,1
3561,4609,1
3561,4637,2
3561,4651,2
3561,4670,2
3561,4694,2
3561,4750,2
3561,4755,2
3561,4761,1
3561,4765,1
3561,4788,1
3561,4799,1
3561,4908,1
3561,4947,1
3561,5000,1
3561,5006,1
3561,5024,1
3561,5049,1
3561,5051,1
3561,5054,1
3561,5056,1
3561,5078,1
3561,5093,1
3561,5097,1
3561,5378,1
3561,5391,1
3561,5394,1
3561,5400,1
3561,5416,1
3561,5466,1
3561,5486,1
3561,5511,1
3561,5536,1
3561,5551,1
3561,5594,1
3561,5639,1
3561,5650,1
3561,5651,1
3561,5652,1
3561,5662,1
3561,5668,1
3561,5683,1
3561,5696,1
3561,5713,1
3561,5736,1
3561,5742,1
3561,5760,1
3561,5779,1
3561,5784,1
3561,6061,1
3561,6076,1
3561,6079,1
3561,6081,1
3561,6082,1
3561,6113,1
3561,6118,1
3561,6123,1
3561,6127,1
3561,6128,1
3561,6163,1
3561,6172,1
3561,6195,1
3561,6221,1
3561,6245,1
3561,6259,1
3561,6296,1
3561,6307,1
3561,6309,1
3561,6311,1
3561,6312,1
3561,6337,1
3561,6347,1
3561,6359,1
3561,6373,1
3561,6423,1
3561,6432,1
3561,6436,1
3561,6440,1
3561,6456,1
3561,6467,1
3561,6469,1
3561,6480,1
3561,6482,1
3561,6494,1
3561,6503,1
3561,6504,1
3561,6507,1
3561,6535,1
3561,6542,1
3561,6553,1
3561,6581,1
3561,6587,1
3561,6594,1
3561,6597,1
3561,6600,1
3561,6612,1
3561,6630,1
3561,6639,1
3561,6641,1
3561,6648,1
3561,6660,1
3561,6678,1
3561,6696,1
3561,6697,1
3561,6730,1
3561,6813,1
3561,6846,1
3561,6849,1
3561,6893,1
3561,6943,1
3561,6947,1
3561,6977,1
3561,6993,1
3561,6994,1
3561,7004,1
3561,7011,1
3561,7018,1
3561,7024,1
3561,7035,1
3561,7065,1
3561,7068,1
3561,7087,1
3561,7088,1
3561,7105,1
3561,7127,1
3561,7133,1
3561,7137,1
3561,7146,1
3561,7148,1
3561,7153,1
3561,7180,1
3561,7183,1
3561,7194,1
3561,7207,1
3561,7217,1
3561,7232,1
3561,7234,1
3561,7253,1
3561,7261,1
3561,7265,1
3561,7283,1
3561,7310,1
3561,7312,1
3561,7324,1
3561,7349,1
3561,7368,1
3561,7371,1
3561,7381,1
3561,7435,1
3561,7452,1
3561,7462,1
3561,7474,1
3561,7633,1
3561,7726,1
3561,7757,1
3561,7759,1
3561,7782,1
3561,7786,1
3561,7820,1
3561,7835,1
3561,7844,1
3561,7851,1
3561,7853,1
3561,7867,1
3561,7881,1
3561,7902,1
3561,7909,1
3561,7911,1
3561,7933,1
3561,7949,1
3561,7951,1
3561,7955,1
3561,7960,1
3561,7963,1
3561,7977,1
3561,8000,1
3561,8011,1
3561,8022,1
3561,8025,1
3561,8047,1
3561,8057,1
3561,8058,1
3561,8070,1
3561,8074,1
3561,8077,1
3561,8080,1
3561,8081,1
3561,8085,1
3561,8105,1
3561,8117,1
3561,8133,1
3561,8134,1
3561,8143,1
3561,8153,1
3561,8195,1
3561,8210,1
3561,8297,1
3561,8301,1
3561,8342,1
3561,8400,1
3561,8476,1
3561,8524,1
3561,8657,1
3561,8680,1
3561,8760,1
3561,8843,1
3561,8903,1
3561,9052,1
3561,9116,1
3561,9198,1
3561,9238,1
3561,9334,1
3561,9471,1
3561,9623,1
3561,9658,1
3561,9680,1
3561,9751,1
3561,9910,2
3561,10100,1
3561,10248,1
3561,10249,1
3561,10269,1
3561,10292,1
3561,10295,1
3561,10300,1
3561,10317,1
3561,10319,1
3561,10334,1
3561,10346,1
3561,10353,1
3561,10358,1
3561,10361,1
3561,10395,1
3561,10408,1
3561,10416,1
3561,10464,1
3561,10471,1
3561,10484,1
3561,10514,1
3561,10516,1
3561,10517,1
3561,10521,1
3561,10545,1
3561,10559,1
3561,10563,1
3561,10585,1
3561,10588,1
3561,10599,1
3561,10632,1
3561,10650,1
3561,10660,1
3561,10661,1
3561,10664,1
3561,10667,1
3561,10685,1
3561,10690,1
3561,10694,1
3561,10696,1
3561,10718,1
3561,10727,1
3561,10738,1
3561,10756,1
3561,10759,1
3561,10796,1
3561,10804,1
3561,10813,1
3561,10818,1
3561,10840,1
3561,10844,1
3561,10850,1
3561,10857,1
3561,10910,1
3561,10911,1
3561,10912,1
3561,10913,1
3561,10926,1
3561,10930,1
3561,10942,1
3561,10966,1
3561,10980,1
3561,10981,1
3561,10984,1
3561,10989,1
3561,10994,1
3561,11003,1
3561,11005,1
3561,11006,1
3561,11012,1
3561,11033,1
3561,11038,1
3561,11056,1
3561,11061,1
3561,11073,1
3561,11134,1
3561,11139,1
3561,11163,1
3561,11168,1
3561,11183,1
3561,11189,1
3561,11190,1
3561,11192,1
3561,11217,1
3561,11227,1
3561,11228,1
3561,11233,1
3561,11238,1
3561,11246,1
3561,11247,1
3561,11248,1
3561,11252,1
3561,11255,1
3561,11269,1
3561,11270,1
3561,11277,1
3561,11280,1
3561,11288,1
3561,11299,1
3561,11300,1
3561,11301,1
3561,11302,1
3561,11304,1
3561,11305,1
3561,11306,1
3561,11329,1
3561,11334,1
3561,11341,1
3561,11343,1
3561,11351,1
3561,11354,1
3561,11357,1
3561,11379,1
3561,11381,1
3561,11404,1
3561,11413,1
3561,11418,1
3561,11421,1
3561,11422,1
3561,11423,1
3561,11426,1
3561,11427,1
3561,11440,1
3561,11472,1
3561,11491,1
3561,11492,1
3561,11504,1
3561,11507,1
3561,11517,1
3561,11524,1
3561,11527,1
3561,11529,1
3561,11533,1
3561,11548,1
3561,11549,1
3561,11554,1
3561,11556,1
3561,11579,1
3561,11588,1
3561,11589,1
3561,11598,1
3561,11611,1
3561,11612,1
3561,11613,1
3561,11615,1
3561,11618,1
3561,11622,1
3561,11648,1
3561,11657,1
3561,11678,1
3561,11692,1
3561,11701,1
3561,11702,1
3561,11707,1
3561,11709,1
3561,11712,1
3561,11713,1
3561,11717,1
3561,11722,1
3561,11732,1
3561,11739,1
3561,11740,1
3561,11743,1
3561,11746,1
3561,11754,1
3561,11770,1
3561,11778,1
3561,11779,1
3561,11792,1
3561,11810,1
3561,11819,1
3561,11822,1
3561,11830,1
3561,11833,1
3561,11848,1
3561,11853,1
3561,11854,1
3561,11855,1
3561,11857,1
3561,11870,1
3561,11881,1
3561,11883,1
3561,11895,1
3561,11897,1
3561,11900,1
3561,11904,1
3561,11905,1
3561,11906,1
3561,11907,1
3561,11908,1
3561,11924,1
3561,11931,1
3561,11935,1
3561,11953,1
3561,11955,1
3561,11961,1
3561,11963,1
3561,11966,1
3561,11968,1
3561,11970,1
3561,11976,1
3561,11977,1
3561,11986,1
3561,11987,1
3561,12017,1
3561,12020,1
3561,12022,1
3561,12033,1
3561,12042,1
3561,12044,1
3561,12053,1
3561,12057,1
3561,12065,1
3561,12067,1
3561,12076,1
3561,12103,1
3561,12105,1
3561,12111,1
3561,12112,1
3561,12116,1
3561,12124,1
3561,12132,1
3561,12133,1
3561,12159,1
3561,12178,1
3561,12179,1
3561,12180,1
3561,12181,1
3561,12182,1
3561,12191,1
3561,12192,1
3561,12195,1
3561,12198,1
3561,12202,1
3561,12222,1
3561,12223,1
3561,12224,1
3561,12229,1
3561,12236,1
3561,12243,1
3561,12260,1
3561,12270,1
3561,12271,1
3561,12272,1
3561,12274,1
3561,12281,1
3561,12282,1
3561,12283,1
3561,12287,1
3561,12297,1
3561,12541,1
3561,12573,1
3561,12976,1
3561,13186,1
3561,13329,1
3561,13336,1
3561,13341,1
3561,13343,1
3561,13345,1
3561,13346,1
3561,13350,1
3561,13367,1
3561,13376,1
3561,13390,1
3561,13399,1
3561,13403,1
3561,13406,1
3561,13419,1
3561,13427,1
3561,13433,1
3561,13434,1
3561,13439,1
3561,13445,1
3561,13458,1
3561,13463,1
3561,13473,1
3561,13488,1
3561,13491,1
3561,13497,1
3561,13502,1
3561,13513,1
3561,13537,1
3561,13539,1
3561,13551,1
3561,13552,1
3561,13559,1
3561,13565,1
3561,13574,1
3561,13601,1
3561,13607,1
3561,13615,1
3561,13645,1
3561,13646,1
3561,13685,1
3561,13700,1
3561,13718,1
3561,13731,1
3561,13733,1
3561,13756,1
3561,13762,1
3561,13772,1
3561,13778,1
3561,13781,1
3561,13782,1
3561,13786,1
3561,13789,1
3561,13790,1
3561,13792,1
3561,13802,1
3561,13805,1
3561,13823,1
3561,13824,1
3561,13832,1
3561,13860,1
3561,13866,1
3561,13888,1
3561,13892,1
3561,13984,1
3561,13986,1
3561,13989,1
3561,13994,1
3561,14041,1
3561,14046,1
3561,14054,1
3561,14060,1
3561,14062,1
3561,14103,1
3561,14128,1
3561,14132,1
3561,14136,1
3561,14146,1
3561,14155,1
3561,14180,1
3561,14217,1
3561,14238,1
3561,14255,1
3561,14260,1
3561,14265,1
3561,14268,1
3561,14309,1
3561,14311,1
3561,14341,1
3561,14374,1
3561,14391,1
3561,14407,1
3561,14416,1
3561,14419,1
3561,14425,1
3561,14436,1
3561,14461,1
3561,14469,1
3561,14498,1
3561,14499,1
3561,14510,1
3561,14532,1
3561,14559,1
3561,14567,1
3561,14576,1
3561,14598,1
3561,14631,1
3561,14634,1
3561,14636,1
3561,14646,1
3561,14667,1
3561,14684,1
3561,14685,1
3561,14686,1
3561,14688,1
3561,14691,1
3561,14713,1
3561,14716,1
3561,14733,1
3561,14742,1
3561,14743,1
3561,14744,1
3561,14745,1
3561,14748,1
3561,14750,1
3561,14755,1
3561,14770,1
3561,14790,1
3561,14791,1
3561,14798,1
3561,14835,1
3561,14838,1
3561,14843,1
3561,14849,1
3561,14852,1
3561,14858,1
3561,14869,1
3561,14873,1
3561,14900,1
3561,14906,1
3561,14925,1
3561,14935,1
3561,14950,1
3561,14962,1
3561,14976,1
3561,14980,1
3561,15018,1
3561,15019,1
3561,15026,1
3561,15059,1
3561,15065,1
3561,15081,1
3561,15088,1
3561,15142,1
3561,15144,1
3561,15176,1
3561,15195,1
3561,15229,1
3561,15235,1
3561,15245,1
3561,15262,1
3561,15263,1
3561,15314,1
3561,15327,1
3561,15412,1
3561,15421,1
3561,15484,1
3561,15635,1
3561,16115,1
3561,16398,1
3561,16400,1
3561,16470,1
3561,16475,1
3561,16477,1
3561,16481,1
3561,16485,1
3561,16513,1
3561,16530,1
3561,16542,1
3561,16553,1
3561,16556,1
3561,16566,1
3561,16567,1
3561,16568,1
3561,16587,1
3561,16603,1
3561,16620,1
3561,16659,1
3561,16676,1
3561,16684,1
3561,16688,1
3561,16695,1
3561,16699,1
3561,16709,1
3561,16718,1
3561,16763,1
3561,16768,1
3561,16778,1
3561,16787,1
3561,16804,1
3561,16818,1
3561,16838,1
3561,16842,1
3561,16852,1
3561,16892,1
3561,16900,1
3561,16901,1
3561,16915,1
3561,16922,1
3561,16931,1
3561,16933,1
3561,16942,1
3561,16950,1
3561,16981,1
3561,17070,1
3561,17071,1
3561,17128,1
3561,17130,1
3561,17132,1
3561,17138,1
3561,17149,1
3561,17151,1
3561,17158,1
3561,17162,1
3561,17173,1
3561,17190,1
3561,17198,1
3561,17209,1
3561,17244,1
3561,17267,1
3561,17273,1
3561,17279,1
3561,17281,1
3561,17332,1
3561,17362,1
3561,17366,1
3561,17385,1
3561,17495,1
3561,18453,1
3561,18469,1
3561,18503,1
3561,18591,1
3561,18611,1
3561,18612,1
3561,18710,1
3561,18800,1
3561,18805,1
3561,18815,1
3561,18816,1
3561,18843,1
3561,18847,1
3561,18943,1
3561,18978,1
3561,19009,1
3561,19015,1
3561,19024,1
3561,19029,1
3561,19030,1
3561,19071,1
3561,19072,1
3561,19138,1
3561,19169,1
3561,19175,1
3561,19197,1
3561,19202,1
3561,19208,1
3561,19211,1
3561,19212,1
3561,19235,1
3561,19255,1
3561,19325,1
3561,19336,1
3561,19354,1
3561,19362,1
3561,19384,1
3561,19430,1
3561,19511,1
3561,19523,1
3561,19552,1
3561,19613,1
3561,19619,1
3561,19634,1
3561,19655,1
3561,19739,1
3561,19749,1
3561,19765,1
3561,19776,1
3561,19833,1
3561,19837,1
3561,19860,1
3561,19863,1
3561,19879,1
3561,19955,1
3561,19976,1
3561,1239,1
3561,2828,1
3561,1,1
3561,209,1
3561,577,1
3561,3356,1
3561,2548,1
3561,297,1
3561,715,1
3561,174,1
3561,1916,1
3561,293,1
3561,2685,1
3561,1668,1
3561,1273,1
3561,2551,1
3561,2899,1
3561,600,1
3561,3404,1
3561,3491,1
3561,2041,1
3561,3407,1
3561,286,1
3561,1755,1
3561,237,1
3561,668,1
3561,1691,1
3561,1833,1
3561,3292,1
3561,3300,1
3561,3303,1
3561,568,1
3561,721,1
3561,1249,1
3561,2856,1
3561,3368,1
3561,2561,1
3561,2647,1
3561,1928,1
3561,1968,1
3561,2911,1
3561,188,1
3561,3064,1
3561,3494,1
3561,116,1
3561,1226,1
3561,1251,1
3561,167,1
3561,1906,1
3561,2035,1
3561,2707,1
3561,3081,1
3561,3392,1
3561,3503,1
3561,555,1
3563,2914,1
3563,2497,1
3563,701,1
3563,1239,1
3563,3356,1
3563,293,1
3563,2551,1
3563,3257,1
3563,2882,1
3563,6395,1
3563,6427,1
3563,7091,1
3742,701,1
3742,1239,1
3742,1,1
3742,715,1
3742,5687,1
3742,14471,1
3742,16620,1
3742,19281,1
3742,19506,1
3742,3699,1
3786,2516,2
3786,1221,2
3786,3976,2
3786,4660,2
3786,4663,1
3786,4668,2
3786,4745,2
3786,4791,1
3786,6068,2
3786,6395,1
3786,6427,1
3786,6453,2
3786,7557,2
3786,7558,2
3786,7559,2
3786,7561,2
3786,7564,2
3786,7623,2
3786,9229,1
3786,9277,1
3786,9316,1
3786,9318,1
3786,9452,2
3786,9455,2
3786,9459,2
3786,9490,2
3786,9493,1
3786,9521,2
3786,9522,2
3786,9525,2
3786,9526,1
3786,9527,2
3786,9529,1
3786,9530,2
3786,9531,1
3786,9532,2
3786,9569,2
3786,9575,2
3786,9581,1
3786,9629,2
3786,9634,2
3786,9637,2
3786,9643,2
3786,9646,2
3786,9683,2
3786,9685,1
3786,9688,2
3786,9691,2
3786,9692,2
3786,9693,1
3786,9695,2
3786,9696,2
3786,9697,2
3786,9699,1
3786,9700,2
3786,9703,1
3786,9704,1
3786,9709,1
3786,9753,2
3786,9755,2
3786,9759,1
3786,9762,2
3786,9765,2
3786,9766,2
3786,9767,2
3786,9770,1
3786,9771,2
3786,9777,2
3786,9779,2
3786,9784,2
3786,9842,2
3786,9843,2
3786,9844,2
3786,9847,2
3786,9848,1
3786,9852,1
3786,9854,2
3786,9858,2
3786,9860,2
3786,9862,1
3786,9865,2
3786,9866,2
3786,9946,2
3786,9947,2
3786,9948,2
3786,9950,2
3786,9953,1
3786,9959,1
3786,9967,1
3786,9971,2
3786,9973,2
3786,9977,2
3786,9979,2
3786,9981,1
3786,10039,2
3786,10041,2
3786,10043,2
3786,10047,1
3786,10051,2
3786,10054,2
3786,10056,2
3786,10058,2
3786,10064,2
3786,10065,2
3786,10066,2
3786,10067,2
3786,10154,2
3786,10156,2
3786,10161,1
3786,10164,1
3786,10167,2
3786,10168,1
3786,10174,2
3786,10182,2
3786,10185,1
3786,10196,2
3786,10198,1
3786,17568,2
3786,17570,2
3786,17575,2
3786,2828,1
3786,3356,1
3786,2548,1
3786,715,1
3786,2882,1
3786,3608,1
3786,1237,1
3786,3748,1
3786,3784,1
3900,1239,1
3900,1,1
3900,3967,1
3900,7018,1
3914,2914,1
3914,701,1
3914,1239,1
3914,2828,1
3914,1,1
3914,3356,1
3914,2548,1
3914,2685,1
3914,6395,1
3914,6427,1
3914,10651,1
3914,11301,1
3914,11638,1
3914,13659,1
3914,13786,1
3914,13904,1
3914,13943,1
3914,15203,1
3914,16648,1
3914,2551,1
3914,3257,1
3931,1239,1
3931,11722,1
3931,13536,1
3931,15320,1
3967,2914,1
3967,2497,1
3967,701,1
3967,1239,1
3967,2828,1
3967,1,1
3967,3356,1
3967,1740,1
3967,2548,1
3967,4006,1
3967,4195,1
3967,4197,1
3967,4198,1
3967,4259,1
3967,4513,1
3967,4766,1
3967,4996,1
3967,5003,1
3967,5041,1
3967,5056,1
3967,5088,1
3967,5670,1
3967,6129,1
3967,6132,1
3967,6140,1
3967,6354,1
3967,6395,1
3967,6453,1
3967,6468,1
3967,6508,1
3967,6565,1
3967,6774,1
3967,6942,1
3967,7018,1
3967,7104,1
3967,7128,1
3967,7203,1
3967,7213,1
3967,7280,1
3967,7474,1
3967,7750,1
3967,7809,1
3967,7829,1
3967,7956,1
3967,8001,1
3967,8082,1
3967,8092,1
3967,8709,1
3967,10310,1
3967,10440,1
3967,10470,1
3967,10530,1
3967,10627,1
3967,10633,1
3967,10750,1
3967,10784,1
3967,10811,1
3967,10839,1
3967,10848,1
3967,11174,1
3967,11216,1
3967,11251,1
3967,11563,1
3967,11643,1
3967,11669,1
3967,11686,1
3967,11695,1
3967,11697,1
3967,11778,1
3967,11886,1
3967,12008,1
3967,12076,1
3967,12125,1
3967,12137,1
3967,12157,1
3967,13362,1
3967,13426,1
3967,13446,1
3967,13512,1
3967,13577,1
3967,13646,1
3967,13748,1
3967,13890,1
3967,13910,1
3967,13912,1
3967,13917,1
3967,14081,1
3967,14245,1
3967,14451,1
3967,14480,1
3967,14506,1
3967,14526,1
3967,14542,1
3967,14545,1
3967,14673,1
3967,14747,1
3967,14870,1
3967,14914,1
3967,14916,1
3967,14919,1
3967,14922,1
3967,15001,1
3967,15041,1
3967,15096,1
3967,15128,1
3967,15169,1
3967,15217,1
3967,15226,1
3967,15250,1
3967,15266,1
3967,15318,1
3967,16417,1
3967,16484,1
3967,16639,1
3967,16650,1
3967,16669,1
3967,16792,1
3967,16840,1
3967,16922,1
3967,16930,1
3967,16970,1
3967,16991,1
3967,17012,1
3967,17014,1
3967,17060,1
3967,17092,1
3967,17110,1
3967,17155,1
3967,17186,1
3967,17201,1
3967,17308,1
3967,17314,1
3967,18451,1
3967,18507,1
3967,18521,1
3967,18542,1
3967,18554,1
3967,18702,1
3967,18716,1
3967,18730,1
3967,18740,1
3967,18746,1
3967,18784,1
3967,18807,1
3967,18811,1
3967,18850,1
3967,18916,1
3967,18994,1
3967,18995,1
3967,18996,1
3967,19041,1
3967,19078,1
3967,19179,1
3967,19545,1
3967,19700,1
3967,19701,1
3967,715,1
3967,293,1
3967,2685,1
3967,2551,1
3967,3257,1
3967,1755,1
3967,2568,1
3967,1833,1
3976,2914,2
3976,4766,2
3976,4790,2
3976,4792,1
3976,4961,2
3976,9272,1
3976,9457,2
3976,9493,1
3976,9523,1
3976,9571,2
3976,9579,1
3976,9685,1
3976,9693,1
3976,9703,1
3976,9709,1
3976,9761,2
3976,9770,1
3976,9781,1
3976,9845,2
3976,9846,1
3976,9852,1
3976,9862,1
3976,9864,1
3976,9871,1
3976,9943,1
3976,9951,1
3976,9958,1
3976,9959,1
3976,9981,1
3976,10047,1
3976,10057,2
3976,10163,2
3976,10168,1
3976,10177,1
3976,10181,2
3976,10183,1
3976,10184,2
3976,17569,1
3976,2828,1
3976,2548,1
3976,174,1
4006,2914,1
4006,701,1
4006,1239,1
4006,2828,1
4006,1,1
4006,209,1
4006,3356,1
4006,1740,1
4006,2548,1
4006,297,1
4006,174,1
4006,4200,1
4006,4323,1
4006,4355,1
4006,4436,1
4006,4513,1
4006,4544,1
4006,4565,1
4006,5696,1
4006,6079,1
4006,6112,1
4006,6172,1
4006,6259,1
4006,6300,1
4006,6971,1
4006,7018,1
4006,7170,1
4006,7922,1
4006,8918,1
4006,10437,1
4006,10522,1
4006,10759,1
4006,10811,1
4006,10978,1
4006,11170,1
4006,12076,1
4006,12083,1
4006,13321,1
4006,14386,1
4006,14387,1
4006,14824,1
4006,14873,1
4006,14940,1
4006,14941,1
4006,14947,1
4006,14948,1
4006,15138,1
4006,15192,1
4006,16660,1
4006,16830,1
4006,16984,1
4006,17309,1
4006,18679,1
4006,18747,1
4006,18864,1
4006,18905,1
4006,18915,1
4006,19151,1
4006,19590,1
4006,19962,1
4006,20020,1
4006,2637,1
4006,293,1
4006,3479,1
4006,2685,1
4006,2551,1
4006,3491,1
4006,3407,1
4006,1280,1
4006,1746,1
4006,3932,1
4039,209,1
4039,4223,1
4039,11626,1
4039,12223,1
4183,2914,1
4183,2497,1
4183,701,1
4183,2828,1
4183,3356,1
4183,1740,1
4183,2548,1
4183,293,1
4183,2685,1
4183,4355,1
4183,5621,1
4183,5686,1
4183,6395,1
4183,7996,1
4183,13858,1
4200,2914,1
4200,701,1
4200,1239,1
4200,2828,1
4200,1,1
4200,209,1
4200,3356,1
4200,1740,1
4200,2548,1
4200,174,1
4200,293,1
4200,2685,1
4200,4258,1
4200,4261,1
4200,4323,1
4200,4540,1
4200,6245,1
4200,6259,1
4200,6296,1
4200,6371,1
4200,6434,1
4200,6456,1
4200,6580,1
4200,7018,1
4200,7208,1
4200,7344,1
4200,7439,1
4200,7949,1
4200,8059,1
4200,8927,1
4200,10621,1
4200,10985,1
4200,11191,1
4200,11933,1
4200,12861,1
4200,13595,1
4200,14221,1
4200,14403,1
4200,14588,1
4200,14746,1
4200,17054,1
4200,18613,1
4200,2551,1
4200,668,1
4200,1833,1
4200,3932,1
4200,4150,1
4211,6226,1
4230,701,1
4230,5772,1
4230,6125,1
4230,6453,1
4230,6543,1
4230,7162,1
4230,7313,1
4230,7365,1
4230,7465,1
4230,7738,1
4230,8141,1
4230,8167,1
4230,10362,1
4230,10412,1
4230,10417,1
4230,10429,1
4230,10454,1
4230,10455,1
4230,10670,1
4230,10688,1
4230,10704,1
4230,10733,1
4230,10875,1
4230,10954,1
4230,11156,1
4230,11180,1
4230,11271,1
4230,11390,1
4230,11415,1
4230,11431,1
4230,11432,1
4230,11644,1
4230,11706,1
4230,11800,1
4230,11801,1
4230,11802,1
4230,11835,1
4230,11844,1
4230,11896,1
4230,11921,1
4230,11993,1
4230,12136,1
4230,12140,1
4230,13353,1
4230,13459,1
4230,13495,1
4230,13874,1
4230,14026,1
4230,14030,1
4230,14204,1
4230,14346,1
4230,14463,1
4230,14553,1
4230,14571,1
4230,14650,1
4230,14692,1
4230,14840,1
4230,14868,1
4230,15030,1
4230,15180,1
4230,15201,1
4230,15256,1
4230,16606,1
4230,16685,1
4230,16885,1
4230,16891,1
4230,17329,1
4230,18479,1
4230,18547,1
4230,18739,1
4230,19089,1
4230,19090,1
4230,4005,1
4230,279,1
4258,1239,1
4258,13370,1
4258,4167,1
4323,701,1
4323,1239,1
4323,2828,1
4323,4513,1
4323,5056,1
4323,5763,1
4323,6395,1
4323,6481,1
4323,6667,1
4323,7018,1
4323,8011,1
4323,10246,1
4323,10530,1
4323,10680,1
4323,10694,1
4323,10732,1
4323,11426,1
4323,11593,1
4323,11987,1
4323,12191,1
4323,12229,1
4323,13337,1
4323,13352,1
4323,13469,1
4323,13639,1
4323,13680,1
4323,13690,1
4323,13749,1
4323,14152,1
4323,14334,1
4323,14458,1
4323,14467,1
4323,14533,1
4323,14668,1
4323,15244,1
4323,15306,1
4323,16638,1
4323,16672,1
4323,16707,1
4323,16782,1
4323,16895,1
4323,16896,1
4323,16897,1
4323,16933,1
4323,16980,1
4323,17034,1
4323,17035,1
4323,17302,1
4323,18585,1
4323,18668,1
4323,18857,1
4323,18982,1
4323,19076,1
4323,19080,1
4323,19414,1
4323,19460,1
4323,19523,1
4323,19572,1
4323,20068,1
4323,1,1
4323,2548,1
4323,293,1
4323,3831,1
4323,3257,1
4323,3857,1
4323,4188,1
4323,3956,1
4355,701,1
4355,1239,1
4355,1,1
4355,3356,1
4355,2548,1
4355,2551,1
4355,5650,1
4355,6113,1
4355,6427,1
4355,6983,1
4355,10910,1
4436,2914,1
4436,2497,1
4436,1221,1
4436,2828,1
4436,1,1
4436,3356,1
4436,2548,1
4436,715,1
4436,293,1
4436,2685,1
4436,4513,1
4436,5056,1
4436,6395,1
4436,6667,1
4436,10683,1
4436,3257,1
4492,5650,1
4513,2914,1
4513,2497,1
4513,1221,1
4513,701,1
4513,1239,1
4513,2828,1
4513,1,1
4513,577,1
4513,3356,1
4513,1784,1
4513,2548,1
4513,715,1
4513,174,1
4513,293,1
4513,2685,1
4513,4540,1
4513,4565,1
4513,4637,1
4513,5006,1
4513,5056,1
4513,5081,1
4513,5089,1
4513,5377,1
4513,5378,1
4513,5388,1
4513,5394,1
4513,5400,1
4513,5409,1
4513,5413,1
4513,5459,1
4513,5462,1
4513,5503,1
4513,5511,1
4513,5539,1
4513,5551,1
4513,5574,1
4513,5594,1
4513,5607,1
4513,5631,1
4513,5650,1
4513,5669,1
4513,5696,1
4513,5705,1
4513,6079,1
4513,6172,1
4513,6327,1
4513,6395,1
4513,6427,1
4513,6456,1
4513,6667,1
4513,6675,1
4513,6695,1
4513,6727,1
4513,6728,1
4513,6754,1
4513,6774,1
4513,6785,1
4513,6939,1
4513,7018,1
4513,7124,1
4513,7168,1
4513,7176,1
4513,7194,1
4513,7217,1
4513,7473,1
4513,7911,1
4513,7930,1
4513,8001,1
4513,8196,1
4513,8210,1
4513,8213,1
4513,8220,1
4513,8327,1
4513,8379,1
4513,8406,1
4513,8426,1
4513,8469,1
4513,8472,1
4513,8473,1
4513,8477,1
4513,8514,1
4513,8560,1
4513,8612,1
4513,8709,1
4513,8736,1
4513,8743,1
4513,8782,1
4513,8785,1
4513,8851,1
4513,8881,1
4513,8897,1
4513,8918,1
4513,8957,1
4513,8968,1
4513,8984,1
4513,8992,1
4513,9013,1
4513,9043,1
4513,9057,1
4513,9132,1
4513,10530,1
4513,10614,1
4513,10876,1
4513,11127,1
4513,11179,1
4513,11388,1
4513,11404,1
4513,11608,1
4513,11825,1
4513,11858,1
4513,11929,1
4513,12032,1
4513,12050,1
4513,12101,1
4513,12110,1
4513,12111,1
4513,12193,1
4513,12222,1
4513,12267,1
4513,12306,1
4513,12352,1
4513,12357,1
4513,12394,1
4513,12541,1
4513,12560,1
4513,12956,1
4513,13064,1
4513,13127,1
4513,13197,1
4513,13237,1
4513,13437,1
4513,13445,1
4513,13646,1
4513,13768,1
4513,13902,1
4513,13910,1
4513,13913,1
4513,13945,1
4513,13974,1
4513,13985,1
4513,14108,1
4513,14215,1
4513,14477,1
4513,14478,1
4513,14554,1
4513,14679,1
4513,14707,1
4513,14721,1
4513,14829,1
4513,15131,1
4513,15687,1
4513,15702,1
4513,15957,1
4513,15979,1
4513,16237,1
4513,16341,1
4513,16406,1
4513,16569,1
4513,17035,1
4513,17125,1
4513,17214,1
4513,17304,1
4513,17374,1
4513,17398,1
4513,18504,1
4513,18551,1
4513,19475,1
4513,19506,1
4513,19507,1
4513,1273,1
4513,3701,1
4513,3257,1
4513,3407,1
4513,1755,1
4513,1136,1
4513,4000,1
4513,1833,1
4513,3320,1
4513,3292,1
4513,3303,1
4513,1267,1
4513,3333,1
4513,3302,1
4513,2686,1
4513,2871,1
4513,517,1
4513,3209,1
4513,2856,1
4513,3344,1
4513,2529,1
4513,2711,1
4513,3582,1
4513,3699,1
4513,4222,1
4550,1239,1
4550,2828,1
4550,1,1
4550,174,1
4550,2551,1
4550,5056,1
4550,7820,1
4550,10758,1
4550,11183,1
4550,11253,1
4550,11937,1
4550,13709,1
4550,13847,1
4550,14009,1
4550,14703,1
4550,16603,1
4550,17274,1
4550,3257,1
4550,3663,1
4565,2914,1
4565,2497,1
4565,701,1
4565,1239,1
4565,2828,1
4565,1,1
4565,3356,1
4565,2548,1
4565,4648,1
4565,4657,1
4565,4787,1
4565,4805,1
4565,5056,1
4565,6395,1
4565,6427,1
4565,6453,1
4565,6475,1
4565,6621,1
4565,7018,1
4565,7091,1
4565,7657,1
4565,7750,1
4565,7795,1
4565,9716,1
4565,9941,1
4565,10441,1
4565,10792,1
4565,10935,1
4565,11280,1
4565,11371,1
4565,12053,1
4565,12250,1
4565,12255,1
4565,13369,1
4565,13385,1
4565,13432,1
4565,13532,1
4565,13677,1
4565,13703,1
4565,13869,1
4565,14172,1
4565,14266,1
4565,14514,1
4565,14558,1
4565,14577,1
4565,15121,1
4565,15190,1
4565,16684,1
4565,17124,1
4565,17238,1
4565,18444,1
4565,18763,1
4565,18764,1
4565,18765,1
4565,18766,1
4565,18767,1
4565,18768,1
4565,18769,1
4565,18917,1
4565,19633,1
4565,19698,1
4565,293,1
4565,2685,1
4565,2551,1
4565,3257,1
4565,3718,1
4565,4497,1
4637,4641,1
4637,4644,2
4637,4645,1
4637,4655,2
4637,4656,2
4637,4747,2
4637,4748,2
4637,4760,2
4637,4799,1
4637,5085,2
4637,5384,2
4637,5459,1
4637,6427,1
4637,6667,1
4637,7483,2
4637,7484,2
4637,7499,1
4637,7540,1
4637,7578,2
4637,7642,1
4637,7643,1
4637,7646,1
4637,7705,2
4637,7713,1
4637,9221,2
4637,9229,1
4637,9230,2
4637,9236,1
4637,9241,1
4637,9269,1
4637,9420,2
4637,9440,1
4637,9474,1
4637,9502,1
4637,9504,2
4637,9552,2
4637,9581,1
4637,9584,2
4637,9590,2
4637,9653,2
4637,9658,1
4637,9666,1
4637,9726,2
4637,9729,1
4637,9739,1
4637,9740,2
4637,9799,1
4637,9808,2
4637,9823,2
4637,9826,1
4637,9874,1
4637,9878,2
4637,9891,1
4637,9899,1
4637,9925,2
4637,10025,1
4637,10027,2
4637,10080,2
4637,10100,1
4637,10146,2
4637,11536,1
4637,17458,1
4637,17475,2
4637,17537,1
4637,17564,2
4637,17624,2
4637,1221,2
4637,701,2
4637,4058,1
4637,4515,1
4637,1239,1
4637,4631,1
4637,2828,1
4637,209,1
4637,3491,1
4637,151,1
4637,4134,1
4637,2647,1
4637,2706,1
4637,72,1
4637,4609,1
4637,4611,1
4637,4614,1
4637,4627,1
4637,4623,1
4637,2008,1
4648,7657,1
4648,9245,2
4648,9303,2
4648,9325,2
4648,9345,2
4648,9432,2
4648,9503,1
4648,9872,1
4648,9889,2
4648,9941,1
4648,10022,1
4648,17459,2
4648,701,2
4648,2764,1
4648,1,1
4648,681,1
4675,2516,1
4678,2497,1
4678,2516,1
4678,4694,1
4685,2914,1
4685,4694,1
4693,2516,1
4693,4694,1
4693,9998,1
4693,17513,1
4693,2521,1
4755,4758,1
4755,6453,2
4755,6762,1
4755,9238,1
4755,9498,1
4755,9583,1
4755,9796,2
4755,9825,1
4755,9829,2
4755,9830,2
4755,9910,2
4755,10029,1
4755,10077,2
4755,10106,2
4755,10125,2
4755,10199,1
4755,17426,1
4755,17439,1
4755,17447,2
4755,17453,2
4755,17471,1
4755,17488,2
4755,17632,2
4755,2697,1
4766,2914,2
4766,1221,2
4766,701,2
4766,4790,2
4766,4961,2
4766,6453,2
4766,7018,1
4766,7558,2
4766,7559,2
4766,7564,2
4766,7620,2
4766,7621,2
4766,7626,2
4766,7627,2
4766,9270,2
4766,9271,2
4766,9273,2
4766,9274,2
4766,9275,2
4766,9318,1
4766,9320,2
4766,9321,1
4766,9322,2
4766,9323,2
4766,9452,2
4766,9455,2
4766,9458,2
4766,9459,2
4766,9488,2
4766,9489,2
4766,9491,1
4766,9493,1
4766,9522,2
4766,9525,2
4766,9526,1
4766,9529,1
4766,9532,2
4766,9570,2
4766,9571,2
4766,9572,2
4766,9576,1
4766,9577,2
4766,9579,1
4766,9628,2
4766,9634,2
4766,9635,2
4766,9642,2
4766,9643,2
4766,9645,1
4766,9646,2
4766,9684,2
4766,9686,2
4766,9694,2
4766,9695,2
4766,9699,1
4766,9706,2
4766,9708,2
4766,9753,2
4766,9754,2
4766,9755,2
4766,9756,2
4766,9757,1
4766,9759,1
4766,9760,2
4766,9761,2
4766,9766,2
4766,9768,2
4766,9774,2
4766,9775,2
4766,9776,2
4766,9778,2
4766,9780,2
4766,9781,1
4766,9782,2
4766,9784,2
4766,9842,2
4766,9843,2
4766,9845,2
4766,9847,2
4766,9850,1
4766,9854,2
4766,9866,2
4766,9867,2
4766,9868,2
4766,9870,2
4766,9944,2
4766,9949,2
4766,9950,2
4766,9954,2
4766,9956,2
4766,9961,2
4766,9962,2
4766,9965,2
4766,9968,2
4766,9970,2
4766,9971,2
4766,9973,2
4766,9977,2
4766,9979,2
4766,9982,2
4766,10034,2
4766,10037,2
4766,10041,2
4766,10045,2
4766,10049,2
4766,10053,1
4766,10056,2
4766,10057,2
4766,10066,2
4766,10067,2
4766,10069,1
4766,10070,2
4766,10071,2
4766,10073,2
4766,10155,1
4766,10159,2
4766,10160,2
4766,10163,2
4766,10164,1
4766,10169,1
4766,10172,2
4766,10178,2
4766,10180,2
4766,10182,2
4766,10184,2
4766,10185,1
4766,10187,2
4766,10188,1
4766,10189,1
4766,10192,2
4766,10195,2
4766,10196,2
4766,10198,1
4766,17570,2
4766,17574,2
4766,17575,2
4766,1239,1
4766,209,1
4766,4663,1
4766,3608,1
4766,3748,1
4766,3784,1
4766,4660,2
4766,1781,1
4766,3813,1
4766,3825,1
4766,4665,1
4766,4671,1
4766,4749,1
5000,2914,1
5000,2497,1
5000,701,1
5000,2828,1
5000,3356,1
5000,1740,1
5000,2548,1
5000,2685,1
5000,2551,1
5000,5696,1
5000,6395,1
5000,7018,1
5000,7270,1
5000,10909,1
5000,11019,1
5000,14092,1
5000,14418,1
5000,15097,1
5000,19118,1
5000,3257,1
5000,752,1
5033,3356,1
5097,701,1
5097,1239,1
5097,2828,1
5097,1,1
5097,3356,1
5097,7344,1
5097,11020,1
5097,13573,1
5401,1273,1
5401,3257,1
5401,3300,1
5401,5409,1
5430,1,1
5430,5400,1
5430,3257,1
5430,1755,1
5430,1270,1
5430,5409,1
5430,5459,1
5430,5511,1
5430,6453,1
5430,8351,1
5430,8469,1
5430,8520,1
5430,8560,1
5430,8827,1
5430,8853,1
5430,8950,1
5430,9057,1
5430,9073,1
5430,12355,1
5430,12447,1
5430,12555,1
5430,12574,1
5430,12718,1
5430,12915,1
5430,13152,1
5430,13232,1
5430,13289,1
5459,2914,1
5459,5462,1
5459,5496,1
5459,5503,1
5459,5511,1
5459,5519,1
5459,5551,1
5459,5552,1
5459,5571,1
5459,5594,1
5459,5604,1
5459,5607,1
5459,5611,1
5459,5621,1
5459,5631,1
5459,5669,1
5459,6067,1
5459,6667,1
5459,6730,1
5459,6774,1
5459,6779,1
5459,6830,1
5459,6847,1
5459,7176,1
5459,7473,1
5459,8068,1
5459,8210,1
5459,8220,1
5459,8272,1
5459,8297,1
5459,8406,1
5459,8426,1
5459,8472,1
5459,8553,1
5459,8582,1
5459,8586,1
5459,8607,1
5459,8709,1
5459,8743,1
5459,8785,1
5459,8815,1
5459,8851,1
5459,8897,1
5459,8914,1
5459,8918,1
5459,8938,1
5459,8952,1
5459,9019,1
5459,9043,1
5459,9057,1
5459,9109,1
5459,9191,1
5459,9193,1
5459,10530,1
5459,11341,1
5459,12359,1
5459,12390,1
5459,12513,1
5459,12621,1
5459,12781,1
5459,12868,1
5459,12909,1
5459,12932,1
5459,12956,1
5459,12967,1
5459,13026,1
5459,13127,1
5459,13129,1
5459,13285,1
5459,13646,1
5459,15441,1
5459,1273,1
5459,1849,1
5459,5400,1
5459,702,1
5459,3257,1
5459,286,1
5459,786,1
5459,4000,1
5459,3320,1
5459,3292,1
5459,5409,1
5459,3303,1
5459,5089,1
5459,1299,1
5459,5378,1
5459,2686,1
5459,2871,1
5459,3328,1
5459,2110,1
5459,3209,1
5459,1290,1
5459,2856,1
5459,5413,1
5459,3344,1
5459,5388,1
5459,2529,1
5459,2818,1
5459,2863,1
5459,5390,1
5511,2914,1
5511,701,1
5511,1239,1
5511,2828,1
5511,1,1
5511,209,1
5511,3356,1
5511,5536,1
5511,5583,1
5511,5786,1
5511,6127,1
5511,6332,1
5511,6400,1
5511,6412,1
5511,6453,1
5511,6487,1
5511,6713,1
5511,6718,1
5511,6719,1
5511,6736,1
5511,6743,1
5511,6752,1
5511,6852,1
5511,6855,1
5511,6866,1
5511,6873,1
5511,7303,1
5511,7444,1
5511,7683,1
5511,7686,1
5511,7855,1
5511,7980,1
5511,7984,1
5511,7994,1
5511,8068,1
5511,8269,1
5511,8284,1
5511,8297,1
5511,8335,1
5511,8338,1
5511,8346,1
5511,8529,1
5511,8593,1
5511,8680,1
5511,8681,1
5511,8697,1
5511,8866,1
5511,8895,1
5511,9057,1
5511,9471,1
5511,10282,1
5511,10292,1
5511,12066,1
5511,12322,1
5511,12435,1
5511,12479,1
5511,12493,1
5511,12617,1
5511,12653,1
5511,13568,1
5511,15421,1
5511,15570,1
5511,15834,1
5511,16028,1
5511,17379,1
5511,17588,1
5511,2548,1
5511,293,1
5511,513,1
5511,702,1
5511,3790,1
5511,3257,1
5511,286,1
5511,1755,1
5511,2200,1
5511,4000,1
5511,3300,1
5511,3215,1
5511,3333,1
5511,1299,1
5511,2854,1
5511,2860,1
5511,2917,1
5511,2874,1
5511,5465,1
5511,2518,1
5511,4682,1
5511,4689,1
5511,5390,1
5511,2199,1
5511,2471,1
5511,2609,1
5511,5509,1
5650,2914,1
5650,701,1
5650,1239,1
5650,2828,1
5650,3356,1
5650,2548,1
5650,5696,1
5650,6137,1
5650,6296,1
5650,6352,1
5650,6395,1
5650,6427,1
5650,6510,1
5650,6521,1
5650,6540,1
5650,6594,1
5650,6954,1
5650,7011,1
5650,7078,1
5650,7168,1
5650,7410,1
5650,7462,1
5650,7976,1
5650,10345,1
5650,10406,1
5650,10444,1
5650,10557,1
5650,10587,1
5650,10594,1
5650,10918,1
5650,11071,1
5650,11152,1
5650,11223,1
5650,11274,1
5650,11292,1
5650,11359,1
5650,11406,1
5650,11470,1
5650,11588,1
5650,11639,1
5650,11699,1
5650,11798,1
5650,11950,1
5650,12030,1
5650,12078,1
5650,12111,1
5650,12165,1
5650,12284,1
5650,13369,1
5650,13389,1
5650,13409,1
5650,13563,1
5650,13653,1
5650,13749,1
5650,13818,1
5650,13941,1
5650,13946,1
5650,14139,1
5650,14272,1
5650,14283,1
5650,14312,1
5650,14380,1
5650,14404,1
5650,14440,1
5650,14474,1
5650,14570,1
5650,14630,1
5650,14677,1
5650,14739,1
5650,14825,1
5650,16403,1
5650,16486,1
5650,16503,1
5650,16511,1
5650,16523,1
5650,16550,1
5650,16658,1
5650,16667,1
5650,16749,1
5650,16784,1
5650,16816,1
5650,17128,1
5650,18561,1
5650,18636,1
5650,18684,1
5650,18894,1
5650,18896,1
5650,19116,1
5650,19549,1
5650,19640,1
5650,19698,1
5650,19716,1
5650,19717,1
5650,19951,1
5650,293,1
5650,2685,1
5650,2551,1
5650,2899,1
5650,1872,1
5650,3257,1
5650,71,1
5650,3401,1
5650,3680,1
5650,4010,1
5650,5048,1
5650,5054,1
5650,3911,1
5650,4367,1
5650,4997,1
5651,1784,1
5651,2548,1
5651,3578,1
5651,6433,1
5651,8091,1
5668,701,1
5668,17047,1
5684,1,1
5705,701,1
5705,209,1
5705,3356,1
5705,2548,1
5705,6188,1
5705,6322,1
5705,6427,1
5705,6939,1
5705,11071,1
5705,11142,1
5705,13389,1
5705,16784,1
5705,18502,1
5705,18720,1
5705,18965,1
5705,19641,1
5705,5693,1
5705,2941,1
5727,4651,2
5727,1221,2
5727,701,2
5727,4776,1
5727,2042,1
5727,1239,1
5727,4631,1
5727,4788,1
5727,2828,1
5727,1,1
5727,3356,1
5727,1740,1
5727,2685,1
5727,5400,1
5727,6619,1
5727,6688,1
5727,7018,1
5727,7091,1
5727,7473,2
5727,7497,1
5727,8035,1
5727,8472,1
5727,9035,1
5727,9335,2
5727,9658,1
5727,13353,1
5727,17439,1
5727,2915,1
5727,4799,1
5727,4295,1
5727,4661,1
5727,4793,1
5738,1239,1
5738,17356,1
6066,2914,1
6066,2497,1
6066,701,1
6066,2828,1
6066,4540,1
6066,1740,1
6066,2548,1
6066,5696,1
6066,297,1
6066,715,1
6066,2551,1
6066,668,1
6066,1746,1
6066,3932,1
6066,4544,1
6066,5637,1
6066,6939,1
6079,2914,1
6079,701,1
6079,2828,1
6079,3356,1
6079,2548,1
6079,6395,1
6079,6427,1
6079,7432,1
6079,8038,1
6079,10368,1
6079,11039,1
6079,13080,1
6079,17347,1
6079,715,1
6079,293,1
6079,2551,1
6079,3257,1
6079,3491,1
6079,3803,1
6079,4496,1
6079,4527,1
6079,4530,1
6095,701,1
6095,2548,1
6095,600,1
6095,6954,1
6123,2497,1
6123,4631,1
6123,7620,1
6123,4778,1
6140,701,1
6140,1239,1
6140,209,1
6140,7195,1
6140,7418,1
6140,11415,1
6140,13835,1
6140,14664,1
6140,16528,1
6140,17079,1
6140,19583,1
6172,2914,1
6172,701,1
6172,1239,1
6172,2828,1
6172,1,1
6172,3356,1
6172,1740,1
6172,2548,1
6172,6221,1
6172,6298,1
6172,6327,1
6172,6395,1
6172,6427,1
6172,6453,1
6172,6539,1
6172,7018,1
6172,7062,1
6172,7128,1
6172,7748,1
6172,7756,1
6172,7992,1
6172,9143,1
6172,9623,1
6172,10487,1
6172,10746,1
6172,10766,1
6172,10823,1
6172,11182,1
6172,11330,1
6172,11385,1
6172,11638,1
6172,11701,1
6172,11748,1
6172,11823,1
6172,12051,1
6172,12108,1
6172,12222,1
6172,12227,1
6172,13364,1
6172,13432,1
6172,13433,1
6172,13465,1
6172,13478,1
6172,13484,1
6172,13493,1
6172,13518,1
6172,13520,1
6172,13526,1
6172,13537,1
6172,13545,1
6172,13577,1
6172,13617,1
6172,14217,1
6172,14359,1
6172,14611,1
6172,14665,1
6172,14710,1
6172,14735,1
6172,14785,1
6172,14815,1
6172,14937,1
6172,15110,1
6172,15218,1
6172,16395,1
6172,16508,1
6172,16551,1
6172,16743,1
6172,16771,1
6172,17076,1
6172,17078,1
6172,17334,1
6172,18607,1
6172,18635,1
6172,18838,1
6172,19055,1
6172,293,1
6172,2685,1
6172,6062,1
6172,2551,1
6172,3257,1
6172,1280,1
6172,2173,1
6172,4452,1
6172,6161,1
6220,701,1
6220,3356,1
6221,10256,1
6221,16575,1
6221,3356,1
6259,2914,1
6259,2828,1
6259,3356,1
6259,2548,1
6259,293,1
6259,2685,1
6259,6395,1
6259,6427,1
6259,7018,1
6259,8142,1
6259,10618,1
6259,10789,1
6259,10942,1
6259,11204,1
6259,11510,1
6259,11548,1
6259,11794,1
6259,11933,1
6259,12020,1
6259,12087,1
6259,13344,1
6259,13706,1
6259,13944,1
6259,13960,1
6259,14001,1
6259,14131,1
6259,14228,1
6259,14470,1
6259,16475,1
6259,16601,1
6259,18875,1
6259,19015,1
6259,19040,1
6259,19867,1
6259,2551,1
6259,5056,1
6259,3257,1
6259,2015,1
6259,6076,1
6325,1239,1
6325,2828,1
6325,1,1
6325,209,1
6325,293,1
6325,5056,1
6325,6200,1
6325,7018,1
6325,7386,1
6325,11828,1
6325,15118,1
6325,15337,1
6325,17196,1
6325,18555,1
6325,5656,1
6347,701,1
6347,1239,1
6347,6411,1
6347,6428,1
6347,6437,1
6347,6600,1
6347,6620,1
6347,6621,1
6347,7042,1
6347,7097,1
6347,7104,1
6347,7113,1
6347,7127,1
6347,7258,1
6347,7324,1
6347,7333,1
6347,7431,1
6347,7439,1
6347,7723,1
6347,7737,1
6347,7752,1
6347,7759,1
6347,7767,1
6347,7781,1
6347,7832,1
6347,7859,1
6347,7869,1
6347,7881,1
6347,7949,1
6347,7951,1
6347,7986,1
6347,8077,1
6347,8158,1
6347,8175,1
6347,8180,1
6347,10263,1
6347,10351,1
6347,10422,1
6347,10492,1
6347,10510,1
6347,10532,1
6347,10538,1
6347,10558,1
6347,10573,1
6347,10621,1
6347,10632,1
6347,10664,1
6347,10665,1
6347,10689,1
6347,10692,1
6347,10710,1
6347,10749,1
6347,10800,1
6347,10815,1
6347,10848,1
6347,10851,1
6347,10925,1
6347,10928,1
6347,10930,1
6347,10950,1
6347,10973,1
6347,10985,1
6347,10989,1
6347,11016,1
6347,11027,1
6347,11035,1
6347,11054,1
6347,11068,1
6347,11070,1
6347,11092,1
6347,11190,1
6347,11205,1
6347,11206,1
6347,11215,1
6347,11233,1
6347,11239,1
6347,11251,1
6347,11261,1
6347,11282,1
6347,11319,1
6347,11323,1
6347,11325,1
6347,11370,1
6347,11402,1
6347,11406,1
6347,11426,1
6347,11471,1
6347,11483,1
6347,11543,1
6347,11553,1
6347,11565,1
6347,11586,1
6347,11591,1
6347,11594,1
6347,11705,1
6347,11755,1
6347,11766,1
6347,11789,1
6347,11794,1
6347,11814,1
6347,11856,1
6347,11864,1
6347,11899,1
6347,11918,1
6347,11942,1
6347,11953,1
6347,11976,1
6347,12006,1
6347,12044,1
6347,12053,1
6347,12084,1
6347,12115,1
6347,12137,1
6347,12138,1
6347,12168,1
6347,12204,1
6347,12221,1
6347,12237,1
6347,12250,1
6347,12281,1
6347,13328,1
6347,13333,1
6347,13354,1
6347,13396,1
6347,13409,1
6347,13416,1
6347,13417,1
6347,13435,1
6347,13442,1
6347,13493,1
6347,13573,1
6347,13603,1
6347,13654,1
6347,13689,1
6347,13691,1
6347,13693,1
6347,13706,1
6347,13710,1
6347,13726,1
6347,13729,1
6347,13740,1
6347,13749,1
6347,13756,1
6347,13770,1
6347,13775,1
6347,13816,1
6347,13818,1
6347,13853,1
6347,13893,1
6347,13944,1
6347,13973,1
6347,14025,1
6347,14060,1
6347,14064,1
6347,14082,1
6347,14144,1
6347,14151,1
6347,14194,1
6347,14206,1
6347,14228,1
6347,14293,1
6347,14315,1
6347,14395,1
6347,14421,1
6347,14431,1
6347,14444,1
6347,14492,1
6347,14517,1
6347,14523,1
6347,14547,1
6347,14581,1
6347,14591,1
6347,14635,1
6347,14647,1
6347,14725,1
6347,14802,1
6347,14823,1
6347,14858,1
6347,14951,1
6347,14964,1
6347,15145,1
6347,15164,1
6347,15209,1
6347,15249,1
6347,15284,1
6347,16394,1
6347,16439,1
6347,16468,1
6347,16478,1
6347,16489,1
6347,16512,1
6347,16514,1
6347,16549,1
6347,16645,1
6347,16678,1
6347,16690,1
6347,16760,1
6347,16767,1
6347,16806,1
6347,16809,1
6347,16823,1
6347,16878,1
6347,16890,1
6347,16976,1
6347,17066,1
6347,17127,1
6347,17161,1
6347,17171,1
6347,17194,1
6347,17209,1
6347,17259,1
6347,17333,1
6347,17393,1
6347,18435,1
6347,18516,1
6347,18524,1
6347,18586,1
6347,18591,1
6347,18649,1
6347,18665,1
6347,18679,1
6347,18719,1
6347,18754,1
6347,18817,1
6347,18866,1
6347,18871,1
6347,18891,1
6347,18923,1
6347,18963,1
6347,19034,1
6347,19076,1
6347,19121,1
6347,19141,1
6347,19170,1
6347,19173,1
6347,19185,1
6347,19206,1
6347,19249,1
6347,19285,1
6347,19307,1
6347,19337,1
6347,19358,1
6347,19419,1
6347,19434,1
6347,19518,1
6347,19532,1
6347,19550,1
6347,19566,1
6347,19650,1
6347,19890,1
6347,3356,1
6347,2548,1
6347,4239,1
6347,3737,1
6347,5076,1
6347,5656,1
6347,2033,1
6347,3764,1
6347,3815,1
6347,3820,1
6347,4509,1
6347,4527,1
6347,4581,1
6347,4587,1
6347,6108,1
6347,6315,1
6347,1787,1
6347,6144,1
6358,2914,1
6371,701,1
6371,2548,1
6371,6471,1
6371,6568,1
6371,17086,1
6395,2914,1
6395,2497,1
6395,2516,1
6395,701,1
6395,2828,1
6395,1,1
6395,3356,1
6395,4969,1
6395,2548,1
6395,5696,1
6395,297,1
6395,3789,1
6395,174,1
6395,293,1
6395,2685,1
6395,6402,1
6395,6427,1
6395,6453,1
6395,6553,1
6395,6561,1
6395,6587,1
6395,6660,1
6395,6716,1
6395,6730,1
6395,6939,1
6395,7018,1
6395,7194,1
6395,7238,1
6395,7751,1
6395,7911,1
6395,7922,1
6395,8001,1
6395,8043,1
6395,8070,1
6395,8918,1
6395,9156,1
6395,10514,1
6395,10532,1
6395,11388,1
6395,11466,1
6395,11657,1
6395,11690,1
6395,11867,1
6395,13646,1
6395,13715,1
6395,13818,1
6395,13951,1
6395,14039,1
6395,14178,1
6395,14351,1
6395,14455,1
6395,14503,1
6395,14686,1
6395,14698,1
6395,14751,1
6395,15084,1
6395,15243,1
6395,16565,1
6395,16588,1
6395,16750,1
6395,16770,1
6395,16806,1
6395,16877,1
6395,17074,1
6395,17157,1
6395,17282,1
6395,18512,1
6395,18858,1
6395,19241,1
6395,19303,1
6395,19332,1
6395,19586,1
6395,19653,1
6395,1668,1
6395,2551,1
6395,5056,1
6395,3257,1
6395,1215,1
6395,568,1
6395,6082,1
6395,6181,1
6395,6261,1
6395,4989,1
6395,5462,1
6395,6233,1
6395,1746,1
6395,3932,1
6395,4500,1
6395,4544,1
6395,5390,1
6395,5779,1
6395,6113,1
6395,6335,1
6402,2914,1
6402,701,1
6402,2828,1
6402,1,1
6402,3356,1
6402,2548,1
6402,6427,1
6402,7018,1
6402,7206,1
6402,10403,1
6402,10718,1
6402,11069,1
6402,11114,1
6402,14333,1
6402,293,1
6402,2685,1
6402,5056,1
6402,3257,1
6402,1767,1
6402,5689,1
6402,5072,1
6427,2914,1
6427,2497,1
6427,1221,1
6427,209,1
6427,3356,1
6427,4969,1
6427,2548,1
6427,297,1
6427,715,1
6427,293,1
6427,2685,1
6427,2551,1
6427,3257,1
6427,2041,1
6427,3407,1
6427,1280,1
6427,32,1
6427,6517,1
6427,6660,1
6427,6667,1
6427,6716,1
6427,6939,1
6427,6948,1
6427,7091,1
6427,7141,1
6427,7170,1
6427,7194,1
6427,7473,1
6427,7922,1
6427,7936,1
6427,7960,1
6427,8785,1
6427,8966,1
6427,9299,1
6427,9318,1
6427,9680,1
6427,11466,1
6427,12050,1
6427,12222,1
6427,13945,1
6427,14277,1
6427,15353,1
6427,16985,1
6427,17204,1
6427,568,1
6427,5462,1
6427,2529,1
6427,1746,1
6427,1842,1
6427,3932,1
6427,4459,1
6427,4544,1
6427,4722,1
6453,2914,2
6453,2516,2
6453,4651,2
6453,1221,2
6453,4618,2
6453,6539,1
6453,6639,1
6453,6648,1
6453,6660,1
6453,6661,1
6453,6697,1
6453,6715,2
6453,6731,1
6453,6762,1
6453,6813,1
6453,6846,1
6453,6863,1
6453,6877,1
6453,6945,1
6453,6971,1
6453,7001,2
6453,7004,1
6453,7018,1
6453,7148,1
6453,7199,2
6453,7271,1
6453,7303,1
6453,7456,1
6453,7473,2
6453,7491,2
6453,7565,2
6453,7568,1
6453,7590,1
6453,7633,1
6453,7788,1
6453,7908,1
6453,7928,1
6453,7960,1
6453,8002,1
6453,8007,1
6453,8070,1
6453,8160,2
6453,8272,1
6453,8297,1
6453,8342,1
6453,8346,1
6453,8359,1
6453,8376,2
6453,8447,1
6453,8452,1
6453,8470,1
6453,8529,1
6453,8551,1
6453,8584,1
6453,8657,1
6453,8668,1
6453,8781,2
6453,8866,1
6453,8895,1
6453,8926,2
6453,8934,1
6453,8966,1
6453,9050,2
6453,9116,1
6453,9121,1
6453,9229,1
6453,9237,1
6453,9238,1
6453,9299,1
6453,9304,1
6453,9329,1
6453,9430,1
6453,9457,2
6453,9471,1
6453,9474,1
6453,9494,2
6453,9505,1
6453,9534,1
6453,9557,2
6453,9583,1
6453,9881,1
6453,9924,2
6453,9927,2
6453,9934,2
6453,10029,1
6453,10032,2
6453,10131,2
6453,10207,1
6453,10226,1
6453,10307,2
6453,10354,2
6453,10569,2
6453,10586,1
6453,10627,1
6453,10678,1
6453,10687,2
6453,11081,1
6453,11139,1
6453,11259,1
6453,11290,1
6453,11313,1
6453,11341,1
6453,11342,2
6453,11653,1
6453,11816,1
6453,11889,1
6453,11960,1
6453,12023,1
6453,12059,1
6453,12066,1
6453,12076,1
6453,12127,1
6453,12188,1
6453,12252,1
6453,12297,1
6453,12376,2
6453,12524,2
6453,12632,2
6453,12690,1
6453,12713,1
6453,12880,1
6453,12883,1
6453,12956,1
6453,12969,1
6453,13000,2
6453,13489,1
6453,13511,1
6453,13537,1
6453,13591,1
6453,13878,1
6453,14014,1
6453,14080,1
6453,14166,1
6453,14178,1
6453,14361,1
6453,14420,1
6453,14453,2
6453,14479,1
6453,14537,2
6453,14651,2
6453,14920,2
6453,14988,1
6453,15146,1
6453,15471,2
6453,15475,2
6453,15577,2
6453,15605,2
6453,15634,2
6453,15676,1
6453,15825,2
6453,16130,1
6453,16506,2
6453,16802,1
6453,16844,2
6453,16941,1
6453,17108,1
6453,17154,1
6453,17250,1
6453,17397,1
6453,17444,1
6453,17466,1
6453,18563,1
6453,18622,2
6453,18650,1
6453,19086,1
6453,19961,1
6453,701,2
6453,2042,1
6453,4645,1
6453,1239,1
6453,4631,1
6453,4788,1
6453,2828,1
6453,1,1
6453,209,1
6453,6327,1
6453,577,1
6453,4926,1
6453,1740,1
6453,2548,1
6453,174,1
6453,293,1
6453,2685,1
6453,5639,1
6453,6127,1
6453,376,1
6453,145,1
6453,1668,1
6453,2603,1
6453,4538,1
6453,2905,1
6453,3208,1
6453,278,1
6453,3491,1
6453,1280,1
6453,5769,1
6453,237,1
6453,786,1
6453,1691,1
6453,1833,1
6453,4628,1
6453,4741,1
6453,549,1
6453,3320,1
6453,5617,1
6453,1680,1
6453,6065,1
6453,6147,1
6453,5425,1
6453,6429,1
6453,5071,1
6453,4134,1
6453,271,1
6453,5522,1
6453,5483,1
6453,1746,1
6453,4274,1
6453,4621,1
6453,4761,1
6453,3249,1
6453,74,1
6453,4469,1
6453,4544,1
6453,4704,1
6453,4799,1
6453,5390,1
6453,5416,1
6453,2609,1
6453,5610,1
6453,5772,1
6453,6113,1
6453,6201,1
6453,6400,1
6453,1850,1
6453,3603,1
6453,4803,1
6453,818,1
6467,2914,1
6467,701,1
6467,1239,1
6467,1,1
6467,3356,1
6467,2548,1
6467,174,1
6467,2685,1
6467,6517,1
6467,6597,1
6467,7018,1
6467,10700,1
6467,10959,1
6467,11170,1
6467,11367,1
6467,11542,1
6467,11672,1
6467,11851,1
6467,11996,1
6467,12036,1
6467,14222,1
6467,14335,1
6467,14728,1
6467,14741,1
6467,15027,1
6467,15221,1
6467,15276,1
6467,16523,1
6467,16653,1
6467,16952,1
6467,17049,1
6467,17207,1
6467,17326,1
6467,18480,1
6467,18883,1
6467,18886,1
6467,65002,1
6467,3554,1
6467,3064,1
6467,4553,1
6467,5009,1
6469,701,1
6469,2828,1
6469,1,1
6484,209,1
6484,10780,1
6555,701,1
6555,1,1
6555,2548,1
6555,293,1
6555,12149,1
6555,13981,1
6555,19363,1
6576,1,1
6576,715,1
6716,2914,1
6716,701,1
6716,2828,1
6716,1,1
6716,3356,1
6716,2548,1
6716,293,1
6716,3328,1
6762,701,1
6762,4926,1
6762,1755,1
6762,6877,1
6762,7303,1
6762,7642,1
6762,8193,1
6762,8225,1
6762,8244,1
6762,8400,1
6762,8447,1
6762,8761,1
6762,9079,1
6762,9116,1
6762,11960,1
6762,12626,1
6762,15433,1
6762,15735,1
6762,1267,1
6762,6664,1
6762,5486,1
6762,5391,1
6762,2609,1
6762,6568,1
6762,6713,1
6762,6752,1
6762,5505,1
6785,6667,1
6785,702,1
6785,3257,1
6785,3292,1
6785,5413,1
6785,8297,1
6785,8918,1
6785,16100,1
6841,2497,1
6841,3300,1
6841,7018,1
6841,16929,1
6841,1220,1
6967,209,1
6967,11401,1
6993,2914,1
6993,701,1
6993,1239,1
6993,1,1
6993,7018,1
6993,7224,1
6993,10736,1
6993,10966,1
6993,11283,1
6993,11307,1
6993,11561,1
6993,11622,1
6993,11856,1
6993,12003,1
6993,12125,1
6993,12215,1
6993,12255,1
6993,14215,1
6993,14276,1
6993,14642,1
6993,14727,1
6993,14747,1
6993,15131,1
6993,15676,1
6993,16435,1
6993,16503,1
6993,16713,1
6993,17129,1
6993,18500,1
6993,18812,1
6993,18956,1
6993,19256,1
6993,19972,1
6993,4319,1
6993,4134,1
6993,3575,1
6993,1760,1
6993,4356,1
6999,701,1
6999,5676,1
7018,2914,1
7018,701,1
7018,4792,1
7018,1239,1
7018,101,1
7018,7054,1
7018,7064,1
7018,7068,1
7018,7079,1
7018,7105,1
7018,7106,1
7018,7114,1
7018,7133,1
7018,7163,1
7018,7170,1
7018,7178,1
7018,7182,1
7018,7223,1
7018,7224,1
7018,7254,1
7018,7270,1
7018,7284,1
7018,7297,1
7018,7309,1
7018,7310,1
7018,7342,1
7018,7370,1
7018,7381,1
7018,7384,1
7018,7393,1
7018,7424,1
7018,7462,1
7018,7633,1
7018,7723,1
7018,7726,1
7018,7743,1
7018,7757,1
7018,7810,1
7018,7828,1
7018,7838,1
7018,7843,1
7018,7853,1
7018,7856,1
7018,7880,1
7018,7884,1
7018,7903,1
7018,7912,1
7018,7914,1
7018,7922,1
7018,7929,1
7018,7932,1
7018,7944,1
7018,7963,1
7018,7977,1
7018,8002,1
7018,8012,1
7018,8052,1
7018,8070,1
7018,8074,1
7018,8084,1
7018,8119,1
7018,8134,1
7018,8135,1
7018,8143,1
7018,8153,1
7018,8182,1
7018,8903,1
7018,9264,1
7018,9304,1
7018,9329,1
7018,9430,1
7018,9512,1
7018,9680,1
7018,9940,1
7018,10242,1
7018,10271,1
7018,10311,1
7018,10317,1
7018,10319,1
7018,10379,1
7018,10384,1
7018,10395,1
7018,10403,1
7018,10405,1
7018,10409,1
7018,10453,1
7018,10458,1
7018,10464,1
7018,10473,1
7018,10475,1
7018,10496,1
7018,10506,1
7018,10514,1
7018,10517,1
7018,10522,1
7018,10532,1
7018,10571,1
7018,10576,1
7018,10588,1
7018,10589,1
7018,10603,1
7018,10625,1
7018,10629,1
7018,10648,1
7018,10656,1
7018,10668,1
7018,10689,1
7018,10694,1
7018,10695,1
7018,10700,1
7018,10708,1
7018,10722,1
7018,10726,1
7018,10732,1
7018,10746,1
7018,10753,1
7018,10788,1
7018,10796,1
7018,10809,1
7018,10815,1
7018,10819,1
7018,10838,1
7018,10843,1
7018,10846,1
7018,10850,1
7018,10851,1
7018,10857,1
7018,10873,1
7018,10904,1
7018,10910,1
7018,10911,1
7018,10912,1
7018,10913,1
7018,10937,1
7018,10947,1
7018,10957,1
7018,10959,1
7018,10962,1
7018,10963,1
7018,10967,1
7018,10968,1
7018,10970,1
7018,10980,1
7018,10994,1
7018,10998,1
7018,11004,1
7018,11005,1
7018,11015,1
7018,11021,1
7018,11022,1
7018,11033,1
7018,11045,1
7018,11060,1
7018,11066,1
7018,11090,1
7018,11101,1
7018,11111,1
7018,11121,1
7018,11127,1
7018,11134,1
7018,11154,1
7018,11159,1
7018,11169,1
7018,11171,1
7018,11172,1
7018,11177,1
7018,11185,1
7018,11231,1
7018,11244,1
7018,11248,1
7018,11273,1
7018,11277,1
7018,11283,1
7018,11286,1
7018,11313,1
7018,11320,1
7018,11329,1
7018,11337,1
7018,11351,1
7018,11358,1
7018,11367,1
7018,11383,1
7018,11395,1
7018,11397,1
7018,11418,1
7018,11426,1
7018,11427,1
7018,11428,1
7018,11485,1
7018,11492,1
7018,11501,1
7018,11508,1
7018,11521,1
7018,11527,1
7018,11532,1
7018,11560,1
7018,11563,1
7018,11589,1
7018,11596,1
7018,11600,1
7018,11609,1
7018,11616,1
7018,11624,1
7018,11632,1
7018,11640,1
7018,11657,1
7018,11670,1
7018,11683,1
7018,11684,1
7018,11685,1
7018,11686,1
7018,11698,1
7018,11707,1
7018,11724,1
7018,11738,1
7018,11741,1
7018,11757,1
7018,11787,1
7018,11791,1
7018,11792,1
7018,11793,1
7018,11806,1
7018,11810,1
7018,11833,1
7018,11839,1
7018,11848,1
7018,11851,1
7018,11854,1
7018,11855,1
7018,11857,1
7018,11874,1
7018,11883,1
7018,11887,1
7018,11889,1
7018,11890,1
7018,11894,1
7018,11897,1
7018,11902,1
7018,11905,1
7018,11906,1
7018,11911,1
7018,11917,1
7018,11919,1
7018,11930,1
7018,11937,1
7018,11955,1
7018,11958,1
7018,11963,1
7018,11971,1
7018,11979,1
7018,11980,1
7018,12007,1
7018,12016,1
7018,12022,1
7018,12024,1
7018,12036,1
7018,12039,1
7018,12052,1
7018,12055,1
7018,12062,1
7018,12069,1
7018,12082,1
7018,12085,1
7018,12090,1
7018,12092,1
7018,12099,1
7018,12116,1
7018,12120,1
7018,12121,1
7018,12122,1
7018,12128,1
7018,12134,1
7018,12139,1
7018,12147,1
7018,12152,1
7018,12153,1
7018,12156,1
7018,12163,1
7018,12179,1
7018,12180,1
7018,12181,1
7018,12182,1
7018,12192,1
7018,12194,1
7018,12198,1
7018,12201,1
7018,12206,1
7018,12208,1
7018,12211,1
7018,12215,1
7018,12216,1
7018,12217,1
7018,12223,1
7018,12229,1
7018,12251,1
7018,12261,1
7018,12269,1
7018,12270,1
7018,12271,1
7018,12281,1
7018,13323,1
7018,13327,1
7018,13336,1
7018,13343,1
7018,13346,1
7018,13350,1
7018,13372,1
7018,13373,1
7018,13375,1
7018,13387,1
7018,13391,1
7018,13401,1
7018,13443,1
7018,13464,1
7018,13477,1
7018,13478,1
7018,13483,1
7018,13507,1
7018,13517,1
7018,13524,1
7018,13540,1
7018,13552,1
7018,13560,1
7018,13565,1
7018,13567,1
7018,13568,1
7018,13572,1
7018,13576,1
7018,13578,1
7018,13581,1
7018,13592,1
7018,13606,1
7018,13627,1
7018,13630,1
7018,13632,1
7018,13641,1
7018,13642,1
7018,13645,1
7018,13659,1
7018,13680,1
7018,13684,1
7018,13688,1
7018,13695,1
7018,13698,1
7018,13702,1
7018,13720,1
7018,13730,1
7018,13738,1
7018,13748,1
7018,13752,1
7018,13753,1
7018,13756,1
7018,13758,1
7018,13763,1
7018,13769,1
7018,13777,1
7018,13790,1
7018,13791,1
7018,13792,1
7018,13800,1
7018,13806,1
7018,13812,1
7018,13815,1
7018,13847,1
7018,13850,1
7018,13852,1
7018,13860,1
7018,13863,1
7018,13882,1
7018,13888,1
7018,13905,1
7018,13919,1
7018,13928,1
7018,13930,1
7018,13938,1
7018,13958,1
7018,14008,1
7018,14010,1
7018,14013,1
7018,14021,1
7018,14033,1
7018,14041,1
7018,14043,1
7018,14044,1
7018,14045,1
7018,14046,1
7018,14056,1
7018,14058,1
7018,14065,1
7018,14076,1
7018,14103,1
7018,14113,1
7018,14120,1
7018,14149,1
7018,14169,1
7018,14236,1
7018,14248,1
7018,14264,1
7018,14275,1
7018,14289,1
7018,14311,1
7018,14328,1
7018,14343,1
7018,14344,1
7018,14359,1
7018,14371,1
7018,14372,1
7018,14378,1
7018,14381,1
7018,14383,1
7018,14384,1
7018,14387,1
7018,14397,1
7018,14398,1
7018,14404,1
7018,14405,1
7018,14406,1
7018,14407,1
7018,14414,1
7018,14426,1
7018,14432,1
7018,14443,1
7018,14446,1
7018,14450,1
7018,14465,1
7018,14487,1
7018,14489,1
7018,14509,1
7018,14510,1
7018,14512,1
7018,14528,1
7018,14529,1
7018,14531,1
7018,14532,1
7018,14541,1
7018,14549,1
7018,14556,1
7018,14576,1
7018,14596,1
7018,14606,1
7018,14625,1
7018,14626,1
7018,14636,1
7018,14639,1
7018,14641,1
7018,14675,1
7018,14685,1
7018,14687,1
7018,14689,1
7018,14694,1
7018,14720,1
7018,14725,1
7018,14726,1
7018,14738,1
7018,14742,1
7018,14743,1
7018,14744,1
7018,14745,1
7018,14746,1
7018,14750,1
7018,14757,1
7018,14763,1
7018,14787,1
7018,14792,1
7018,14799,1
7018,14800,1
7018,14803,1
7018,14808,1
7018,14814,1
7018,14824,1
7018,14826,1
7018,14830,1
7018,14831,1
7018,14851,1
7018,14852,1
7018,14866,1
7018,14875,1
7018,14880,1
7018,14888,1
7018,14893,1
7018,14898,1
7018,14906,1
7018,14912,1
7018,14929,1
7018,14931,1
7018,14942,1
7018,14943,1
7018,14946,1
7018,14947,1
7018,14948,1
7018,14959,1
7018,14996,1
7018,15005,1
7018,15006,1
7018,15009,1
7018,15027,1
7018,15037,1
7018,15048,1
7018,15051,1
7018,15052,1
7018,15056,1
7018,15057,1
7018,15058,1
7018,15060,1
7018,15062,1
7018,15084,1
7018,15086,1
7018,15101,1
7018,15104,1
7018,15114,1
7018,15121,1
7018,15123,1
7018,15139,1
7018,15141,1
7018,15147,1
7018,15148,1
7018,15150,1
7018,15157,1
7018,15162,1
7018,15164,1
7018,15177,1
7018,15184,1
7018,15200,1
7018,15212,1
7018,15213,1
7018,15215,1
7018,15229,1
7018,15233,1
7018,15259,1
7018,15262,1
7018,15269,1
7018,15271,1
7018,15279,1
7018,15291,1
7018,15293,1
7018,15303,1
7018,15305,1
7018,15310,1
7018,15321,1
7018,15355,1
7018,15572,1
7018,16386,1
7018,16387,1
7018,16392,1
7018,16403,1
7018,16464,1
7018,16477,1
7018,16480,1
7018,16488,1
7018,16489,1
7018,16492,1
7018,16499,1
7018,16500,1
7018,16504,1
7018,16507,1
7018,16518,1
7018,16524,1
7018,16527,1
7018,16554,1
7018,16558,1
7018,16568,1
7018,16577,1
7018,16581,1
7018,16584,1
7018,16627,1
7018,16644,1
7018,16648,1
7018,16651,1
7018,16659,1
7018,16662,1
7018,16666,1
7018,16673,1
7018,16707,1
7018,16708,1
7018,16711,1
7018,16726,1
7018,16727,1
7018,16746,1
7018,16757,1
7018,16759,1
7018,16761,1
7018,16778,1
7018,16788,1
7018,16793,1
7018,16807,1
7018,16812,1
7018,16838,1
7018,16861,1
7018,16876,1
7018,16910,1
7018,16924,1
7018,16927,1
7018,16928,1
7018,16933,1
7018,16976,1
7018,16980,1
7018,16983,1
7018,16988,1
7018,16999,1
7018,17003,1
7018,17011,1
7018,17024,1
7018,17027,1
7018,17033,1
7018,17052,1
7018,17060,1
7018,17064,1
7018,17065,1
7018,17082,1
7018,17131,1
7018,17134,1
7018,17142,1
7018,17152,1
7018,17157,1
7018,17159,1
7018,17166,1
7018,17167,1
7018,17181,1
7018,17185,1
7018,17199,1
7018,17218,1
7018,17227,1
7018,17228,1
7018,17229,1
7018,17230,1
7018,17231,1
7018,17232,1
7018,17242,1
7018,17256,1
7018,17264,1
7018,17300,1
7018,17307,1
7018,17311,1
7018,17332,1
7018,17349,1
7018,17360,1
7018,17378,1
7018,17386,1
7018,17471,1
7018,18440,1
7018,18453,1
7018,18484,1
7018,18485,1
7018,18486,1
7018,18487,1
7018,18488,1
7018,18489,1
7018,18490,1
7018,18491,1
7018,18501,1
7018,18505,1
7018,18517,1
7018,18523,1
7018,18553,1
7018,18565,1
7018,18580,1
7018,18583,1
7018,18585,1
7018,18586,1
7018,18600,1
7018,18610,1
7018,18612,1
7018,18619,1
7018,18627,1
7018,18647,1
7018,18655,1
7018,18656,1
7018,18684,1
7018,18710,1
7018,18712,1
7018,18726,1
7018,18747,1
7018,18749,1
7018,18758,1
7018,18802,1
7018,18832,1
7018,18839,1
7018,18841,1
7018,18848,1
7018,18849,1
7018,18866,1
7018,18877,1
7018,18882,1
7018,18886,1
7018,18902,1
7018,18918,1
7018,18930,1
7018,18932,1
7018,18942,1
7018,18950,1
7018,18964,1
7018,18979,1
7018,19004,1
7018,19024,1
7018,19025,1
7018,19026,1
7018,19027,1
7018,19028,1
7018,19029,1
7018,19053,1
7018,19073,1
7018,19093,1
7018,19095,1
7018,19097,1
7018,19108,1
7018,19126,1
7018,19155,1
7018,19157,1
7018,19165,1
7018,19168,1
7018,19236,1
7018,19239,1
7018,19250,1
7018,19271,1
7018,19276,1
7018,19288,1
7018,19304,1
7018,19305,1
7018,19334,1
7018,19343,1
7018,19357,1
7018,19372,1
7018,19394,1
7018,19408,1
7018,19409,1
7018,19415,1
7018,19428,1
7018,19449,1
7018,19459,1
7018,19463,1
7018,19501,1
7018,19514,1
7018,19520,1
7018,19577,1
7018,19595,1
7018,19612,1
7018,19639,1
7018,19654,1
7018,19663,1
7018,19681,1
7018,19698,1
7018,19699,1
7018,19715,1
7018,19724,1
7018,19764,1
7018,19794,1
7018,19803,1
7018,19804,1
7018,19805,1
7018,19806,1
7018,19807,1
7018,19808,1
7018,19809,1
7018,19821,1
7018,19843,1
7018,19893,1
7018,19920,1
7018,20005,1
7018,2828,1
7018,1,1
7018,209,1
7018,3356,1
7018,4969,1
7018,1740,1
7018,2548,1
7018,5696,1
7018,6517,1
7018,5006,1
7018,297,1
7018,6553,1
7018,174,1
7018,6433,1
7018,6522,1
7018,3741,1
7018,293,1
7018,2685,1
7018,6922,1
7018,1742,1
7018,1668,1
7018,87,1
7018,2551,1
7018,5056,1
7018,1785,1
7018,2767,1
7018,6253,1
7018,1872,1
7018,5713,1
7018,5400,1
7018,109,1
7018,6104,1
7018,3790,1
7018,4239,1
7018,3257,1
7018,2041,1
7018,6337,1
7018,2572,1
7018,5050,1
7018,668,1
7018,3737,1
7018,1833,1
7018,5665,1
7018,1215,1
7018,3320,1
7018,3303,1
7018,5089,1
7018,122,1
7018,2856,1
7018,1294,1
7018,4266,1
7018,3857,1
7018,6941,1
7018,144,1
7018,46,1
7018,88,1
7018,4959,1
7018,4265,1
7018,6822,1
7018,724,1
7018,1746,1
7018,4274,1
7018,71,1
7018,1757,1
7018,1763,1
7018,6122,1
7018,1968,1
7018,1975,1
7018,2003,1
7018,2024,1
7018,2140,1
7018,161,1
7018,2575,1
7018,2911,1
7018,3064,1
7018,3147,1
7018,3448,1
7018,3455,1
7018,3489,1
7018,3502,1
7018,1932,1
7018,3569,1
7018,3571,1
7018,3585,1
7018,3599,1
7018,3614,1
7018,3653,1
7018,3680,1
7018,3703,1
7018,3738,1
7018,3739,1
7018,3801,1
7018,3901,1
7018,3932,1
7018,4130,1
7018,4309,1
7018,4364,1
7018,4366,1
7018,4544,1
7018,4546,1
7018,4592,1
7018,4927,1
7018,125,1
7018,5054,1
7018,5075,1
7018,3389,1
7018,5662,1
7018,5723,1
7018,5731,1
7018,5774,1
7018,5779,1
7018,6195,1
7018,6201,1
7018,6301,1
7018,6307,1
7018,6319,1
7018,6332,1
7018,6468,1
7018,4264,1
7018,6485,1
7018,6568,1
7018,6164,1
7018,6580,1
7018,6594,1
7018,6646,1
7018,6933,1
7018,6949,1
7018,6988,1
7018,7011,1
7018,7016,1
7018,1659,1
7018,1766,1
7018,196,1
7018,2386,1
7018,2631,1
7018,2710,1
7018,3762,1
7018,4267,1
7018,4268,1
7018,4411,1
7018,4467,1
7018,5074,1
7018,5682,1
7018,5694,1
7018,5728,1
7018,5730,1
7018,5771,1
7018,6308,1
7018,6365,1
7018,6470,1
7018,6501,1
7018,6584,1
7018,6606,1
7018,700,1
7018,7015,1
7018,706,1
7055,1,1
7091,2914,1
7091,6517,1
7091,715,1
7091,6939,1
7091,5673,1
7091,1280,1
7091,32,1
7091,7473,1
7091,9680,1
7091,13389,1
7091,16467,1
7091,17204,1
7138,1239,1
7138,6127,1
7138,2561,1
7138,8452,1
7138,8524,1
7138,15804,1
7138,6412,1
7141,715,1
7141,4752,1
7141,6489,1
7170,2914,1
7170,1239,1
7170,101,1
7170,2828,1
7170,1,1
7170,3356,1
7170,1740,1
7170,2548,1
7170,293,1
7170,2685,1
7170,2551,1
7170,1103,1
7170,10764,1
7170,11537,1
7170,3257,1
7170,668,1
7170,48,1
7170,1456,1
7170,1464,1
7170,1472,1
7170,1485,1
7170,1503,1
7170,1527,1
7170,1842,1
7170,303,1
7170,22,1
7170,555,1
7170,37,1
7170,84,1
7170,132,1
7170,5058,1
7170,5264,1
7170,523,1
7170,13,1
7170,1242,1
7170,1260,1
7170,1453,1
7170,1455,1
7170,149,1
7170,1655,1
7170,175,1
7170,252,1
7170,257,1
7170,298,1
7170,3381,1
7170,374,1
7170,5856,1
7170,592,1
7170,5957,1
7170,83,1
7170,89,1
7176,1,1
7176,6667,1
7176,3257,1
7176,3333,1
7176,2871,1
7176,8297,1
7176,8399,1
7176,8602,1
7176,8612,1
7176,8938,1
7176,9057,1
7176,9076,1
7176,9142,1
7176,9165,1
7176,9195,1
7176,12390,1
7176,13013,1
7176,13113,1
7176,13285,1
7176,15421,1
7176,15476,1
7176,15570,1
7176,15758,1
7176,16379,1
7176,16499,1
7176,3313,1
7176,2647,1
7176,5631,1
7176,2594,1
7176,5535,1
7194,2914,1
7194,701,1
7194,1239,1
7194,2828,1
7194,3356,1
7194,2548,1
7194,293,1
7194,6939,1
7194,5056,1
7194,8189,1
7194,10742,1
7194,3257,1
7194,5089,1
7194,3718,1
7296,701,1
7296,3356,1
7296,14370,1
7321,1239,1
7473,4694,2
7473,2914,2
7473,2516,2
7473,4657,2
7473,7543,1
7473,7586,1
7473,7592,2
7473,7607,1
7473,7643,1
7473,7652,1
7473,7719,1
7473,9057,1
7473,9288,2
7473,9340,2
7473,9429,1
7473,9498,1
7473,9534,1
7473,9553,1
7473,9583,1
7473,9656,1
7473,9729,1
7473,9740,2
7473,9745,2
7473,9794,2
7473,9873,2
7473,9892,2
7473,9905,1
7473,9911,2
7473,9919,1
7473,9930,1
7473,9989,1
7473,10024,2
7473,10029,1
7473,10084,1
7473,10091,1
7473,10101,1
7473,10113,1
7473,10121,1
7473,10199,1
7473,10230,2
7473,10236,1
7473,10530,1
7473,17409,1
7473,17448,2
7473,17462,2
7473,17465,2
7473,17486,2
7473,17547,2
7473,17549,2
7473,17658,2
7473,1221,2
7473,2042,1
7473,3758,1
7473,4788,1
7473,4775,1
7473,2828,1
7473,1,1
7473,4787,1
7473,6667,1
7473,3257,1
7473,4628,1
7473,4765,1
7473,6774,1
7473,7470,1
7473,4761,1
7473,4803,1
7473,4613,1
7683,4694,1
7683,703,1
7686,4682,1
7770,701,1
7770,1239,1
7770,2041,1
7837,701,1
7837,2548,1
7883,15094,1
7908,701,1
7908,4926,1
7908,2548,1
7908,10318,1
7908,11256,1
7908,11315,1
7908,11503,1
7908,12150,1
7908,12264,1
7908,14535,1
7908,14588,1
7908,15064,1
7908,16814,1
7908,17399,1
7908,19889,1
7908,4270,1
7911,2914,1
7911,1239,1
7911,2828,1
7911,3356,1
7911,2548,1
7911,5056,1
7911,8151,1
7911,9837,1
7911,10772,1
7911,11396,1
7911,11481,1
7911,13964,1
7911,13965,1
7911,14323,1
7911,16965,1
7911,5671,1
7911,5679,1
7911,7294,1
7911,3751,1
7911,4544,1
7911,6345,1
7922,2914,1
7922,701,1
7922,2828,1
7922,1,1
7922,3356,1
7922,2548,1
7922,8052,1
7922,10311,1
7922,10796,1
7922,10994,1
7922,11060,1
7922,11351,1
7922,11426,1
7922,11427,1
7922,11707,1
7922,11955,1
7922,12271,1
7922,13343,1
7922,13367,1
7922,13560,1
7922,715,1
7922,293,1
7922,2685,1
7922,2551,1
7922,7757,1
7922,3257,1
7922,7016,1
7922,7015,1
7930,1,1
7930,715,1
7960,2914,1
7960,2497,1
7960,701,1
7960,3356,1
7960,1784,1
7960,2548,1
7960,293,1
7960,10492,1
7960,10744,1
7960,13597,1
7960,2685,1
7976,5696,1
7976,11333,1
8001,2548,1
8001,6667,1
8001,8647,1
8001,9156,1
8001,10910,1
8001,12222,1
8001,13696,1
8001,13945,1
8001,14673,1
8001,14989,1
8001,15036,1
8001,15205,1
8001,16890,1
8001,17176,1
8001,19865,1
8001,3257,1
8001,3066,1
8001,6948,1
8001,6078,1
8001,7868,1
8001,4276,1
8001,5042,1
8001,6212,1
8002,1239,1
8002,1,1
8002,2548,1
8002,6667,1
8002,6939,1
8002,3257,1
8002,6948,1
8011,2914,1
8011,701,1
8011,1,1
8011,293,1
8011,5056,1
8011,14536,1
8070,2914,1
8070,701,1
8070,1239,1
8070,1,1
8070,3356,1
8070,2551,1
8070,12076,1
8120,701,1
8120,1239,1
8120,1,1
8120,5696,1
8259,3300,1
8259,5413,1
8297,8319,1
8297,8394,1
8297,8397,1
8297,8399,1
8297,8401,1
8297,8406,1
8297,8426,1
8297,8460,1
8297,8472,1
8297,8527,1
8297,8528,1
8297,8529,1
8297,8582,1
8297,8642,1
8297,8656,1
8297,8709,1
8297,8764,1
8297,8784,1
8297,8799,1
8297,8815,1
8297,8818,1
8297,8896,1
8297,8922,1
8297,8934,1
8297,8942,1
8297,8967,1
8297,8968,1
8297,8974,1
8297,8975,1
8297,9019,1
8297,9158,1
8297,9167,1
8297,9193,1
8297,9410,1
8297,10226,1
8297,10627,1
8297,11856,1
8297,12321,1
8297,12322,1
8297,12323,1
8297,12362,1
8297,12386,1
8297,12435,1
8297,12445,1
8297,12486,1
8297,12521,1
8297,12607,1
8297,12642,1
8297,12670,1
8297,12692,1
8297,12709,1
8297,12793,1
8297,12876,1
8297,12880,1
8297,12883,1
8297,12909,1
8297,12929,1
8297,12946,1
8297,12948,1
8297,12956,1
8297,12968,1
8297,12969,1
8297,12990,1
8297,13016,1
8297,13035,1
8297,13052,1
8297,13066,1
8297,13127,1
8297,13131,1
8297,13143,1
8297,13216,1
8297,13222,1
8297,13273,1
8297,15371,1
8297,15477,1
8297,15552,1
8297,15567,1
8297,15609,1
8297,15699,1
8297,15786,1
8297,15857,1
8297,15877,1
8297,15915,1
8297,15956,1
8297,15971,1
8297,16065,1
8297,16185,1
8297,16198,1
8297,16207,1
8297,16371,1
8297,17491,1
8297,1273,1
8297,1103,1
8297,2603,1
8297,1849,1
8297,5400,1
8297,702,1
8297,286,1
8297,1136,1
8297,3320,1
8297,3292,1
8297,8228,1
8297,5409,1
8297,1267,1
8297,1899,1
8297,5089,1
8297,5617,1
8297,3246,1
8297,1299,1
8297,5378,1
8297,2686,1
8297,5551,1
8297,6675,1
8297,2871,1
8297,6830,1
8297,3328,1
8297,6813,1
8297,5539,1
8297,3209,1
8297,8220,1
8297,1290,1
8297,5492,1
8297,2854,1
8297,8210,1
8297,6771,1
8297,6728,1
8297,5377,1
8297,2856,1
8297,5413,1
8297,2116,1
8297,6761,1
8297,5556,1
8297,1241,1
8297,5462,1
8297,2529,1
8297,3308,1
8297,5390,1
8297,5410,1
8297,5416,1
8297,5436,1
8297,5503,1
8297,5557,1
8297,5604,1
8297,5611,1
8297,5616,1
8297,5624,1
8297,6678,1
8297,6709,1
8297,8234,1
8297,6758,1
8327,6667,1
8327,3257,1
8327,3303,1
8327,8918,1
8327,9057,1
8327,12333,1
8327,12566,1
8327,16319,1
8723,3259,1
8723,3215,1
8723,6675,1
8731,3300,1
8731,8319,1
8881,702,1
8881,3257,1
8881,3292,1
8881,5409,1
8881,8956,1
8881,9057,1
8881,12313,1
8881,12379,1
8881,517,1
9057,3356,1
9057,6667,1
9057,8918,1
9057,9109,1
9057,9126,1
9057,9133,1
9057,9143,1
9057,9145,1
9057,9161,1
9057,9189,1
9057,9191,1
9057,9193,1
9057,9200,1
9057,9206,1
9057,10530,1
9057,10753,1
9057,11002,1
9057,11003,1
9057,11341,1
9057,12300,1
9057,12312,1
9057,12313,1
9057,12322,1
9057,12390,1
9057,12392,1
9057,12394,1
9057,12407,1
9057,12450,1
9057,12504,1
9057,12513,1
9057,12554,1
9057,12573,1
9057,12606,1
9057,12621,1
9057,12634,1
9057,12643,1
9057,12670,1
9057,12676,1
9057,12701,1
9057,12732,1
9057,12745,1
9057,12749,1
9057,12787,1
9057,12808,1
9057,12826,1
9057,12830,1
9057,12832,1
9057,12859,1
9057,12860,1
9057,12868,1
9057,12876,1
9057,12884,1
9057,12885,1
9057,12907,1
9057,12909,1
9057,12932,1
9057,12947,1
9057,13070,1
9057,13101,1
9057,13115,1
9057,13126,1
9057,13127,1
9057,13129,1
9057,13135,1
9057,13197,1
9057,13226,1
9057,13237,1
9057,13246,1
9057,13256,1
9057,13259,1
9057,13285,1
9057,13987,1
9057,13988,1
9057,14616,1
9057,15366,1
9057,15371,1
9057,15375,1
9057,15376,1
9057,15381,1
9057,15387,1
9057,15408,1
9057,15409,1
9057,15412,1
9057,15436,1
9057,15543,1
9057,15563,1
9057,15598,1
9057,15695,1
9057,15696,1
9057,15697,1
9057,15703,1
9057,15730,1
9057,15743,1
9057,15809,1
9057,15863,1
9057,15879,1
9057,15914,1
9057,15939,1
9057,15941,1
9057,15945,1
9057,15957,1
9057,15960,1
9057,15990,1
9057,16001,1
9057,16018,1
9057,16036,1
9057,16189,1
9057,16218,1
9057,16224,1
9057,16455,1
9057,1668,1
9057,1273,1
9057,1103,1
9057,8785,1
9057,5400,1
9057,702,1
9057,3257,1
9057,286,1
9057,1755,1
9057,5607,1
9057,6659,1
9057,6727,1
9057,1136,1
9057,2200,1
9057,786,1
9057,5427,1
9057,8228,1
9057,5409,1
9057,8938,1
9057,3303,1
9057,6730,1
9057,3333,1
9057,1899,1
9057,5089,1
9057,680,1
9057,8472,1
9057,8319,1
9057,6754,1
9057,1299,1
9057,5378,1
9057,2686,1
9057,5594,1
9057,8582,1
9057,5551,1
9057,6675,1
9057,2871,1
9057,6830,1
9057,3328,1
9057,5519,1
9057,517,1
9057,5539,1
9057,5583,1
9057,8560,1
9057,8379,1
9057,8937,1
9057,5669,1
9057,8220,1
9057,8406,1
9057,1290,1
9057,6847,1
9057,6705,1
9057,8277,1
9057,6774,1
9057,8469,1
9057,8553,1
9057,8650,1
9057,8210,1
9057,5571,1
9057,8743,1
9057,6067,1
9057,8820,1
9057,6728,1
9057,2856,1
9057,8851,1
9057,2917,1
9057,6735,1
9057,5496,1
9057,8586,1
9057,8917,1
9057,8767,1
9057,5466,1
9057,3344,1
9057,6761,1
9057,8251,1
9057,8709,1
9057,2611,1
9057,8426,1
9057,2647,1
9057,5462,1
9057,6848,1
9057,5631,1
9057,2529,1
9057,8957,1
9057,8272,1
9057,2818,1
9057,2863,1
9057,3265,1
9057,5399,1
9057,5417,1
9057,5463,1
9057,5552,1
9057,5559,1
9057,5590,1
9057,5597,1
9057,5604,1
9057,5621,1
9057,6656,1
9057,5432,1
9057,6835,1
9057,8201,1
9057,8266,1
9057,8304,1
9057,8332,1
9057,8356,1
9057,8366,1
9057,8481,1
9057,8520,1
9057,8527,1
9057,8608,1
9057,8610,1
9057,8651,1
9057,8653,1
9057,8656,1
9057,8737,1
9057,8741,1
9057,8771,1
9057,8873,1
9057,8897,1
9057,8939,1
9057,8954,1
9057,8967,1
9057,8975,1
9057,9019,1
9057,8254,1
9057,8893,1
9145,8918,1
9145,5409,1
9145,6754,1
9145,15747,1
9167,3257,1
9167,5509,1
9211,1273,1
9304,703,1
9304,4862,1
9304,4000,1
9304,4635,1
9304,9520,1
9304,9800,1
9370,4694,1
9370,2497,1
9370,9371,1
9595,4694,1
9595,2914,1
9603,7677,1
9607,2521,1
9609,4694,1
9609,2516,1
9609,4682,1
9610,9225,2
9680,701,1
9680,3462,1
9824,2497,1
9824,2516,1
9824,9617,1
10240,701,1
10240,10913,1
10265,3356,1
10310,7233,1
10325,1239,1
10325,1,1
10381,1239,1
10381,2901,1
10487,2914,1
10487,701,1
10487,1239,1
10487,1,1
10487,3356,1
10487,11777,1
10514,2914,1
10514,701,1
10514,1239,1
10514,1,1
10514,3356,1
10514,2548,1
10514,19203,1
10514,2685,1
10627,2914,1
10627,1221,1
10627,701,1
10627,2828,1
10627,209,1
10627,715,1
10627,1273,1
10663,1239,1
10663,1,1
10663,3356,1
10673,701,1
10732,2914,1
10860,701,1
10860,1239,1
10910,2914,1
10910,701,1
10910,1239,1
10910,1,1
10910,209,1
10910,2548,1
10910,174,1
10910,10457,1
10910,10584,1
10910,10813,1
10910,11153,1
10910,11246,1
10910,11303,1
10910,11362,1
10910,11442,1
10910,11695,1
10910,11867,1
10910,12000,1
10910,12006,1
10910,12157,1
10910,12265,1
10910,13482,1
10910,13537,1
10910,13566,1
10910,13619,1
10910,13622,1
10910,13739,1
10910,13821,1
10910,14074,1
10910,14344,1
10910,14495,1
10910,14584,1
10910,14586,1
10910,14611,1
10910,14707,1
10910,14732,1
10910,14978,1
10910,15089,1
10910,15217,1
10910,15278,1
10910,16552,1
10910,16833,1
10910,16950,1
10910,17035,1
10910,17062,1
10910,17063,1
10910,17351,1
10910,17361,1
10910,18438,1
10910,18525,1
10910,18534,1
10910,18652,1
10910,18864,1
10910,19245,1
10910,19274,1
10910,19415,1
10910,19475,1
10910,19786,1
10910,19787,1
10910,3385,1
10910,3700,1
10910,5049,1
10910,6102,1
10910,6253,1
10910,6303,1
10910,6432,1
10910,6917,1
10910,7089,1
10910,7246,1
10910,7297,1
10910,7736,1
10910,8012,1
10910,8647,1
10910,8785,1
10911,2914,1
10911,701,1
10911,1239,1
10911,1,1
10911,209,1
10911,10404,1
10911,6432,1
10911,11285,1
10911,11303,1
10911,11862,1
10911,11864,1
10911,11886,1
10911,11957,1
10911,13362,1
10911,13512,1
10911,13724,1
10911,13787,1
10911,13811,1
10911,13912,1
10911,14061,1
10911,14075,1
10911,14099,1
10911,14134,1
10911,14189,1
10911,14391,1
10911,14436,1
10911,14475,1
10911,14494,1
10911,14548,1
10911,14700,1
10911,14749,1
10911,14803,1
10911,14846,1
10911,14870,1
10911,14919,1
10911,15021,1
10911,15217,1
10911,16427,1
10911,16561,1
10911,16815,1
10911,16830,1
10911,17374,1
10911,17394,1
10911,18494,1
10911,18499,1
10911,18590,1
10911,18887,1
10911,18923,1
10911,19039,1
10911,19048,1
10911,19272,1
10911,19852,1
10911,1872,1
10911,6394,1
10911,6921,1
10911,714,1
10911,7151,1
10911,7235,1
10911,7754,1
10911,7881,1
10913,2914,1
10913,701,1
10913,1239,1
10913,1,1
10913,209,1
10913,2548,1
10913,174,1
10913,11303,1
10913,11444,1
10913,11769,1
10913,11840,1
10913,11952,1
10913,12006,1
10913,12209,1
10913,13499,1
10913,13953,1
10913,14074,1
10913,14215,1
10913,14450,1
10913,14451,1
10913,14588,1
10913,15169,1
10913,15202,1
10913,16719,1
10913,17133,1
10913,17342,1
10913,18526,1
10913,18534,1
10913,19590,1
10913,5079,1
10913,7224,1
11023,701,1
11023,4969,1
11042,9051,1
11042,12046,1
11042,12302,1
11042,13595,1
11042,15064,1
11042,15146,1
11042,15836,1
11042,18466,1
11042,3208,1
11042,3233,1
11042,3790,1
11042,5396,1
11042,5504,1
11042,6663,1
11042,6778,1
11042,6844,1
11042,8253,1
11042,8390,1
11042,8428,1
11042,8534,1
11042,8685,1
11042,8740,1
11042,8778,1
11042,8876,1
11042,9064,1
11042,9172,1
11135,1,1
11135,293,1
11135,5056,1
11135,3257,1
11135,3491,1
11162,1239,1
11192,701,1
11220,701,1
11220,5696,1
11325,2914,1
11333,701,1
11388,2914,1
11388,2497,1
11388,1221,1
11388,2548,1
11388,715,1
11388,5673,1
11388,5056,1
11388,1280,1
11443,701,1
11443,1,1
11456,701,1
11456,3356,1
11456,8175,1
11588,701,1
11588,1239,1
11588,3908,1
11588,2,1
11656,1239,1
11669,10912,1
11669,16776,1
11674,1,1
11680,1,1
11711,701,1
11711,1239,1
11731,2548,1
11767,11846,1
11767,5415,1
11767,8393,1
11803,13792,1
11841,1,1
11880,10912,1
11881,701,1
11881,1239,1
11881,209,1
11913,5674,1
11935,701,1
11935,1239,1
11935,3356,1
11992,701,1
11992,11081,1
11992,12066,1
11992,14603,1
11992,14920,1
11992,16652,1
11992,16794,1
11992,5786,1
12050,2914,1
12050,1,1
12050,3356,1
12050,2548,1
12050,715,1
12050,293,1
12050,2685,1
12050,5056,1
12050,3257,1
12077,701,1
12077,1239,1
12077,2548,1
12077,5056,1
12077,3257,1
12077,13975,1
12114,1239,1
12114,1,1
12114,5696,1
12117,701,1
12156,1239,1
12158,1239,1
12235,8016,1
12731,8918,1
12731,3300,1
12781,6667,1
12781,702,1
12781,1267,1
12956,209,1
12956,3356,1
12956,10429,1
12956,6667,1
12956,10834,1
12956,1299,1
12956,6813,1
12956,3352,1
12956,12797,1
12956,6065,1
12956,6147,1
12956,7315,1
13003,1270,1
13003,3300,1
13009,702,1
13108,2856,1
13129,3257,1
13129,1755,1
13129,5409,1
13129,13128,1
13129,15896,1
13207,5378,1
13219,9126,1
13219,15667,1
13328,1239,1
13344,1239,1
13344,209,1
13345,701,1
13345,3404,1
13405,1239,1
13423,209,1
13423,1740,1
13525,1239,1
13525,4540,1
13525,5671,1
13526,701,1
13526,5673,1
13543,701,1
13549,701,1
13549,1239,1
13609,701,1
13609,1239,1
13627,701,1
13627,3356,1
13629,14433,1
13646,701,1
13646,9457,1
13646,1,1
13646,5696,1
13646,1742,1
13646,8647,1
13646,1755,1
13646,5409,1
13646,6730,1
13646,3333,1
13646,6830,1
13646,8946,1
13646,9177,1
13646,12684,1
13646,12708,1
13646,8758,1
13646,6728,1
13646,13001,1
13646,15426,1
13646,15562,1
13646,15703,1
13646,15704,1
13646,17108,1
13646,12825,1
13646,4663,1
13646,4783,1
13646,8844,1
13646,8928,1
13703,701,1
13734,2914,1
13734,701,1
13734,1239,1
13744,6225,1
13768,701,1
13768,1239,1
13768,577,1
13768,715,1
13768,11608,1
13768,1691,1
13768,13901,1
13768,14078,1
13768,14280,1
13768,15676,1
13768,18530,1
13768,5071,1
13890,209,1
13955,701,1
13955,174,1
13957,701,1
14051,701,1
14051,1239,1
14051,209,1
14051,18985,1
14095,13445,1
14167,2914,1
14184,1,1
14201,701,1
14201,209,1
14201,3908,1
14203,701,1
14242,1785,1
14252,7260,1
14281,2548,1
14281,14313,1
14294,209,1
14310,701,1
14320,2828,1
14323,19068,1
14323,3845,1
14345,701,1
14345,3356,1
14349,5076,1
14361,1239,1
14466,701,1
14466,1239,1
14466,174,1
14471,1239,1
14471,2828,1
14471,12095,1
14494,2548,1
14501,1239,1
14501,209,1
14614,209,1
14614,6517,1
14614,16861,1
14614,18541,1
14671,701,1
14671,1239,1
14673,701,1
14673,209,1
14673,3356,1
14673,18520,1
14673,18994,1
14677,16504,1
14742,2914,1
14742,701,1
14742,1239,1
14742,1,1
14742,11854,1
14742,13916,1
14744,701,1
14744,1239,1
14744,1,1
14744,12182,1
14744,19983,1
14745,2914,1
14745,701,1
14745,1239,1
14745,1,1
14745,209,1
14745,18513,1
14895,5006,1
14895,3845,1
14917,2379,1
14963,2828,1
14963,209,1
14971,1239,1
14986,1239,1
14991,7332,1
15043,2914,1
15043,701,1
15077,701,1
15079,5673,1
15079,4265,1
15111,701,1
15217,701,1
15217,6350,1
15270,2914,1
15270,13678,1
15270,19693,1
15270,19747,1
15285,701,1
15286,2548,1
15300,7260,1
15331,5696,1
15331,4989,1
15862,8918,1
15862,3302,1
15862,8196,1
15862,8272,1
16392,701,1
16399,3356,1
16399,14125,1
16405,5680,1
16412,4540,1
16429,2828,1
16474,1239,1
16502,6226,1
16540,2828,1
16540,209,1
16544,7849,1
16595,5006,1
16647,3356,1
16682,701,1
16739,7397,1
16779,1221,1
16779,1,1
16779,209,1
16779,1833,1
16779,12076,1
16779,3303,1
16779,6730,1
16808,701,1
16869,701,1
16912,701,1
16918,1239,1
16918,209,1
16922,701,1
16922,1239,1
16922,1740,1
16948,1239,1
17088,701,1
17088,11486,1
17184,6517,1
17239,701,1
17239,1239,1
17239,209,1
17311,3908,1
17311,15000,1
17358,701,1
17382,701,1
17388,5673,1
17506,9225,1
18447,1239,1
18447,5676,1
18591,701,1
18591,3356,1
18591,17354,1
18614,1239,1
18692,2914,1
18786,5696,1
18786,18996,1
18786,8021,1
18803,701,1
18809,10476,1
18809,14709,1
18910,701,1
18994,11565,1
18994,12108,1
18994,13533,1
18994,15205,1
18994,16725,1
18994,16623,1
18995,15021,1
18996,16788,1
19012,6128,1
19082,3356,1
19087,1239,1
19087,209,1
19187,3356,1
19187,6995,1
19193,701,1
19458,209,1
19458,5006,1
19535,15058,1
19642,209,1
19770,1239,1
17509,174,1
4694,4704,1
4694,4707,1
4694,4713,1
4694,4720,2
4694,6553,1
4694,7501,1
4694,7811,1
4694,8069,1
4694,9353,1
4694,9365,1
4694,9369,1
4694,9379,2
4694,9435,2
4694,9593,2
4694,9596,1
4694,9995,1
4694,17512,1
4694,17513,1
4694,2914,2
4694,2497,2
4694,701,2
4694,2828,1
4694,1,1
4694,2548,1
4694,2510,1
4694,173,1
4694,2518,1
4694,4197,1
4694,4677,1
4694,4688,1
4694,4686,1
4694,4691,1
4694,3084,1
4694,4681,1
4704,2497,1
4704,2516,1
4707,2907,1
4713,2914,1
4713,2497,1
4713,7515,1
4713,7661,1
4713,9605,1
4713,9991,1
4713,9994,1
4713,9995,1
4713,10743,1
4713,11018,1
4713,17523,1
4713,2647,1
4713,2509,1
4713,4689,1
4713,4709,1
4720,4703,1
6553,2497,1
6553,1221,1
6553,703,1
6553,701,1
6553,1239,1
6553,1,1
6553,577,1
6553,2548,1
6553,6949,1
6553,10348,1
6553,13463,1
6553,715,1
6553,1273,1
6553,702,1
6553,1755,1
6553,3300,1
6553,3303,1
6553,3313,1
6553,2856,1
6553,1830,1
7501,2497,1
7501,2516,1
7501,703,1
7501,2504,1
7501,4728,1
7501,7502,1
7501,7519,1
7501,7522,1
7501,7662,1
7501,7668,1
7501,9353,1
7501,9358,1
7501,9371,1
7501,9608,1
7501,9617,1
7501,9995,1
7501,2525,1
7811,2497,1
8069,2516,1
8069,2514,1
9353,2521,1
9365,2497,1
9369,2516,1
9369,2519,1
9593,2915,1
9596,2516,1
9596,202,1
17512,2497,1
2914,3066,1
2914,3130,2
2914,3257,1
2914,3303,1
2914,3320,1
2914,3356,1
2914,3396,2
2914,3407,1
2914,3428,1
2914,3491,1
2914,3582,1
2914,3634,2
2914,3677,1
2914,3701,1
2914,3727,2
2914,3783,2
2914,3807,1
2914,3838,2
2914,3932,1
2914,3933,2
2914,3934,2
2914,3949,2
2914,4133,2
2914,4134,1
2914,4148,2
2914,4222,1
2914,4496,1
2914,4540,1
2914,4544,1
2914,4557,1
2914,4592,1
2914,4595,1
2914,4645,1
2914,4673,1
2914,4691,1
2914,5051,1
2914,5089,1
2914,5390,1
2914,5413,1
2914,5462,1
2914,5604,1
2914,5637,1
2914,5669,1
2914,5696,1
2914,5702,1
2914,5707,2
2914,5798,1
2914,6076,1
2914,6107,2
2914,6108,1
2914,6113,1
2914,6199,1
2914,6201,1
2914,6210,1
2914,6234,1
2914,6248,1
2914,6261,1
2914,6481,1
2914,6493,2
2914,6561,1
2914,6939,1
2914,6971,1
2914,6986,2
2914,7013,1
2914,7019,1
2914,7089,1
2914,7106,1
2914,7235,1
2914,7276,2
2914,7334,1
2914,7346,2
2914,7362,1
2914,7364,1
2914,7462,1
2914,7506,2
2914,7515,1
2914,7629,1
2914,7674,2
2914,7766,2
2914,7773,1
2914,7790,1
2914,7853,1
2914,7868,1
2914,7896,2
2914,7929,1
2914,7982,1
2914,8028,2
2914,8137,1
2914,8138,1
2914,8159,2
2914,8220,1
2914,8582,1
2914,8918,1
2914,8952,1
2914,9156,1
2914,9193,1
2914,9299,1
2914,9318,1
2914,9329,1
2914,9874,1
2914,10012,2
2914,10013,2
2914,10217,2
2914,10244,1
2914,10279,2
2914,10297,1
2914,10363,1
2914,10368,1
2914,10494,2
2914,10685,1
2914,10708,1
2914,10714,1
2914,10737,2
2914,10763,1
2914,10768,2
2914,10781,1
2914,10836,2
2914,10876,1
2914,10909,1
2914,10912,1
2914,10945,2
2914,10973,1
2914,10979,1
2914,11018,1
2914,11045,1
2914,11062,2
2914,11092,1
2914,11115,2
2914,11160,1
2914,11195,1
2914,11205,1
2914,11233,1
2914,11298,1
2914,11323,1
2914,11363,1
2914,11366,1
2914,11393,1
2914,11424,1
2914,11440,1
2914,11462,1
2914,11466,1
2914,11471,1
2914,11490,1
2914,11496,1
2914,11509,2
2914,11549,1
2914,11553,1
2914,11561,1
2914,11574,1
2914,11608,1
2914,11610,1
2914,11646,2
2914,11652,1
2914,11655,1
2914,11773,2
2914,11778,1
2914,11787,1
2914,11808,1
2914,11826,1
2914,11837,2
2914,11846,1
2914,11853,1
2914,11854,1
2914,11855,1
2914,11856,1
2914,11874,1
2914,11903,1
2914,11908,1
2914,11916,1
2914,11954,1
2914,11964,1
2914,12003,1
2914,12009,1
2914,12044,1
2914,12076,1
2914,12078,1
2914,12096,1
2914,12106,2
2914,12119,2
2914,12178,1
2914,12179,1
2914,12181,1
2914,12182,1
2914,12186,1
2914,12204,1
2914,12225,1
2914,12266,1
2914,12621,1
2914,12909,1
2914,13127,1
2914,13285,1
2914,13333,1
2914,13340,2
2914,13342,1
2914,13369,1
2914,13437,1
2914,13456,1
2914,13462,1
2914,13476,1
2914,13545,1
2914,13548,2
2914,13615,1
2914,13621,1
2914,13626,1
2914,13691,1
2914,13696,1
2914,13789,1
2914,13790,1
2914,13791,1
2914,13792,1
2914,13804,1
2914,13826,2
2914,13841,1
2914,13857,2
2914,13868,1
2914,13884,1
2914,13902,1
2914,13945,1
2914,13962,1
2914,14059,2
2914,14086,1
2914,14088,2
2914,14110,1
2914,14148,1
2914,14163,1
2914,14206,1
2914,14262,1
2914,14263,1
2914,14327,1
2914,14402,2
2914,14424,2
2914,14507,1
2914,14585,2
2914,14609,2
2914,14623,2
2914,14668,1
2914,14715,2
2914,14717,1
2914,14718,2
2914,14729,1
2914,14743,1
2914,14796,1
2914,14829,1
2914,14847,1
2914,14896,1
2914,14903,1
2914,15069,1
2914,15117,1
2914,15164,1
2914,15273,1
2914,15299,2
2914,15302,2
2914,15676,1
2914,16402,1
2914,16489,1
2914,16497,1
2914,16577,1
2914,16619,1
2914,16633,1
2914,16714,1
2914,16715,2
2914,16738,1
2914,16745,2
2914,16754,1
2914,16821,2
2914,16902,2
2914,16915,1
2914,16916,1
2914,17001,1
2914,17017,1
2914,17075,1
2914,17159,1
2914,17192,1
2914,17243,1
2914,17378,1
2914,17407,2
2914,17508,2
2914,18459,1
2914,18463,1
2914,18477,2
2914,18517,1
2914,18555,1
2914,18630,2
2914,18711,2
2914,18756,1
2914,18776,2
2914,18820,1
2914,18853,1
2914,18879,1
2914,18888,2
2914,18906,1
2914,18947,1
2914,18973,1
2914,18989,1
2914,18990,1
2914,18999,2
2914,19063,1
2914,19084,1
2914,19102,1
2914,19105,1
2914,19257,1
2914,19261,2
2914,19284,1
2914,19289,1
2914,19353,1
2914,19359,1
2914,19467,1
2914,19525,2
2914,19606,1
2914,19641,1
2914,19722,1
2914,19798,2
2914,19816,1
2914,2497,2
2914,2516,2
2914,1221,2
2914,701,2
2914,2514,1
2914,1239,1
2914,101,1
2914,2828,1
2914,1,1
2914,209,1
2914,1740,1
2914,2548,1
2914,297,1
2914,103,1
2914,174,1
2914,293,1
2914,2685,1
2914,226,1
2914,2551,1
2914,38,1
2914,683,1
2914,278,1
2914,2041,1
2914,1755,1
2914,2568,1
2914,1224,1
2914,237,1
2914,2907,1
2914,668,1
2914,1833,1
2914,2510,1
2914,568,1
2914,88,1
2914,1746,1
2914,33,1
2914,2518,1
2914,2818,1
2914,1798,1
2914,234,1
2914,267,1
2914,302,1
2914,8,1
3066,4969,1
3066,7247,1
3066,11893,1
3066,16668,1
3257,2497,1
3257,2516,1
3257,701,1
3257,1,1
3257,209,1
3257,2548,1
3257,293,1
3257,1273,1
3257,2551,1
3257,1103,1
3257,2603,1
3257,38,1
3257,600,1
3257,683,1
3257,1849,1
3257,702,1
3257,3259,1
3257,3262,1
3257,3265,1
3257,3292,1
3257,3313,1
3257,3320,1
3257,3328,1
3257,3330,1
3257,3333,1
3257,3334,1
3257,3336,1
3257,3342,1
3257,3344,1
3257,3356,1
3257,3407,1
3257,3741,1
3257,3789,1
3257,3932,1
3257,4000,1
3257,4544,1
3257,5006,1
3257,5056,1
3257,5089,1
3257,5377,1
3257,5378,1
3257,5381,1
3257,5385,1
3257,5388,1
3257,5390,1
3257,5392,1
3257,5394,1
3257,5399,1
3257,5400,1
3257,5403,1
3257,5405,1
3257,5409,1
3257,5413,1
3257,5417,1
3257,5423,1
3257,5424,1
3257,5427,1
3257,5462,1
3257,5463,1
3257,5492,1
3257,5496,1
3257,5499,1
3257,5539,1
3257,5549,1
3257,5551,1
3257,5556,1
3257,5557,1
3257,5571,1
3257,5574,1
3257,5577,1
3257,5590,1
3257,5594,1
3257,5595,1
3257,5602,1
3257,5604,1
3257,5607,1
3257,5611,1
3257,5615,1
3257,5621,1
3257,5629,1
3257,5669,1
3257,5696,1
3257,6067,1
3257,6082,1
3257,6652,1
3257,6659,1
3257,6667,1
3257,6675,1
3257,6696,1
3257,6705,1
3257,6727,1
3257,6728,1
3257,6730,1
3257,6734,1
3257,6735,1
3257,6740,1
3257,6754,1
3257,6771,1
3257,6774,1
3257,6779,1
3257,6798,1
3257,6829,1
3257,6830,1
3257,6835,1
3257,6847,1
3257,6848,1
3257,6873,1
3257,6900,1
3257,8068,1
3257,8196,1
3257,8198,1
3257,8209,1
3257,8210,1
3257,8220,1
3257,8222,1
3257,8224,1
3257,8228,1
3257,8247,1
3257,8251,1
3257,8266,1
3257,8272,1
3257,8289,1
3257,8304,1
3257,8319,1
3257,8329,1
3257,8339,1
3257,8366,1
3257,8373,1
3257,8379,1
3257,8387,1
3257,8397,1
3257,8404,1
3257,8406,1
3257,8421,1
3257,8426,1
3257,8434,1
3257,8437,1
3257,8445,1
3257,8447,1
3257,8469,1
3257,8472,1
3257,8477,1
3257,8483,1
3257,8520,1
3257,8525,1
3257,8526,1
3257,8527,1
3257,8549,1
3257,8560,1
3257,8582,1
3257,8607,1
3257,8612,1
3257,8622,1
3257,8627,1
3257,8642,1
3257,8647,1
3257,8649,1
3257,8650,1
3257,8653,1
3257,8656,1
3257,8686,1
3257,8709,1
3257,8733,1
3257,8741,1
3257,8743,1
3257,8763,1
3257,8767,1
3257,8785,1
3257,8792,1
3257,8794,1
3257,8807,1
3257,8815,1
3257,8823,1
3257,8851,1
3257,8862,1
3257,8873,1
3257,8918,1
3257,8938,1
3257,8939,1
3257,8943,1
3257,8952,1
3257,8954,1
3257,8957,1
3257,8966,1
3257,8974,1
3257,8977,1
3257,8984,1
3257,8986,1
3257,9007,1
3257,9013,1
3257,9027,1
3257,9043,1
3257,9044,1
3257,9072,1
3257,9104,1
3257,9105,1
3257,9109,1
3257,9120,1
3257,9126,1
3257,9130,1
3257,9143,1
3257,9156,1
3257,9170,1
3257,9191,1
3257,9193,1
3257,9200,1
3257,12288,1
3257,12306,1
3257,12308,1
3257,12312,1
3257,12320,1
3257,12321,1
3257,12382,1
3257,12390,1
3257,12394,1
3257,12419,1
3257,12447,1
3257,12450,1
3257,12466,1
3257,12482,1
3257,12512,1
3257,12513,1
3257,12568,1
3257,12573,1
3257,12577,1
3257,12581,1
3257,12597,1
3257,12612,1
3257,12621,1
3257,12664,1
3257,12787,1
3257,12868,1
3257,12895,1
3257,12897,1
3257,12909,1
3257,12923,1
3257,12967,1
3257,12971,1
3257,13031,1
3257,13112,1
3257,13127,1
3257,13177,1
3257,13201,1
3257,13231,1
3257,13265,1
3257,13285,1
3257,13297,1
3257,13299,1
3257,13300,1
3257,13945,1
3257,14707,1
3257,15385,1
3257,15438,1
3257,15550,1
3257,15598,1
3257,15803,1
3257,15965,1
3257,65500,1
3257,286,1
3257,1136,1
3257,786,1
3257,1270,1
3257,1267,1
3257,2486,1
3257,680,1
3257,1836,1
3257,3220,1
3257,3246,1
3257,1299,1
3257,2686,1
3257,2871,1
3257,1653,1
3257,1901,1
3257,517,1
3257,2110,1
3257,3209,1
3257,1290,1
3257,1257,1
3257,2856,1
3257,2874,1
3257,2611,1
3257,2647,1
3257,2529,1
3257,3228,1
3257,1746,1
3257,1853,1
3257,1120,1
3257,1883,1
3257,2818,1
3257,2131,1
3257,3248,1
3257,553,1
3303,1239,1
3303,2828,1
3303,1,1
3303,209,1
3303,2548,1
3303,702,1
3303,1833,1
3303,3300,1
3303,3333,1
3303,3356,1
3303,5385,1
3303,5622,1
3303,6667,1
3303,6756,1
3303,8199,1
3303,8368,1
3303,8408,1
3303,8437,1
3303,8477,1
3303,8659,1
3303,8729,1
3303,8736,1
3303,8802,1
3303,8803,1
3303,8843,1
3303,8845,1
3303,9025,1
3303,9042,1
3303,9078,1
3303,9096,1
3303,9108,1
3303,12307,1
3303,12333,1
3303,12347,1
3303,12368,1
3303,12387,1
3303,12403,1
3303,12429,1
3303,12511,1
3303,12620,1
3303,12649,1
3303,12750,1
3303,12776,1
3303,13267,1
3303,13277,1
3303,13283,1
3303,15470,1
3303,15513,1
3303,15532,1
3303,15581,1
3303,15600,1
3303,15661,1
3303,15818,1
3303,15998,1
3303,16133,1
3303,16267,1
3303,1836,1
3303,559,1
3320,2497,1
3320,1239,1
3320,2828,1
3320,1,1
3320,1740,1
3320,2548,1
3320,293,1
3320,1755,1
3320,3333,1
3320,3745,1
3320,5391,1
3320,5409,1
3320,5483,1
3320,5551,1
3320,6700,1
3320,6821,1
3320,6878,1
3320,8303,1
3320,8412,1
3320,8578,1
3320,8593,1
3320,8638,1
3320,8827,1
3320,8866,1
3320,8879,1
3320,9059,1
3320,9099,1
3320,9115,1
3320,9125,1
3320,9138,1
3320,9175,1
3320,9188,1
3320,9197,1
3320,12291,1
3320,12431,1
3320,12456,1
3320,12510,1
3320,12553,1
3320,12558,1
3320,12658,1
3320,12665,1
3320,12915,1
3320,12941,1
3320,13054,1
3320,13091,1
3320,13130,1
3320,13282,1
3320,13530,1
3320,15368,1
3320,15372,1
3320,15387,1
3320,15434,1
3320,15451,1
3320,15456,1
3320,15514,1
3320,15540,1
3320,15580,1
3320,15590,1
3320,15747,1
3320,15779,1
3320,15790,1
3320,15794,1
3320,15854,1
3320,15982,1
3356,2497,1
3356,2516,1
3356,701,1
3356,1239,1
3356,2828,1
3356,1,1
3356,209,1
3356,3491,1
3356,3593,1
3356,3703,1
3356,3728,1
3356,3932,1
3356,4496,1
3356,4539,1
3356,4544,1
3356,4569,1
3356,4965,1
3356,4969,1
3356,5003,1
3356,5462,1
3356,5594,1
3356,5637,1
3356,5645,1
3356,5666,1
3356,5669,1
3356,5696,1
3356,5697,1
3356,5740,1
3356,5779,1
3356,6064,1
3356,6182,1
3356,6405,1
3356,6489,1
3356,6517,1
3356,6525,1
3356,6621,1
3356,6653,1
3356,6921,1
3356,6938,1
3356,6939,1
3356,6983,1
3356,7035,1
3356,7118,1
3356,7140,1
3356,7169,1
3356,7182,1
3356,7201,1
3356,7337,1
3356,7372,1
3356,7381,1
3356,7393,1
3356,7424,1
3356,7458,1
3356,7915,1
3356,7921,1
3356,7947,1
3356,7956,1
3356,8010,1
3356,8018,1
3356,8022,1
3356,8046,1
3356,8049,1
3356,8059,1
3356,8079,1
3356,8081,1
3356,8092,1
3356,8190,1
3356,8220,1
3356,8918,1
3356,9156,1
3356,9225,1
3356,9940,1
3356,10439,1
3356,10461,1
3356,10552,1
3356,10565,1
3356,10573,1
3356,10576,1
3356,10724,1
3356,10753,1
3356,10763,1
3356,10811,1
3356,10933,1
3356,11024,1
3356,11083,1
3356,11178,1
3356,11194,1
3356,11267,1
3356,11303,1
3356,11345,1
3356,11371,1
3356,11386,1
3356,11429,1
3356,11485,1
3356,11539,1
3356,11594,1
3356,11652,1
3356,11734,1
3356,11766,1
3356,11769,1
3356,11774,1
3356,11776,1
3356,11846,1
3356,11856,1
3356,11889,1
3356,11908,1
3356,12006,1
3356,12023,1
3356,12024,1
3356,12186,1
3356,12205,1
3356,12206,1
3356,12207,1
3356,12209,1
3356,12210,1
3356,12211,1
3356,12212,1
3356,12213,1
3356,12214,1
3356,12215,1
3356,12216,1
3356,12222,1
3356,12233,1
3356,12266,1
3356,13379,1
3356,13380,1
3356,13385,1
3356,13407,1
3356,13410,1
3356,13425,1
3356,13445,1
3356,13533,1
3356,13556,1
3356,13557,1
3356,13577,1
3356,13624,1
3356,13649,1
3356,13658,1
3356,13680,1
3356,13720,1
3356,13787,1
3356,13827,1
3356,13845,1
3356,13878,1
3356,13953,1
3356,13962,1
3356,14011,1
3356,14024,1
3356,14068,1
3356,14215,1
3356,14313,1
3356,14352,1
3356,14355,1
3356,14383,1
3356,14384,1
3356,14385,1
3356,14388,1
3356,14390,1
3356,14409,1
3356,14492,1
3356,14504,1
3356,14528,1
3356,14529,1
3356,14542,1
3356,14608,1
3356,14633,1
3356,14654,1
3356,14688,1
3356,14694,1
3356,14726,1
3356,14749,1
3356,14841,1
3356,14849,1
3356,14876,1
3356,14900,1
3356,14913,1
3356,14919,1
3356,14945,1
3356,14946,1
3356,14949,1
3356,14983,1
3356,15051,1
3356,15136,1
3356,15140,1
3356,15204,1
3356,15206,1
3356,15258,1
3356,15260,1
3356,15272,1
3356,15313,1
3356,15315,1
3356,16386,1
3356,16440,1
3356,16441,1
3356,16442,1
3356,16443,1
3356,16445,1
3356,16447,1
3356,16449,1
3356,16452,1
3356,16515,1
3356,16518,1
3356,16526,1
3356,16562,1
3356,16577,1
3356,16582,1
3356,16610,1
3356,16615,1
3356,16618,1
3356,16626,1
3356,16685,1
3356,16766,1
3356,16811,1
3356,16812,1
3356,16841,1
3356,17074,1
3356,17134,1
3356,17158,1
3356,17159,1
3356,17252,1
3356,17334,1
3356,18462,1
3356,18501,1
3356,18528,1
3356,18530,1
3356,18559,1
3356,18566,1
3356,18607,1
3356,18652,1
3356,18695,1
3356,18806,1
3356,18863,1
3356,18905,1
3356,18915,1
3356,18937,1
3356,18987,1
3356,18989,1
3356,18990,1
3356,19018,1
3356,19039,1
3356,19068,1
3356,19116,1
3356,19218,1
3356,19277,1
3356,19284,1
3356,19326,1
3356,19437,1
3356,19554,1
3356,19555,1
3356,19556,1
3356,19557,1
3356,19606,1
3356,19786,1
3356,20022,1
3356,20041,1
3356,2548,1
3356,297,1
3356,103,1
3356,174,1
3356,293,1
3356,2685,1
3356,2551,1
3356,714,1
3356,2041,1
3356,2568,1
3356,1833,1
3356,1215,1
3356,2871,1
3356,2529,1
3356,2752,1
3356,1746,1
3356,561,1
3356,762,1
3356,792,1
3407,701,1
3407,2828,1
3407,1,1
3407,2548,1
3407,293,1
3407,2551,1
3407,11296,1
3428,293,1
3491,701,1
3491,1239,1
3491,2828,1
3491,1,1
3491,2548,1
3491,293,1
3491,2685,1
3491,2551,1
3491,3932,1
3491,4198,1
3491,4969,1
3491,5056,1
3491,5641,1
3491,5779,1
3491,6261,1
3491,6958,1
3491,7962,1
3491,7985,1
3491,11551,1
3491,14390,1
3491,15186,1
3491,18781,1
3491,18963,1
3491,19044,1
3491,19877,1
3491,237,1
3491,2711,1
3491,3144,1
3582,3701,1
3582,4600,1
3634,4557,1
3677,3676,1
3701,701,1
3701,4201,1
3701,4222,1
3701,4600,1
3701,6366,1
3701,7396,1
3701,10876,1
3701,1798,1
3783,7193,1
3807,101,1
3932,2497,1
3932,701,1
3932,2828,1
3932,1,1
3932,209,1
3932,2548,1
3932,293,1
3932,2685,1
3932,34,1
3932,5056,1
4134,2516,1
4134,1221,1
4134,701,1
4134,1239,1
4134,4774,1
4134,4808,1
4134,7467,1
4134,9306,1
4134,9389,1
4134,9394,1
4134,9800,1
4134,14923,1
4148,8584,1
4222,6377,1
4540,701,1
4540,1239,1
4540,2828,1
4540,1,1
4540,7283,1
4540,8006,1
4540,10248,1
4540,10489,1
4540,10552,1
4540,10596,1
4540,11123,1
4540,11308,1
4540,11667,1
4540,11762,1
4540,11856,1
4540,13691,1
4540,13932,1
4540,14027,1
4540,14634,1
4540,14750,1
4540,17245,1
4540,19505,1
4540,19739,1
4540,1740,1
4540,2548,1
4540,715,1
4540,3776,1
4540,2551,1
4540,3594,1
4544,2497,1
4544,1239,1
4544,2828,1
4544,1,1
4544,1740,1
4544,2548,1
4544,293,1
4544,2685,1
4544,2551,1
4544,5056,1
4544,6245,1
4544,9193,1
4544,545,1
4557,7276,1
4557,11537,1
4557,13348,1
4557,302,1
4557,8,1
4557,3794,1
4592,701,1
4595,1239,1
4645,4647,1
4645,9293,1
4645,9590,1
4645,9665,1
4645,9926,1
4645,10116,1
4645,17435,1
4645,17485,1
4645,17706,1
4645,4635,1
4673,2497,1
4673,2516,1
4691,2497,1
4691,4774,1
5051,715,1
5051,4861,1
5051,9763,1
5089,2828,1
5089,2548,1
5089,702,1
5089,3300,1
5089,5500,1
5089,6939,1
5089,9011,1
5089,12323,1
5089,15727,1
5089,15926,1
5089,16032,1
5089,16353,1
5089,1299,1
5390,1,1
5390,2548,1
5390,2685,1
5390,702,1
5390,3333,1
5390,5409,1
5390,5413,1
5413,2828,1
5413,1740,1
5413,1273,1
5413,1103,1
5413,5400,1
5413,286,1
5413,1755,1
5413,1140,1
5413,3292,1
5413,5409,1
5413,3333,1
5413,3246,1
5413,1299,1
5413,5378,1
5413,2686,1
5413,1653,1
5413,1887,1
5413,5377,1
5413,5503,1
5413,5519,1
5413,5551,1
5413,5574,1
5413,6667,1
5413,6730,1
5413,8198,1
5413,8209,1
5413,8220,1
5413,8251,1
5413,8289,1
5413,8582,1
5413,8608,1
5413,8938,1
5413,8954,1
5413,8984,1
5413,9027,1
5413,12932,1
5413,2529,1
5413,2863,1
5462,2497,1
5462,2828,1
5462,1,1
5462,1740,1
5462,2548,1
5462,293,1
5462,2685,1
5462,3333,1
5462,5552,1
5462,6667,1
5462,6717,1
5462,8918,1
5462,15558,1
5462,15770,1
5462,15914,1
5462,4553,1
5604,1755,1
5604,6667,1
5637,2548,1
5637,715,1
5669,293,1
5669,1755,1
5669,3333,1
5669,6667,1
5669,6754,1
5669,8483,1
5669,8539,1
5669,8669,1
5669,9086,1
5669,12432,1
5669,12628,1
5669,12642,1
5669,15979,1
5669,19981,1
5669,3352,1
5669,5533,1
5669,5399,1
5696,2497,1
5696,1221,1
5696,1239,1
5696,2828,1
5696,1,1
5696,209,1
5696,1740,1
5696,2548,1
5696,6062,1
5696,6138,1
5696,6598,1
5696,6603,1
5696,7016,1
5696,7023,1
5696,7098,1
5696,7359,1
5696,7395,1
5696,7436,1
5696,7755,1
5696,7807,1
5696,7832,1
5696,7938,1
5696,8117,1
5696,10298,1
5696,10345,1
5696,10475,1
5696,10573,1
5696,10654,1
5696,10818,1
5696,10823,1
5696,10887,1
5696,10943,1
5696,10990,1
5696,11061,1
5696,11067,1
5696,11264,1
5696,11274,1
5696,11501,1
5696,11547,1
5696,11586,1
5696,11671,1
5696,11747,1
5696,11850,1
5696,11858,1
5696,11878,1
5696,11917,1
5696,11978,1
5696,12020,1
5696,12085,1
5696,12184,1
5696,12205,1
5696,13503,1
5696,13700,1
5696,13706,1
5696,13715,1
5696,13801,1
5696,13808,1
5696,13930,1
5696,14110,1
5696,14312,1
5696,14379,1
5696,14476,1
5696,14629,1
5696,14728,1
5696,14787,1
5696,14863,1
5696,14930,1
5696,14992,1
5696,15051,1
5696,15150,1
5696,15198,1
5696,15281,1
5696,15317,1
5696,15322,1
5696,16400,1
5696,16620,1
5696,16680,1
5696,16693,1
5696,16820,1
5696,16837,1
5696,16866,1
5696,16873,1
5696,16875,1
5696,16982,1
5696,17036,1
5696,17117,1
5696,17216,1
5696,17221,1
5696,17246,1
5696,18518,1
5696,18569,1
5696,18724,1
5696,18778,1
5696,18860,1
5696,18958,1
5696,19107,1
5696,19145,1
5696,19149,1
5696,19186,1
5696,19285,1
5696,19573,1
5696,19943,1
5696,19948,1
5696,19992,1
5696,19994,1
5696,20068,1
5696,293,1
5696,2685,1
5696,2551,1
5696,237,1
5696,2900,1
5696,4358,1
5696,3845,1
5696,3365,1
5696,3901,1
5696,1808,1
5702,701,1
5702,2548,1
5707,10812,1
5798,701,1
6076,701,1
6076,1239,1
6113,701,1
6113,1239,1
6113,2828,1
6113,1,1
6113,1740,1
6113,2548,1
6113,293,1
6113,2685,1
6113,2551,1
6113,6335,1
6113,6939,1
6113,7825,1
6113,65000,1
6199,174,1
6201,701,1
6201,1,1
6201,209,1
6201,5673,1
6210,12213,1
6234,701,1
6248,701,1
6248,1239,1
6248,4553,1
6261,701,1
6261,2548,1
6261,293,1
6261,2685,1
6261,8191,1
6261,14269,1
6481,11537,1
6493,4969,1
6493,11994,1
6561,293,1
6561,6939,1
6561,14750,1
6561,6355,1
6939,2497,1
6939,1221,1
6939,2828,1
6939,4969,1
6939,2548,1
6939,715,1
6939,174,1
6939,293,1
6939,2685,1
6939,8966,1
6939,9156,1
6939,10602,1
6939,14277,1
6939,14478,1
6939,18574,1
6939,2551,1
6971,715,1
6971,7955,1
6971,10614,1
6971,15035,1
7013,1239,1
7019,701,1
7019,209,1
7019,15266,1
7089,701,1
7089,7021,1
7106,701,1
7334,701,1
7362,701,1
7362,7290,1
7364,1,1
7462,1239,1
7462,10827,1
7462,10960,1
7462,11225,1
7515,9222,1
7515,9299,1
7515,10204,1
7515,11158,1
7515,13495,1
7629,1239,1
7629,9299,1
7629,11563,1
7629,11919,1
7629,17452,1
7629,7306,1
7674,2514,1
7773,10831,1
7773,14263,1
7790,701,1
7790,7168,1
7853,3593,1
7896,11317,1
7896,3850,1
7982,1239,1
8137,701,1
8137,1,1
8138,701,1
8159,3908,1
8220,1,1
8220,174,1
8220,286,1
8220,5409,1
8220,3333,1
8220,1836,1
8220,1299,1
8220,5551,1
8220,6675,1
8220,8235,1
8220,8372,1
8220,8627,1
8220,8782,1
8220,9052,1
8220,9126,1
8220,12432,1
8220,12433,1
8220,12640,1
8220,12755,1
8220,12761,1
8220,12878,1
8582,6667,1
8582,702,1
8582,3333,1
8582,8918,1
8582,12365,1
8582,15435,1
8582,15509,1
8582,16237,1
8918,701,1
8918,1239,1
8918,1,1
8918,6667,1
8918,8968,1
8918,8975,1
8918,9013,1
8918,9030,1
8918,9083,1
8918,9109,1
8918,9197,1
8918,9200,1
8918,10530,1
8918,12308,1
8918,12339,1
8918,12350,1
8918,12352,1
8918,12392,1
8918,12401,1
8918,12450,1
8918,12513,1
8918,12518,1
8918,12520,1
8918,12547,1
8918,12560,1
8918,12568,1
8918,12614,1
8918,12634,1
8918,12666,1
8918,12860,1
8918,12967,1
8918,13104,1
8918,13213,1
8918,13222,1
8918,13226,1
8918,13235,1
8918,13265,1
8918,13273,1
8918,15362,1
8918,15385,1
8918,15478,1
8918,15498,1
8918,15509,1
8918,15518,1
8918,15522,1
8918,15554,1
8918,15589,1
8918,15702,1
8918,15803,1
8918,15860,1
8918,15874,1
8918,15922,1
8918,16113,1
8918,5056,1
8918,513,1
8918,702,1
8918,286,1
8918,1136,1
8918,3333,1
8918,1299,1
8918,8782,1
8918,6675,1
8918,8434,1
8918,8469,1
8918,8553,1
8918,8289,1
8918,8473,1
8918,5424,1
8918,6818,1
8918,8251,1
8918,2611,1
8918,8426,1
8918,1853,1
8918,3307,1
8918,5381,1
8918,5399,1
8918,5597,1
8918,5419,1
8918,5432,1
8918,6829,1
8918,8198,1
8918,8227,1
8918,8266,1
8918,8391,1
8918,8514,1
8918,2602,1
8918,8648,1
8952,1755,1
9156,2497,1
9156,1,1
9156,174,1
9156,293,1
9156,6667,1
9156,2818,1
9193,6667,1
9193,3333,1
9193,12708,1
9193,13127,1
9193,2611,1
9193,9166,1
9299,10096,1
9299,715,1
9318,701,1
9318,9526,1
9318,9528,1
9318,9529,1
9318,9568,1
9318,9573,1
9318,9630,1
9318,9632,1
9318,9641,1
9318,9644,1
9318,9687,1
9318,9689,1
9318,9690,1
9318,9699,1
9318,9701,1
9318,9757,1
9318,9758,1
9318,9759,1
9318,9769,1
9318,9850,1
9318,9853,1
9318,9861,1
9318,9864,1
9318,9972,1
9318,10048,1
9318,10155,1
9318,10161,1
9318,10169,1
9318,10188,1
9318,13389,1
9318,2828,1
9318,2548,1
9318,715,1
9318,1280,1
9318,3608,1
9318,9276,1
9874,4657,1
9874,10117,1
9874,17645,1
10012,9225,2
10244,2828,1
10297,209,1
10297,11718,1
10297,13483,1
10363,701,1
10368,2548,1
10368,715,1
10685,701,1
10685,209,1
10714,2548,1
10737,12216,1
10763,1239,1
10763,2548,1
10768,16852,1
10781,1784,1
10836,4969,1
10876,4600,1
10912,701,1
10912,9443,1
10912,1239,1
10912,1,1
10912,209,1
10912,2548,1
10912,174,1
10912,10501,1
10912,10648,1
10912,6921,1
10912,7881,1
10912,11166,1
10912,11246,1
10912,11568,1
10912,11628,1
10912,11769,1
10912,11894,1
10912,11901,1
10912,12006,1
10912,12212,1
10912,12280,1
10912,13451,1
10912,13511,1
10912,13811,1
10912,13813,1
10912,13830,1
10912,14094,1
10912,14164,1
10912,14215,1
10912,14258,1
10912,14866,1
10912,14921,1
10912,15074,1
10912,16671,1
10912,16774,1
10912,17111,1
10912,18736,1
10912,18798,1
10912,18864,1
10912,19218,1
10912,19224,1
10912,19644,1
10912,6592,1
10912,7118,1
10912,7356,1
10912,7796,1
10945,14636,1
10979,701,1
10979,1239,1
11062,11354,1
11115,4239,1
11160,701,1
11195,701,1
11233,701,1
11233,6367,1
11298,701,1
11363,2548,1
11366,701,1
11393,701,1
11424,1239,1
11462,701,1
11466,701,1
11466,2548,1
11466,3789,1
11466,715,1
11466,5645,1
11466,4374,1
11466,11954,1
11466,13876,1
11466,13928,1
11466,2568,1
11471,701,1
11490,2548,1
11496,701,1
11496,209,1
11496,2548,1
11496,12180,1
11509,17333,1
11561,1239,1
11574,701,1
11608,1,1
11608,715,1
11610,701,1
11610,1239,1
11610,16610,1
11646,3908,1
11646,3446,1
11652,701,1
11655,701,1
11773,10812,1
11778,209,1
11808,101,1
11826,701,1
11837,6367,1
11846,701,1
11846,12108,1
11853,701,1
11853,1239,1
11853,1,1
11853,209,1
11853,2548,1
11853,174,1
11853,10884,1
11853,11303,1
11853,12006,1
11853,12207,1
11853,13738,1
11853,13795,1
11853,13851,1
11853,14081,1
11853,14215,1
11853,14308,1
11853,14455,1
11853,14715,1
11853,16639,1
11853,16737,1
11853,16945,1
11853,18462,1
11853,18704,1
11853,19024,1
11853,4568,1
11853,4583,1
11853,6496,1
11854,701,1
11854,1239,1
11854,1,1
11854,209,1
11854,2548,1
11854,10694,1
11854,10784,1
11854,11143,1
11854,12006,1
11854,12206,1
11854,13322,1
11854,14136,1
11854,14396,1
11854,14893,1
11854,19209,1
11854,6354,1
11854,6482,1
11854,7392,1
11855,701,1
11855,1239,1
11855,1,1
11855,209,1
11855,2548,1
11855,10710,1
11855,5079,1
11855,12006,1
11855,12205,1
11855,13653,1
11855,14297,1
11855,14487,1
11855,14925,1
11855,15087,1
11855,16791,1
11856,10588,1
11903,2548,1
11908,701,1
11908,10530,1
11908,11331,1
11908,12127,1
11908,16284,1
11908,3329,1
11908,5642,1
11908,8953,1
11916,1785,1
11954,209,1
11964,701,1
11964,14262,1
12003,1,1
12003,10926,1
12003,13790,1
12003,13857,1
12009,1,1
12009,11507,1
12044,701,1
12076,2497,1
12076,1239,1
12076,2828,1
12076,1,1
12076,715,1
12096,701,1
12178,701,1
12178,1239,1
12178,1,1
12178,209,1
12178,2548,1
12178,7246,1
12178,12006,1
12178,12214,1
12178,13619,1
12178,14039,1
12178,14584,1
12178,15127,1
12178,15356,1
12178,16627,1
12178,17114,1
12178,19183,1
12178,6979,1
12179,701,1
12179,1239,1
12179,1,1
12179,209,1
12179,2548,1
12179,10857,1
12179,714,1
12179,11040,1
12179,11303,1
12179,11485,1
12179,11520,1
12179,13884,1
12179,14067,1
12179,14612,1
12179,15280,1
12179,18843,1
12179,18878,1
12179,19853,1
12179,6334,1
12179,8149,1
12181,701,1
12181,1239,1
12181,1,1
12181,209,1
12181,174,1
12181,14884,1
12181,14943,1
12181,15168,1
12181,16671,1
12181,16740,1
12181,17318,1
12181,18965,1
12181,19301,1
12182,1239,1
12182,1,1
12182,15109,1
12182,7234,1
12186,1740,1
12225,701,1
12621,6667,1
12621,5607,1
12909,6667,1
12909,702,1
12909,12489,1
12909,13158,1
12909,15750,1
12909,16201,1
12909,20508,1
13127,6667,1
13127,702,1
13127,3333,1
13127,12902,1
13127,15942,1
13127,12689,1
13285,6667,1
13285,286,1
13340,10245,1
13342,1239,1
13342,2548,1
13456,701,1
13462,701,1
13476,101,1
13545,1239,1
13548,3908,1
13615,7776,1
13621,701,1
13626,701,1
13789,701,1
13789,1239,1
13789,1,1
13789,209,1
13789,2548,1
13789,7356,1
13789,11189,1
13789,11442,1
13789,12213,1
13789,13323,1
13789,13821,1
13789,14488,1
13789,14538,1
13789,14707,1
13789,14983,1
13789,15109,1
13789,15139,1
13789,15349,1
13789,16533,1
13789,16546,1
13789,16725,1
13789,16947,1
13789,17062,1
13789,17063,1
13789,17351,1
13789,18442,1
13789,19245,1
13789,19471,1
13789,20041,1
13790,701,1
13790,1239,1
13790,1,1
13790,174,1
13790,3404,1
13790,11479,1
13790,11765,1
13790,12210,1
13790,13649,1
13790,13954,1
13790,16992,1
13791,701,1
13791,1239,1
13791,1,1
13791,209,1
13791,174,1
13791,12211,1
13791,14215,1
13791,19007,1
13792,701,1
13792,1239,1
13792,1,1
13792,209,1
13792,174,1
13792,7356,1
13792,14385,1
13792,14490,1
13792,14983,1
13792,15021,1
13792,15109,1
13792,16562,1
13792,17278,1
13792,17370,1
13792,18432,1
13792,19876,1
13792,6941,1
13804,701,1
13826,2041,1
13841,174,1
13868,701,1
13945,6667,1
14086,701,1
14110,5673,1
14148,701,1
14163,701,1
14262,101,1
14262,11995,1
14263,10831,1
14327,701,1
14402,13964,1
14507,701,1
14668,6667,1
14717,701,1
14729,1784,1
14743,701,1
14743,1239,1
14743,1,1
14743,209,1
14743,14398,1
14743,14455,1
14743,16974,1
14743,17056,1
14743,18590,1
14743,19545,1
14796,701,1
14829,701,1
14847,1239,1
14847,209,1
14903,209,1
15069,1239,1
15069,174,1
15117,1239,1
15676,17334,1
15676,19190,1
16402,1239,1
16402,11102,1
16402,7441,1
16489,7292,1
16497,701,1
16619,701,1
16633,701,1
16714,701,1
16738,701,1
16745,5683,1
16754,701,1
16821,6104,1
16916,1239,1
17001,701,1
17017,701,1
17075,1239,1
17159,701,1
17159,1239,1
17159,1,1
17159,209,1
17192,701,1
17243,701,1
17508,2514,1
18459,174,1
18463,701,1
18477,3254,1
18517,1239,1
18630,3831,1
18711,11145,1
18756,209,1
18853,701,1
18879,1239,1
18888,6225,1
18888,19354,1
18906,701,1
18947,701,1
18973,1,1
18999,5656,1
19063,701,1
19084,2828,1
19102,7252,1
19105,1239,1
19257,1,1
19261,6104,1
19289,1239,1
19289,1,1
19353,701,1
19359,701,1
19467,701,1
19525,14636,1
19606,1239,1
19722,209,1
19816,701,1
9225,9229,1
9225,9269,1
9225,9444,2
9225,9584,2
9225,9666,1
9225,9800,1
9225,9826,1
9225,10033,2
9225,10228,2
9225,2497,2
9225,2516,2
9225,4631,1
9225,7713,1
9225,4635,1
9225,2915,1
9225,2521,1
9225,2706,1
9225,4142,1
9225,4623,1
9225,7578,2
9225,9223,1
9229,703,1
9269,2828,1
9269,4635,1
9269,4616,1
9269,7499,1
9444,4631,1
9584,703,2
9584,9793,2
9584,9800,1
9584,9939,2
9584,10026,1
9584,17541,2
9584,4862,2
9584,4635,1
9584,4810,1
9584,4849,1
9584,9244,1
9666,703,1
9666,4635,1
9800,701,1
9800,4862,1
9800,9801,1
9800,9812,1
9800,10099,1
9800,4774,1
9800,4789,1
9800,4799,1
9826,703,1
9826,4635,1
9826,9254,1
9826,9836,1
9826,9914,1
9826,4650,1
2497,2498,1
2497,2500,1
2497,2509,1
2497,2510,1
2497,2513,1
2497,2514,1
2497,2515,2
2497,2516,2
2497,2518,1
2497,2519,1
2497,2521,1
2497,2523,2
2497,2526,1
2497,2527,1
2497,2548,1
2497,2551,1
2497,2685,1
2497,2687,1
2497,2828,1
2497,2907,1
2497,2915,1
2497,4000,1
2497,4197,1
2497,4459,1
2497,4527,1
2497,4677,1
2497,4682,1
2497,4688,1
2497,4689,1
2497,4692,1
2497,4702,1
2497,4774,1
2497,4777,1
2497,6667,1
2497,7500,1
2497,7516,1
2497,7519,1
2497,7521,2
2497,7522,1
2497,7531,2
2497,7664,2
2497,7668,1
2497,7670,1
2497,7671,2
2497,7672,2
2497,7676,1
2497,7679,1
2497,7682,1
2497,7685,2
2497,9222,1
2497,9371,1
2497,9619,2
2497,9621,2
2497,9622,2
2497,9993,2
2497,10020,2
2497,703,2
2497,701,2
2497,1239,1
2497,1,1
2497,209,1
2497,1740,1
2497,297,1
2497,293,1
2497,109,1
2497,2041,1
2497,1800,1
2497,1746,1
2497,33,1
2498,2907,1
2500,2501,1
2500,2504,1
2500,2506,1
2500,2508,1
2500,2511,1
2500,2516,1
2500,2907,1
2500,4459,1
2500,4689,1
2500,4717,1
2500,4730,1
2500,7660,1
2500,7667,1
2500,9367,1
2510,2516,1
2510,7502,1
2510,12274,1
2513,2505,1
2513,2516,1
2513,2523,1
2513,3488,1
2513,3510,1
2513,4729,1
2513,7500,1
2513,7660,1
2513,7661,1
2513,9355,1
2514,2516,1
2514,2521,1
2514,7671,1
2514,9994,1
2514,10090,1
2514,10743,1
2516,2518,1
2516,2519,1
2516,2526,1
2516,2527,1
2516,2548,1
2516,2828,1
2516,3462,1
2516,4459,1
2516,4702,1
2516,4703,1
2516,4758,1
2516,4761,1
2516,4777,1
2516,4795,2
2516,4799,1
2516,6667,1
2516,6894,1
2516,7306,1
2516,7479,2
2516,7500,1
2516,7522,1
2516,7527,2
2516,7643,1
2516,7667,1
2516,7676,1
2516,7678,2
2516,7679,1
2516,7682,1
2516,7687,2
2516,8920,2
2516,9497,1
2516,9597,2
2516,9600,2
2516,10021,2
2516,10362,1
2516,17444,1
2516,1221,2
2516,701,2
2516,1239,1
2516,209,1
2516,715,1
2516,1668,1
2516,202,1
2518,7500,1
2521,174,1
2521,2524,1
2521,2554,1
2521,7500,1
2521,7525,1
2521,7661,1
2521,7664,1
2521,7665,1
2521,7670,1
2521,7679,1
2521,9374,1
2521,9622,1
2527,4774,1
2527,7530,1
2527,9600,1
2527,9619,1
2548,701,1
2548,1239,1
2548,1,1
2548,209,1
2548,1740,1
2548,2551,1
2548,2685,1
2548,2828,1
2548,2897,1
2548,3144,1
2548,3292,1
2548,3706,1
2548,3707,1
2548,3789,1
2548,3944,1
2548,4958,1
2548,4969,1
2548,5006,1
2548,5049,1
2548,5056,1
2548,5779,1
2548,6061,1
2548,6082,1
2548,6109,1
2548,6128,1
2548,6130,1
2548,6137,1
2548,6181,1
2548,6316,1
2548,6434,1
2548,6459,1
2548,6468,1
2548,6530,1
2548,6730,1
2548,6973,1
2548,7035,1
2548,7132,1
2548,7182,1
2548,7291,1
2548,7292,1
2548,7293,1
2548,7294,1
2548,7309,1
2548,7349,1
2548,7416,1
2548,7426,1
2548,7734,1
2548,7744,1
2548,7828,1
2548,7859,1
2548,7866,1
2548,7877,1
2548,7931,1
2548,7958,1
2548,7968,1
2548,8012,1
2548,8083,1
2548,8189,1
2548,8191,1
2548,8927,1
2548,9000,1
2548,9728,1
2548,10298,1
2548,10355,1
2548,10383,1
2548,10424,1
2548,10497,1
2548,10532,1
2548,10534,1
2548,10598,1
2548,10667,1
2548,10741,1
2548,10745,1
2548,10780,1
2548,10805,1
2548,10848,1
2548,10882,1
2548,10942,1
2548,10991,1
2548,11019,1
2548,11100,1
2548,11163,1
2548,11174,1
2548,11176,1
2548,11182,1
2548,11210,1
2548,11211,1
2548,11215,1
2548,11221,1
2548,11226,1
2548,11228,1
2548,11250,1
2548,11261,1
2548,11299,1
2548,11305,1
2548,11316,1
2548,11329,1
2548,11347,1
2548,11396,1
2548,11397,1
2548,11403,1
2548,11410,1
2548,11461,1
2548,11474,1
2548,11501,1
2548,11517,1
2548,11539,1
2548,11569,1
2548,11570,1
2548,11578,1
2548,11587,1
2548,11611,1
2548,11658,1
2548,11691,1
2548,11713,1
2548,11740,1
2548,11753,1
2548,11811,1
2548,11820,1
2548,11831,1
2548,11860,1
2548,11877,1
2548,11897,1
2548,11910,1
2548,12019,1
2548,12041,1
2548,12054,1
2548,12064,1
2548,12131,1
2548,12160,1
2548,12164,1
2548,12180,1
2548,12242,1
2548,12861,1
2548,13347,1
2548,13380,1
2548,13382,1
2548,13391,1
2548,13458,1
2548,13517,1
2548,13518,1
2548,13680,1
2548,13713,1
2548,13729,1
2548,13756,1
2548,13801,1
2548,13810,1
2548,13896,1
2548,13926,1
2548,13972,1
2548,13998,1
2548,14076,1
2548,14125,1
2548,14251,1
2548,14341,1
2548,14462,1
2548,14478,1
2548,14523,1
2548,14765,1
2548,14771,1
2548,14819,1
2548,14897,1
2548,14965,1
2548,15015,1
2548,15020,1
2548,15049,1
2548,15123,1
2548,15126,1
2548,15145,1
2548,15255,1
2548,15268,1
2548,16385,1
2548,16439,1
2548,16512,1
2548,16583,1
2548,16631,1
2548,16679,1
2548,16810,1
2548,16884,1
2548,16984,1
2548,16985,1
2548,17019,1
2548,17027,1
2548,17029,1
2548,17081,1
2548,17391,1
2548,18512,1
2548,18601,1
2548,18664,1
2548,18832,1
2548,18998,1
2548,19454,1
2548,19578,1
2548,19776,1
2548,19824,1
2548,19995,1
2548,20009,1
2548,297,1
2548,174,1
2548,293,1
2548,1668,1
2548,1785,1
2548,600,1
2548,683,1
2548,2041,1
2548,1280,1
2548,237,1
2548,668,1
2548,1833,1
2548,1800,1
2548,568,1
2548,1746,1
2548,33,1
2548,77,1
2551,701,1
2551,1239,1
2551,1,1
2551,209,1
2551,1740,1
2551,297,1
2551,715,1
2551,174,1
2551,293,1
2551,2685,1
2551,2711,1
2551,2828,1
2551,2882,1
2551,4000,1
2551,4553,1
2551,6081,1
2551,10696,1
2551,10864,1
2551,11364,1
2551,12268,1
2551,13446,1
2551,13503,1
2551,14444,1
2551,19335,1
2551,683,1
2551,2041,1
2551,668,1
2551,568,1
2551,1746,1
2685,701,1
2685,1239,1
2685,1,1
2685,209,1
2685,297,1
2685,174,1
2685,293,1
2685,2686,1
2685,2687,1
2685,2688,1
2685,2828,1
2685,4000,1
2685,4969,1
2685,5680,1
2685,5681,1
2685,7132,1
2685,7165,1
2685,7270,1
2685,7288,1
2685,13541,1
2685,13608,1
2685,14904,1
2685,14912,1
2685,16807,1
2685,19093,1
2685,2041,1
2685,237,1
2685,568,1
2685,1698,1
2685,1842,1
2687,1221,1
2687,4662,1
2687,9536,1
2687,9653,1
2687,9906,1
2687,10120,1
2828,701,1
2828,1239,1
2828,2882,1
2828,2883,1
2828,3300,1
2828,3789,1
2828,3840,1
2828,4000,1
2828,4432,1
2828,4553,1
2828,4664,1
2828,4768,1
2828,4908,1
2828,5006,1
2828,5673,1
2828,5676,1
2828,5693,1
2828,5725,1
2828,5726,1
2828,6200,1
2828,6245,1
2828,6368,1
2828,6405,1
2828,7397,1
2828,7611,1
2828,8018,1
2828,9848,1
2828,10530,1
2828,10805,1
2828,10953,1
2828,11093,1
2828,11423,1
2828,11867,1
2828,13445,1
2828,13920,1
2828,14406,1
2828,14590,1
2828,14815,1
2828,14816,1
2828,14821,1
2828,16420,1
2828,16660,1
2828,16743,1
2828,16771,1
2828,16828,1
2828,16865,1
2828,16940,1
2828,19048,1
2828,19091,1
2828,19522,1
2828,20156,1
2828,1,1
2828,209,1
2828,577,1
2828,1740,1
2828,297,1
2828,103,1
2828,174,1
2828,293,1
2828,1668,1
2828,226,1
2828,1785,1
2828,378,1
2828,513,1
2828,600,1
2828,683,1
2828,2041,1
2828,32,1
2828,1746,1
2828,33,1
2907,3836,1
2907,4689,1
2907,4730,1
2907,7509,1
2907,7660,1
2907,9367,1
2907,9372,1
2907,9591,1
2907,11537,1
2907,2501,1
2907,2504,1
2907,2505,1
2907,2506,1
2907,2508,1
2907,2503,1
2907,2520,1
2915,151,1
2915,4682,1
2915,4728,1
2915,4733,1
2915,7513,1
2915,7669,1
2915,7670,1
2915,9374,1
2915,9827,1
2915,17504,1
4000,1239,1
4000,1740,1
4000,293,1
4000,4003,1
4000,4004,1
4000,4635,1
4000,4689,1
4000,4805,1
4000,4861,1
4000,4862,1
4000,5564,1
4000,6505,1
4000,6826,1
4000,6897,1
4000,6945,1
4000,7303,1
4000,7618,1
4000,7927,1
4000,7980,1
4000,7984,1
4000,7993,1
4000,7994,1
4000,8280,1
4000,8406,1
4000,8584,1
4000,11830,1
4000,3662,1
4197,4996,1
4677,703,1
4682,4700,1
4682,7530,1
4682,7663,1
4682,9335,1
4688,4718,1
4689,4733,1
4689,7513,1
4689,4686,1
4702,4714,1
4774,4651,1
4774,4618,1
4774,2042,1
4774,4628,1
4774,2706,1
4774,4788,1
4774,4795,1
4774,6163,1
6667,3741,1
6667,6728,1
6667,6743,1
6667,6774,1
6667,6776,1
6667,6779,1
6667,6793,1
6667,6830,1
6667,6847,1
6667,8198,1
6667,8209,1
6667,8213,1
6667,8235,1
6667,8237,1
6667,8251,1
6667,8272,1
6667,8289,1
6667,8406,1
6667,8434,1
6667,8473,1
6667,8483,1
6667,8553,1
6667,8608,1
6667,8647,1
6667,8743,1
6667,8758,1
6667,8785,1
6667,8812,1
6667,8840,1
6667,8851,1
6667,8897,1
6667,8954,1
6667,8966,1
6667,8984,1
6667,9013,1
6667,9027,1
6667,9044,1
6667,9060,1
6667,9133,1
6667,9143,1
6667,9189,1
6667,9191,1
6667,9200,1
6667,10530,1
6667,12352,1
6667,12390,1
6667,12414,1
6667,12513,1
6667,12520,1
6667,12552,1
6667,12597,1
6667,12606,1
6667,12634,1
6667,12712,1
6667,12868,1
6667,12917,1
6667,12932,1
6667,12967,1
6667,13030,1
6667,13177,1
6667,13197,1
6667,13250,1
6667,13276,1
6667,13300,1
6667,15424,1
6667,15435,1
6667,15441,1
6667,15477,1
6667,15482,1
6667,15496,1
6667,15509,1
6667,15623,1
6667,15667,1
6667,15731,1
6667,15879,1
6667,16023,1
6667,16237,1
6667,16267,1
6667,1103,1
6667,2603,1
6667,5400,1
6667,286,1
6667,5607,1
6667,1140,1
6667,786,1
6667,1200,1
6667,3292,1
6667,5409,1
6667,3333,1
6667,3220,1
6667,3246,1
6667,1299,1
6667,5378,1
6667,3328,1
6667,5583,1
6667,2110,1
6667,1887,1
6667,1257,1
6667,5571,1
6667,1741,1
6667,6067,1
6667,5574,1
6667,5377,1
6667,2856,1
6667,790,1
6667,5466,1
6667,3344,1
6667,5556,1
6667,2874,1
6667,1342,1
6667,6082,1
6667,2529,1
6667,1739,1
6667,559,1
6667,1883,1
6667,2818,1
6667,3265,1
6667,3336,1
6667,719,1
6667,5381,1
6667,5399,1
6667,5417,1
6667,5503,1
6667,5515,1
6667,5590,1
6667,5597,1
6667,5611,1
6667,5615,1
6667,6652,1
6667,5419,1
7521,7677,1
7668,7672,1
7670,9991,1
7670,4695,1
7676,9612,1
7679,703,1
7679,4695,1
7679,9621,1
7679,7511,1
7685,7502,1
7685,7529,1
3462,1221,1
3462,4747,1
3462,4781,1
3462,4782,1
3462,7478,1
3462,7483,1
3462,9216,1
3462,9244,1
3462,9283,1
3462,9450,1
3462,9674,1
3462,9679,1
3462,9917,1
3462,10229,1
3462,11754,1
3462,17408,1
3462,17416,1
3462,17421,1
3462,151,1
4703,7490,1
4703,9366,1
4703,4696,1
4758,703,1
4761,1221,1
4761,1239,1
4761,4434,1
4761,4795,1
4761,4800,1
4761,5400,1
4761,9794,1
4761,17658,1
4799,701,1
4799,1239,1
4799,7640,1
4799,9395,1
4799,9801,1
4799,9803,1
4799,9805,1
4799,9809,1
6894,5378,1
6894,8375,1
6894,8836,1
7306,9658,1
7643,1221,1
7643,1239,1
7667,7660,1
8920,12517,1
8920,6731,1
9497,701,1
9497,10224,1
9497,17452,1
9497,17636,1
9497,7491,1
9497,9386,1
7657,1221,1
7657,703,1
7657,7719,1
7657,9652,1
7657,10150,1
7657,17480,1
7657,17484,1
7657,4739,1
7657,4805,1
7657,7598,1
7657,7600,1
7657,7648,1
7657,7652,1
9245,9941,1
9303,9941,1
9325,9559,1
9325,9887,1
9345,4763,1
9503,4768,1
9872,9343,1
9889,4763,1
9889,9941,1
9941,4740,1
9941,4805,1
9941,9470,1
10022,4768,1
4768,9338,2
4768,9431,2
4768,9433,1
4768,9436,2
4768,9470,1
4768,9495,2
4768,9511,1
4768,9727,2
4768,9731,2
4768,9790,2
4768,703,2
9511,4770,1
9727,4763,1
9731,4763,1
9790,4740,1
9837,10023,2
9837,703,2
9837,7474,1
9837,4736,1
9837,4433,1
9837,9476,1
4657,7658,2
4657,9292,1
4657,9335,2
4657,9419,2
4657,9719,1
4657,10024,2
4657,10120,1
4657,17548,2
4657,17617,2
4657,151,1
7658,4628,1
9292,3758,1
9419,7610,1
9719,3758,1
10024,8244,1
10120,3758,1
17617,7610,1
7543,1221,1
7543,4634,1
7543,7474,1
7543,7584,1
7543,7598,1
7543,9387,1
7543,9507,1
7543,9723,1
7586,703,1
7586,7474,1
7586,7604,1
7586,7605,1
7586,7703,1
7586,7719,1
7586,9266,1
7586,9294,1
7586,9384,1
7586,9508,1
7586,9544,1
7586,9549,1
7586,9664,1
7586,9838,1
7586,9885,1
7586,10084,1
7586,14172,1
7586,4739,1
7607,703,1
7652,2764,1
7719,1221,1
9288,14172,1
9340,9448,1
9429,1221,1
9498,701,1
9498,10106,1
9498,17495,1
9498,17632,1
9498,9430,1
9498,5400,1
9498,2856,1
9553,7474,1
9583,701,1
9583,11919,1
9583,17175,1
9656,703,1
9656,701,1
9729,703,1
9729,9814,1
9729,9891,1
9729,9914,1
9729,10238,1
9729,7497,1
9729,7659,1
9729,9259,1
9740,703,2
9740,10031,2
9740,10075,2
9740,10091,1
9740,10100,1
9892,4628,1
9905,10530,1
9905,11919,1
9919,701,1
9930,701,1
9989,703,1
10029,701,1
10084,703,1
10084,10236,1
10084,65500,1
10084,10083,1
10084,2764,1
10084,7609,1
10084,7635,1
10084,7703,1
10084,9398,1
10084,9542,1
10084,9664,1
10084,9795,1
10084,9822,1
10084,9885,1
10091,703,1
10101,701,1
10113,1221,1
10113,703,1
10113,7631,1
10121,703,1
10199,11919,1
10530,701,1
10530,9398,1
10530,10269,1
10530,4926,1
10530,10502,1
10530,10778,1
10530,11367,1
10530,12143,1
10530,12687,1
10530,13032,1
10530,13224,1
10530,13595,1
10530,13856,1
10530,13999,1
10530,14202,1
10530,15159,1
10530,15772,1
10530,15834,1
10530,16031,1
10530,16592,1
10530,17079,1
10530,17400,1
10530,17409,1
10530,17433,1
10530,18455,1
10530,18895,1
10530,19114,1
10530,2027,1
10530,2277,1
10530,4434,1
10530,4787,1
10530,5593,1
10530,5639,1
10530,5710,1
10530,6127,1
10530,6487,1
10530,7584,1
10530,7590,1
10530,7632,1
10530,7699,1
10530,8452,1
10530,9051,1
10530,9326,1
10530,9334,1
10530,9549,1
10530,9558,1
10530,9744,1
10530,9834,1
17409,2764,1
17409,9267,1
17409,9460,1
17409,9912,1
17486,9664,1
17486,65535,1
17486,9301,1
17486,9820,1
17486,9928,1
8244,701,1
8244,1849,1
4641,4635,1
4641,3661,1
4747,7483,2
4747,9554,1
4747,9902,1
4748,4058,1
5384,8966,1
7484,4058,1
7499,4635,1
7540,703,1
7540,9505,1
7540,9520,1
7540,9739,1
7540,10232,1
7646,703,1
7713,703,1
7713,9657,1
7713,11919,1
7713,4796,1
9236,4862,1
9236,4635,1
9241,701,1
9440,703,1
9440,4058,1
9474,4635,1
9474,17550,1
9502,703,1
9502,4058,1
9502,702,1
9504,4058,1
9552,2706,1
9581,10166,1
9653,9935,1
9653,17487,1
9653,4810,1
9658,9670,1
9658,10139,1
9658,17433,1
9658,4775,1
9658,7491,1
9658,9386,1
9658,6163,1
9658,2752,1
9658,4743,1
9658,4759,1
9658,9654,1
9739,701,1
9739,10099,1
9739,209,1
9799,703,1
9891,703,1
9899,703,1
9899,10098,1
10025,4651,1
10100,703,1
10100,7474,1
11536,701,1
11536,1239,1
11536,7272,1
17537,703,1
4651,4750,2
4651,4765,1
4651,7470,1
4651,7487,2
4651,7568,1
4651,7613,2
4651,7616,2
4651,7636,1
4651,7654,2
4651,7715,2
4651,9315,2
4651,9834,1
4651,9931,2
4651,4618,2
4651,4274,1
4651,4621,1
4750,7596,1
4750,9741,1
4750,9835,2
4750,10086,1
4750,11919,1
4750,1239,1
4750,4652,1
4765,9649,1
4765,11919,1
7470,9881,1
7470,17468,1
7470,17552,1
7568,7596,1
7568,9475,1
7568,9546,1
7568,9881,1
7568,17489,1
7613,9881,1
7616,8961,1
7616,9881,1
7654,9715,2
1221,1833,1
1221,2170,1
1221,2764,1
1221,2823,1
1221,3607,1
1221,4608,2
1221,4736,1
1221,4739,1
1221,4740,1
1221,4742,1
1221,4744,1
1221,4752,1
1221,4763,1
1221,4786,1
1221,4788,1
1221,4860,2
1221,6992,2
1221,7175,2
1221,7474,1
1221,7486,1
1221,7496,1
1221,7545,1
1221,7556,2
1221,7566,1
1221,7567,1
1221,7604,1
1221,7605,1
1221,7632,1
1221,7718,2
1221,7720,1
1221,9249,2
1221,9262,2
1221,9278,1
1221,9300,1
1221,9313,1
1221,9328,1
1221,9412,1
1221,9426,1
1221,9443,1
1221,9451,2
1221,9463,1
1221,9465,2
1221,9481,2
1221,9505,1
1221,9509,1
1221,9540,2
1221,9547,1
1221,9555,1
1221,9558,1
1221,9567,1
1221,9624,2
1221,9650,1
1221,9652,1
1221,9667,1
1221,9717,1
1221,9734,1
1221,9746,2
1221,9748,1
1221,9792,1
1221,9797,1
1221,9901,2
1221,9913,1
1221,9942,1
1221,9983,1
1221,10026,1
1221,10115,1
1221,10123,2
1221,10129,1
1221,10134,1
1221,10145,1
1221,10221,1
1221,10235,1
1221,17204,1
1221,17434,1
1221,17484,1
1221,17499,2
1221,17562,2
1221,17631,1
1221,65000,1
1221,65529,2
1221,65530,2
1221,1,1
1221,715,1
1221,109,1
1221,151,1
1833,701,1
1833,1239,1
1833,1,1
1833,174,1
1833,3209,1
1833,3292,1
1833,8210,1
1833,8837,1
1833,11875,1
1833,12457,1
1833,13264,1
1833,14011,1
1833,18695,1
1833,1299,1
2170,7474,1
2764,2823,1
2764,3409,1
2764,4742,1
2764,7474,1
2764,7555,1
2764,7579,1
2764,7580,1
2764,7598,1
2764,7600,1
2764,7601,1
2764,7631,1
2764,7644,1
2764,7647,1
2764,7716,1
2764,9240,1
2764,9282,1
2764,9295,1
2764,9300,1
2764,9313,1
2764,9314,1
2764,9328,1
2764,9384,1
2764,9463,1
2764,9508,1
2764,9510,1
2764,9543,1
2764,9567,1
2764,9585,1
2764,9714,1
2764,9725,1
2764,9792,1
2764,9913,1
2764,10129,1
2764,10141,1
2764,10213,1
2764,10216,1
2764,17437,1
2764,17536,1
2764,17631,1
2764,17635,1
3607,7474,1
4736,7474,1
4736,9382,1
4736,17473,1
4739,703,1
4739,9556,1
4740,703,1
4740,4763,1
4740,4807,1
4740,10131,1
4740,3840,1
4740,4433,1
4742,5075,1
4742,7474,1
4744,7474,1
4752,4805,1
4763,6831,1
4763,9736,1
4763,9887,1
4763,17646,1
4786,701,1
4786,7631,1
4786,7694,1
4786,9446,1
4786,9451,1
4786,9543,1
4786,9788,1
4786,10123,1
4786,17551,1
4788,7544,1
4788,9290,1
4788,9833,1
4788,10152,1
4788,10204,1
4788,17464,1
4788,17666,1
4788,3918,1
4860,9797,1
6992,1668,1
7474,701,1
7474,4634,1
7474,7475,1
7474,7476,1
7474,7486,1
7474,7498,1
7474,7542,1
7474,7567,1
7474,7569,1
7474,7570,1
7474,7571,1
7474,7572,1
7474,7573,1
7474,7574,1
7474,7580,1
7474,7601,1
7474,7617,1
7474,7648,1
7474,9219,1
7474,9240,1
7474,9250,1
7474,9258,1
7474,9278,1
7474,9279,1
7474,9280,1
7474,9285,1
7474,9300,1
7474,9313,1
7474,9342,1
7474,9408,1
7474,9412,1
7474,9426,1
7474,9443,1
7474,9447,1
7474,9480,1
7474,9484,1
7474,9509,1
7474,9518,1
7474,9543,1
7474,9547,1
7474,9555,1
7474,9564,1
7474,9623,1
7474,9650,1
7474,9661,1
7474,9667,1
7474,9716,1
7474,9717,1
7474,9723,1
7474,9748,1
7474,9788,1
7474,9797,1
7474,9932,1
7474,9933,1
7474,9983,1
7474,9985,1
7474,10079,1
7474,10105,1
7474,10115,1
7474,10134,1
7474,10145,1
7474,10221,1
7474,10235,1
7474,17434,1
7474,17438,1
7474,17467,1
7474,17477,1
7474,17484,1
7474,17566,1
7474,17640,1
7474,17647,1
7474,17662,1
7474,201,1
7474,3108,1
7474,4805,1
7474,4295,1
7474,4738,1
7474,4804,1
7496,703,1
7545,701,1
7545,1239,1
7545,9481,1
7545,9721,1
7545,10141,1
7567,4805,1
9278,9716,1
9328,10127,1
9443,10097,1
9505,701,1
9505,9674,1
9505,9785,1
9505,10126,1
9505,10128,1
9505,4609,1
9505,4662,1
9505,4778,1
9505,4780,1
9505,7478,1
9505,7534,1
9505,7538,1
9505,7533,1
9505,7710,1
9505,9283,1
9505,9310,1
9505,9415,1
9505,9416,1
9505,9450,1
9505,7482,1
9505,7535,1
9505,7649,1
9797,4770,1
9797,7611,1
9901,4770,1
9942,1,1
9942,3409,1
9942,7579,1
9942,7598,1
9942,7489,1
9942,9651,1
10026,703,1
10026,9256,1
17204,715,1
65530,65531,1
65530,65519,1
65530,65520,1
65530,65524,1
65530,65527,1
703,705,1
703,724,1
703,1298,1
703,1668,1
703,2647,1
703,2706,1
703,3108,1
703,3363,2
703,3569,1
703,3573,1
703,4158,1
703,4528,2
703,4611,1
703,4614,1
703,4616,1
703,4627,1
703,4628,1
703,4631,1
703,4724,2
703,4801,2
703,4807,1
703,4854,1
703,6448,1
703,7046,1
703,7131,1
703,7468,1
703,7469,2
703,7492,2
703,7498,1
703,7529,1
703,7589,1
703,7617,1
703,7637,1
703,7650,2
703,7722,2
703,9223,1
703,9237,1
703,9254,1
703,9256,1
703,9282,1
703,9332,2
703,9366,1
703,9434,2
703,9438,2
703,9461,2
703,9468,2
703,9513,2
703,9550,2
703,9589,2
703,9660,2
703,9672,2
703,9732,2
703,9798,1
703,9827,1
703,9839,2
703,9881,1
703,9890,1
703,9908,2
703,9914,1
703,10031,2
703,10032,2
703,10074,2
703,10082,2
703,10098,1
703,17411,2
703,17445,1
703,17455,2
703,17456,2
703,17565,2
703,17669,2
703,17706,1
703,18676,1
703,18882,1
703,19569,1
703,701,2
703,173,1
705,701,1
705,702,1
705,815,1
705,14551,1
724,568,1
724,747,1
724,1600,1
724,1602,1
724,1637,1
724,1649,1
724,1727,1
724,1959,1
724,1985,1
724,1989,1
724,2746,1
724,3954,1
724,4441,1
724,5303,1
724,5322,1
724,5326,1
724,5328,1
724,5845,1
724,5860,1
724,5872,1
724,5881,1
724,5958,1
724,637,1
724,227,1
724,425,1
724,446,1
724,619,1
724,635,1
724,638,1
1298,3758,1
1668,701,1
1668,1239,1
1668,1,1
1668,209,1
1668,1682,1
1668,5409,1
1668,5686,1
1668,10593,1
1668,10681,1
1668,14853,1
1668,14854,1
1668,14855,1
2647,701,1
2647,1273,1
2647,1103,1
2647,702,1
2647,5409,1
2647,15499,1
2647,288,1
3363,3662,1
3569,701,1
3569,3259,1
3569,702,1
3573,701,1
3573,702,1
4158,3662,1
4528,3662,1
4611,4058,1
4611,4635,1
4614,4862,1
4614,7611,1
4616,3662,1
4628,7491,1
4628,7634,1
4628,9827,1
4628,11919,1
4628,17423,1
4628,17560,1
4628,151,1
4631,4635,1
4631,4810,1
4631,9468,1
4631,9742,1
4631,9938,1
4631,10151,1
4631,17565,1
4631,4142,1
4854,7598,1
4854,9265,1
6448,701,1
6448,12631,1
6448,13001,1
7046,701,1
7131,701,1
7468,4058,1
7468,4635,1
7492,9476,1
7498,9820,1
7589,1299,1
7589,9231,1
7589,7581,1
7617,9886,1
7617,14172,1
7617,17559,1
7637,4433,1
7650,3662,1
7722,7704,1
9237,10125,1
9434,7610,1
9513,9381,1
9513,10210,1
9550,9544,1
9660,4058,1
9798,201,1
9839,200,1
9839,11563,1
9881,9988,1
9890,3758,1
9908,9381,1
10031,10218,2
10032,10202,2
10032,4862,2
10098,10132,1
17445,4635,1
17456,4058,1
18676,701,1
18676,2822,1
18882,701,1
19569,701,1
17541,4058,1
4618,4767,1
4618,9551,2
4618,9715,2
4618,9835,2
4618,10028,2
4767,4717,1
4767,4776,1
9551,4621,1
9715,4776,1
9715,4741,1
9835,7596,1
9796,11919,1
9825,701,1
9910,8164,1
9910,15697,1
17426,701,1
17447,11919,1
17471,17495,1
17471,17470,1
17488,8961,1
6539,701,1
6539,7361,1
6539,10329,1
6539,10678,1
6539,12130,1
6539,13441,1
6539,13773,1
6539,13937,1
6539,14007,1
6539,14112,1
6539,14280,1
6539,15044,1
6539,15247,1
6539,17334,1
6539,17345,1
6539,17392,1
6539,18646,1
6539,18986,1
6539,19016,1
6539,19671,1
6539,19672,1
6539,376,1
6539,3602,1
6539,2161,1
6539,271,1
6539,4509,1
6539,6058,1
6648,9410,1
6648,9442,1
6648,9821,1
6648,10275,1
6648,17498,1
6648,3550,1
6660,701,1
6660,293,1
6660,5378,1
6661,3300,1
6661,9008,1
6661,12684,1
6661,3347,1
6697,6850,1
6697,12358,1
6697,12406,1
6697,15842,1
6697,5498,1
6715,15856,1
6731,5551,1
6731,8334,1
6731,8342,1
6731,8641,1
6731,8846,1
6731,12686,1
6731,12976,1
6731,15984,1
6813,701,1
6813,702,1
6813,12386,1
6813,12793,1
6813,766,1
6846,8340,1
6846,8343,1
6846,8601,1
6846,13126,1
6846,13202,1
6846,16066,1
6846,5380,1
6863,8342,1
6863,15468,1
6877,5400,1
6877,12545,1
6877,13188,1
6945,1239,1
7004,7418,1
7004,7993,1
7004,10502,1
7004,14117,1
7004,15311,1
7004,16471,1
7004,16629,1
7004,19196,1
7148,701,1
7148,3259,1
7148,8551,1
7271,701,1
7271,3602,1
7271,3812,1
7271,13705,1
7271,13901,1
7271,14116,1
7303,1239,1
7303,4387,1
7303,7803,1
7303,7934,1
7303,10277,1
7303,10452,1
7303,10481,1
7303,10617,1
7303,10834,1
7303,10983,1
7303,11193,1
7303,11311,1
7303,11356,1
7303,11786,1
7303,11815,1
7303,12150,1
7303,13318,1
7303,13514,1
7303,13591,1
7303,14232,1
7303,14535,1
7303,14664,1
7303,16422,1
7303,16732,1
7303,4967,1
7303,6057,1
7303,4270,1
7303,7049,1
7303,3449,1
7456,3602,1
7491,9728,1
7491,11919,1
7633,701,1
7633,10207,1
7788,701,1
7788,577,1
7788,15290,1
7928,577,1
8007,6503,1
8007,11172,1
8272,1755,1
8342,8345,1
8342,8350,1
8342,8371,1
8342,8382,1
8342,8395,1
8342,8443,1
8342,8470,1
8342,8557,1
8342,8568,1
8342,8580,1
8342,8615,1
8342,8629,1
8342,8634,1
8342,8675,1
8342,8691,1
8342,8711,1
8342,8732,1
8342,8744,1
8342,8749,1
8342,8790,1
8342,8797,1
8342,8810,1
8342,8828,1
8342,8888,1
8342,8997,1
8342,9068,1
8342,9110,1
8342,12297,1
8342,12332,1
8342,12380,1
8342,12396,1
8342,12452,1
8342,12543,1
8342,12668,1
8342,12683,1
8342,12685,1
8342,12690,1
8342,12705,1
8342,12768,1
8342,12791,1
8342,12821,1
8342,12951,1
8342,13056,1
8342,13095,1
8342,13174,1
8342,15640,1
8342,15759,1
8342,15835,1
8342,16230,1
8342,6854,1
8342,1299,1
8342,6800,1
8342,3316,1
8342,5468,1
8342,5568,1
8342,8241,1
8342,3253,1
8342,8225,1
8342,6828,1
8342,5573,1
8342,6856,1
8342,3226,1
8342,3235,1
8342,5480,1
8342,5553,1
8342,5563,1
8342,6662,1
8342,6858,1
8342,8249,1
8359,701,1
8359,1299,1
8359,6795,1
8359,8955,1
8359,12976,1
8359,13238,1
8359,15731,1
8359,16143,1
8359,6673,1
8376,8697,1
8447,5400,1
8447,5385,1
8447,8670,1
8447,9023,1
8447,12762,1
8447,15824,1
8447,16381,1
8447,2049,1
8452,15412,1
8470,702,1
8470,8595,1
8470,12550,1
8470,12679,1
8470,12739,1
8470,12958,1
8470,12976,1
8470,13095,1
8470,13174,1
8470,13230,1
8470,15487,1
8470,15531,1
8470,15632,1
8470,15934,1
8470,16173,1
8470,6694,1
8529,8961,1
8551,701,1
8551,286,1
8551,8894,1
8551,9168,1
8551,12752,1
8551,12802,1
8551,13240,1
8551,15445,1
8551,15526,1
8551,6810,1
8551,8203,1
8551,8347,1
8584,701,1
8584,8715,1
8584,8849,1
8584,8867,1
8584,8894,1
8584,9117,1
8584,12400,1
8584,12408,1
8584,12494,1
8584,12537,1
8584,12617,1
8584,12619,1
8584,12660,1
8584,12802,1
8584,12849,1
8584,12975,1
8584,12988,1
8584,13073,1
8584,13240,1
8584,13264,1
8584,15425,1
8584,15427,1
8584,15445,1
8584,15484,1
8584,15526,1
8584,15707,1
8584,15708,1
8584,15805,1
8584,15975,1
8584,15976,1
8584,16116,1
8584,16240,1
8584,6888,1
8584,8203,1
8657,5400,1
8657,8765,1
8657,8824,1
8657,8994,1
8657,9186,1
8657,11259,1
8657,12305,1
8657,12926,1
8657,13011,1
8657,13156,1
8657,15457,1
8657,15525,1
8657,3243,1
8657,1930,1
8657,8269,1
8657,6773,1
8668,5400,1
8668,4005,1
8781,8961,1
8866,8390,1
8866,8795,1
8866,9070,1
8866,12564,1
8866,12713,1
8866,12856,1
8866,13147,1
8866,8717,1
8866,8672,1
8866,5421,1
8866,8745,1
8866,6802,1
8895,701,1
8926,1547,1
8926,8931,1
8926,9087,1
8926,8474,1
8934,8697,1
8966,701,1
8966,1,1
8966,15412,1
8966,8961,1
9116,12408,1
9116,12753,1
9116,12975,1
9116,13278,1
9116,15445,1
9116,15466,1
9116,15707,1
9116,16271,1
9116,6888,1
9116,6768,1
9116,8944,1
9121,8428,1
9121,8685,1
9121,8876,1
9121,8386,1
9121,9102,1
9121,9000,1
9121,12296,1
9121,12711,1
9121,12729,1
9121,12735,1
9121,12794,1
9121,12840,1
9121,12858,1
9121,12861,1
9121,12903,1
9121,12950,1
9121,12978,1
9121,12981,1
9121,12987,1
9121,13028,1
9121,13102,1
9121,13138,1
9121,13263,1
9121,15656,1
9121,15755,1
9121,15792,1
9121,15897,1
9121,15924,1
9121,16025,1
9121,2686,1
9121,5594,1
9121,8777,1
9121,8517,1
9121,8869,1
9121,6822,1
9121,5422,1
9121,1967,1
9121,8721,1
9121,8831,1
9121,8927,1
9121,8505,1
9121,8707,1
9121,9021,1
9121,8378,1
9121,8488,1
9121,8710,1
9430,10207,1
9457,9578,2
9457,9759,1
9457,9856,1
9457,9975,2
9457,9980,1
9457,10035,2
9457,10049,2
9457,10173,2
9457,10181,2
9457,4663,1
9494,3608,1
9494,9849,1
9557,8961,1
9557,17175,1
9924,16422,1
10307,11139,1
10354,11489,1
10354,3493,1
10586,12127,1
10586,13682,1
10586,6458,1
10678,816,1
10678,15031,1
10678,843,1
10687,15290,1
11081,1,1
11139,1239,1
11139,5683,1
11139,5639,1
11139,11269,1
11139,19110,1
11139,4005,1
11139,7444,1
11259,701,1
11290,3602,1
11313,1667,1
11341,1,1
11341,12554,1
11341,12606,1
11341,12852,1
11341,15482,1
11341,15565,1
11341,1755,1
11341,5607,1
11341,6659,1
11341,6727,1
11341,6763,1
11653,701,1
11816,1239,1
11889,701,1
11889,1239,1
11960,1800,1
12023,701,1
12059,3602,1
12066,701,1
12127,701,1
12188,701,1
12188,577,1
12188,174,1
12188,3602,1
12252,701,1
12252,15034,1
12252,19199,1
12297,12304,1
12297,16190,1
12297,8226,1
12376,6866,1
12524,8697,1
12632,8751,1
12632,13067,1
12632,16026,1
12690,12976,1
12690,15672,1
12690,15835,1
12690,5429,1
12690,8440,1
12713,12361,1
12713,6866,1
12713,6799,1
12880,5400,1
12880,5594,1
12883,12369,1
13489,701,1
13489,7997,1
13489,18869,1
13489,8065,1
13511,701,1
13537,701,1
13591,4926,1
13591,174,1
13591,6503,1
13591,6505,1
13591,10834,1
13591,12264,1
13591,16685,1
13591,16732,1
13591,16975,1
13591,19315,1
13591,11571,1
13591,13474,1
13878,701,1
13878,4926,1
13878,7984,1
13878,6503,1
13878,11172,1
13878,15034,1
13878,15180,1
13878,15274,1
13878,19037,1
13878,19731,1
13878,11063,1
13878,5745,1
14014,577,1
14080,1239,1
14080,7984,1
14080,19199,1
14166,816,1
14178,6503,1
14178,4569,1
14420,701,1
14479,15290,1
14537,5769,1
14651,15044,1
14920,4005,1
14988,3741,1
14988,4005,1
15146,701,1
15475,15804,1
15475,15834,1
15475,2561,1
15475,8524,1
15634,15971,1
16130,174,1
16130,13595,1
16506,11377,1
16802,701,1
16941,701,1
17108,13353,1
17154,701,1
17154,3602,1
17154,15290,1
17250,6503,1
17250,11172,1
17397,701,1
17466,701,1
18563,577,1
18650,701,1
18650,3602,1
19086,3602,1
19961,577,1
19961,11969,1
701,702,1
701,704,2
701,714,1
701,715,1
701,813,1
701,814,2
701,815,1
701,816,1
701,817,1
701,818,1
701,852,1
701,1239,1
701,1280,1
701,1294,1
701,1295,2
701,1341,1
701,1663,1
701,1673,1
701,1678,2
701,1680,1
701,1682,1
701,1691,1
701,1692,2
701,1698,1
701,1740,1
701,1744,1
701,1755,1
701,1757,1
701,1759,1
701,1760,1
701,1763,1
701,1767,1
701,1784,1
701,1874,1
701,1975,1
701,1982,2
701,2003,1
701,2011,2
701,2019,2
701,2033,1
701,2041,1
701,2052,2
701,2140,1
701,2150,1
701,2154,1
701,2163,2
701,2165,2
701,2173,1
701,2276,2
701,2277,1
701,2379,1
701,2532,2
701,2534,1
701,2562,2
701,2576,2
701,2578,1
701,2712,2
701,2749,1
701,2752,1
701,2824,1
701,2825,1
701,2853,1
701,2856,1
701,2899,1
701,2901,1
701,2905,1
701,2928,1
701,2941,1
701,3079,1
701,3080,1
701,3087,1
701,3089,1
701,3104,2
701,3113,2
701,3126,1
701,3300,1
701,3360,1
701,3364,1
701,3378,2
701,3448,1
701,3493,1
701,3495,1
701,3502,1
701,3505,1
701,3554,1
701,3578,1
701,3585,1
701,3591,2
701,3593,1
701,3602,1
701,3605,2
701,3614,1
701,3621,1
701,3625,2
701,3655,2
701,3670,2
701,3672,2
701,3680,1
701,3703,1
701,3707,1
701,3737,1
701,3741,1
701,3751,1
701,3768,1
701,3769,2
701,3789,1
701,3801,1
701,3803,1
701,3811,1
701,3812,1
701,3816,1
701,3820,1
701,3831,1
701,3840,1
701,3850,1
701,3855,2
701,3901,1
701,3950,1
701,3955,2
701,3957,1
701,3994,1
701,4010,1
701,4145,2
701,4150,1
701,4151,2
701,4187,1
701,4188,1
701,4195,1
701,4208,1
701,4223,1
701,4231,1
701,4243,1
701,4257,1
701,4271,1
701,4278,1
701,4279,1
701,4286,2
701,4307,1
701,4309,1
701,4314,1
701,4356,1
701,4364,1
701,4366,1
701,4372,2
701,4373,1
701,4374,1
701,4390,2
701,4393,1
701,4432,1
701,4449,1
701,4452,1
701,4455,1
701,4456,1
701,4465,2
701,4500,1
701,4542,2
701,4543,2
701,4546,1
701,4547,1
701,4549,1
701,4566,2
701,4570,1
701,4574,1
701,4583,1
701,4587,1
701,4596,2
701,4662,1
701,4664,1
701,4775,1
701,4781,1
701,4787,1
701,4792,1
701,4913,1
701,4922,2
701,4924,1
701,4926,1
701,4927,1
701,4939,1
701,4940,1
701,4952,2
701,4959,1
701,4960,1
701,4969,1
701,4977,1
701,4979,1
701,4986,2
701,4996,1
701,5002,2
701,5003,1
701,5006,1
701,5009,1
701,5015,2
701,5024,1
701,5049,1
701,5050,1
701,5055,2
701,5056,1
701,5076,1
701,5080,2
701,5093,1
701,5106,1
701,5108,2
701,5486,1
701,5496,1
701,5552,1
701,5594,1
701,5645,1
701,5647,1
701,5662,1
701,5670,1
701,5693,1
701,5697,1
701,5703,2
701,5706,2
701,5713,1
701,5714,1
701,5737,1
701,5743,2
701,5752,2
701,5757,2
701,5760,1
701,5762,2
701,5763,1
701,5774,1
701,5776,2
701,5778,1
701,5779,1
701,5780,1
701,5789,2
701,5939,1
701,6061,1
701,6062,1
701,6064,1
701,6065,1
701,6071,2
701,6073,1
701,6082,1
701,6091,2
701,6103,2
701,6104,1
701,6128,1
701,6139,1
701,6163,1
701,6167,2
701,6179,2
701,6181,1
701,6183,1
701,6195,1
701,6197,1
701,6198,1
701,6203,1
701,6223,1
701,6224,1
701,6225,1
701,6226,1
701,6227,1
701,6233,1
701,6245,1
701,6249,2
701,6254,2
701,6283,1
701,6295,1
701,6300,1
701,6301,1
701,6302,1
701,6303,1
701,6309,1
701,6314,2
701,6315,1
701,6318,1
701,6319,1
701,6321,1
701,6322,1
701,6327,1
701,6331,1
701,6334,1
701,6341,2
701,6352,1
701,6359,1
701,6364,1
701,6367,1
701,6373,1
701,6380,1
701,6381,2
701,6382,2
701,6383,2
701,6384,2
701,6385,2
701,6386,1
701,6387,2
701,6388,2
701,6392,1
701,6396,1
701,6404,1
701,6407,1
701,6410,2
701,6419,2
701,6423,1
701,6429,1
701,6431,2
701,6432,1
701,6433,1
701,6435,2
701,6437,1
701,6456,1
701,6459,1
701,6462,2
701,6468,1
701,6474,2
701,6475,1
701,6477,2
701,6479,1
701,6480,1
701,6482,1
701,6485,1
701,6499,1
701,6503,1
701,6504,1
701,6506,1
701,6507,1
701,6517,1
701,6519,2
701,6521,1
701,6524,1
701,6530,1
701,6533,1
701,6541,1
701,6542,1
701,6544,2
701,6550,1
701,6566,1
701,6569,2
701,6582,1
701,6589,2
701,6594,1
701,6597,1
701,6601,1
701,6614,2
701,6619,1
701,6620,1
701,6623,1
701,6629,1
701,6630,1
701,6633,2
701,6641,1
701,6646,1
701,6650,1
701,6652,1
701,6653,1
701,6677,2
701,6730,1
701,6847,1
701,6912,1
701,6913,1
701,6917,1
701,6932,1
701,6933,1
701,6938,1
701,6941,1
701,6943,1
701,6947,1
701,6949,1
701,6966,1
701,6973,1
701,6977,1
701,6979,1
701,6981,1
701,6983,1
701,6984,1
701,6991,1
701,7023,1
701,7029,2
701,7035,1
701,7041,2
701,7042,1
701,7045,2
701,7047,1
701,7053,2
701,7054,1
701,7057,1
701,7064,1
701,7065,1
701,7078,1
701,7087,1
701,7088,1
701,7113,1
701,7114,1
701,7115,1
701,7128,1
701,7146,1
701,7152,1
701,7161,1
701,7165,1
701,7168,1
701,7178,1
701,7182,1
701,7183,1
701,7203,1
701,7206,1
701,7213,1
701,7220,2
701,7224,1
701,7227,1
701,7253,1
701,7256,2
701,7257,2
701,7260,1
701,7261,1
701,7263,1
701,7269,1
701,7270,1
701,7281,2
701,7284,1
701,7301,2
701,7317,2
701,7318,1
701,7323,1
701,7324,1
701,7332,1
701,7336,1
701,7337,1
701,7342,1
701,7355,1
701,7358,1
701,7366,1
701,7368,1
701,7380,1
701,7381,1
701,7384,1
701,7393,1
701,7395,1
701,7407,2
701,7410,1
701,7420,2
701,7423,2
701,7424,1
701,7430,1
701,7434,2
701,7435,1
701,7453,1
701,7466,2
701,7723,1
701,7726,1
701,7731,2
701,7733,1
701,7743,1
701,7744,1
701,7748,1
701,7749,1
701,7751,1
701,7754,1
701,7762,2
701,7764,2
701,7772,2
701,7776,1
701,7785,2
701,7792,1
701,7794,1
701,7795,1
701,7800,1
701,7809,1
701,7832,1
701,7833,2
701,7838,1
701,7843,1
701,7849,1
701,7850,2
701,7851,1
701,7859,1
701,7862,1
701,7866,1
701,7871,2
701,7876,1
701,7891,2
701,7892,1
701,7893,2
701,7894,2
701,7900,1
701,7910,1
701,7915,1
701,7920,2
701,7921,1
701,7923,1
701,7924,1
701,7932,1
701,7942,2
701,7951,1
701,7959,2
701,7963,1
701,8000,1
701,8009,1
701,8012,1
701,8015,1
701,8021,1
701,8022,1
701,8039,2
701,8047,1
701,8051,1
701,8060,2
701,8061,2
701,8062,2
701,8063,2
701,8065,1
701,8074,1
701,8077,1
701,8079,1
701,8080,1
701,8082,1
701,8084,1
701,8085,1
701,8087,2
701,8090,1
701,8105,1
701,8125,2
701,8126,2
701,8128,2
701,8129,2
701,8130,2
701,8136,2
701,8143,1
701,8146,1
701,8154,2
701,8158,1
701,8164,1
701,8166,2
701,8172,2
701,8182,1
701,8188,2
701,8193,1
701,8210,1
701,8509,2
701,8563,1
701,8672,1
701,8750,2
701,8777,1
701,8814,2
701,8837,1
701,8938,1
701,9010,1
701,9071,2
701,9246,1
701,9277,1
701,9306,1
701,9415,1
701,9416,1
701,9512,1
701,9751,1
701,9902,1
701,9918,2
701,9922,2
701,9929,2
701,9940,1
701,10030,2
701,10081,2
701,10094,1
701,10130,1
701,10242,1
701,10249,1
701,10261,1
701,10266,1
701,10275,1
701,10296,2
701,10298,1
701,10300,1
701,10314,2
701,10316,1
701,10333,1
701,10337,1
701,10339,2
701,10342,2
701,10351,1
701,10352,2
701,10361,1
701,10379,1
701,10383,1
701,10388,2
701,10389,1
701,10397,1
701,10400,1
701,10403,1
701,10404,1
701,10408,1
701,10409,1
701,10416,1
701,10419,1
701,10422,1
701,10424,1
701,10431,2
701,10434,2
701,10440,1
701,10447,2
701,10453,1
701,10455,1
701,10457,1
701,10458,1
701,10461,1
701,10466,1
701,10471,1
701,10473,1
701,10484,1
701,10493,2
701,10499,2
701,10506,1
701,10517,1
701,10522,1
701,10527,2
701,10532,1
701,10534,1
701,10537,1
701,10539,1
701,10552,1
701,10553,1
701,10559,1
701,10564,2
701,10571,1
701,10577,1
701,10584,1
701,10585,1
701,10597,1
701,10603,1
701,10604,1
701,10614,1
701,10615,1
701,10616,1
701,10625,1
701,10633,1
701,10647,1
701,10648,1
701,10650,1
701,10651,1
701,10655,2
701,10657,1
701,10661,1
701,10664,1
701,10668,1
701,10669,2
701,10672,2
701,10676,1
701,10681,1
701,10683,1
701,10686,2
701,10694,1
701,10703,2
701,10717,2
701,10724,1
701,10735,1
701,10738,1
701,10745,1
701,10754,1
701,10760,1
701,10780,1
701,10782,2
701,10789,1
701,10790,2
701,10794,1
701,10799,1
701,10800,1
701,10801,1
701,10809,1
701,10819,1
701,10820,1
701,10825,1
701,10826,1
701,10827,1
701,10828,1
701,10829,1
701,10830,1
701,10831,1
701,10832,1
701,10833,1
701,10838,1
701,10843,1
701,10844,1
701,10846,1
701,10848,1
701,10849,1
701,10850,1
701,10851,1
701,10856,2
701,10859,1
701,10866,2
701,10884,1
701,10904,1
701,10907,2
701,10915,2
701,10916,1
701,10920,1
701,10925,1
701,10928,1
701,10931,1
701,10933,1
701,10934,1
701,10937,1
701,10939,2
701,10944,2
701,10950,1
701,10953,1
701,10960,1
701,10962,1
701,10967,1
701,10968,1
701,10970,1
701,10975,1
701,10978,1
701,10980,1
701,10989,1
701,10991,1
701,10995,2
701,10997,2
701,10998,1
701,11006,1
701,11009,2
701,11011,1
701,11012,1
701,11016,1
701,11030,2
701,11036,1
701,11040,1
701,11057,1
701,11059,2
701,11074,2
701,11084,1
701,11086,1
701,11093,1
701,11094,2
701,11104,1
701,11111,1
701,11118,1
701,11123,1
701,11128,2
701,11137,2
701,11143,1
701,11144,2
701,11151,1
701,11154,1
701,11155,2
701,11163,1
701,11171,1
701,11176,1
701,11178,1
701,11189,1
701,11196,2
701,11202,2
701,11204,1
701,11210,1
701,11211,1
701,11214,2
701,11217,1
701,11221,1
701,11225,1
701,11226,1
701,11229,2
701,11238,1
701,11239,1
701,11240,1
701,11246,1
701,11250,1
701,11255,1
701,11260,2
701,11264,1
701,11272,1
701,11280,1
701,11286,1
701,11299,1
701,11300,1
701,11305,1
701,11319,1
701,11320,1
701,11324,1
701,11329,1
701,11331,1
701,11337,1
701,11339,2
701,11346,2
701,11349,2
701,11354,1
701,11355,2
701,11360,1
701,11364,1
701,11369,2
701,11371,1
701,11374,2
701,11376,1
701,11377,1
701,11383,1
701,11389,2
701,11395,1
701,11402,1
701,11403,1
701,11404,1
701,11407,1
701,11409,1
701,11412,1
701,11413,1
701,11418,1
701,11427,1
701,11429,1
701,11430,1
701,11437,1
701,11439,1
701,11449,1
701,11470,1
701,11472,1
701,11473,2
701,11474,1
701,11479,1
701,11486,1
701,11487,2
701,11494,1
701,11504,1
701,11507,1
701,11511,1
701,11517,1
701,11520,1
701,11527,1
701,11528,1
701,11533,1
701,11538,1
701,11541,1
701,11542,1
701,11550,1
701,11554,1
701,11560,1
701,11570,1
701,11573,1
701,11578,1
701,11587,1
701,11591,1
701,11595,1
701,11598,1
701,11605,2
701,11606,1
701,11609,1
701,11612,1
701,11616,1
701,11623,1
701,11624,1
701,11627,2
701,11633,2
701,11635,1
701,11636,2
701,11640,1
701,11641,2
701,11643,1
701,11648,1
701,11649,2
701,11657,1
701,11658,1
701,11664,2
701,11676,2
701,11689,1
701,11690,1
701,11691,1
701,11702,1
701,11716,1
701,11718,1
701,11720,2
701,11721,1
701,11723,2
701,11728,1
701,11733,2
701,11734,1
701,11735,1
701,11737,1
701,11738,1
701,11739,1
701,11743,1
701,11746,1
701,11748,1
701,11749,2
701,11754,1
701,11755,1
701,11759,1
701,11760,1
701,11761,1
701,11764,1
701,11765,1
701,11768,2
701,11774,1
701,11775,2
701,11779,1
701,11781,1
701,11784,2
701,11789,1
701,11790,2
701,11791,1
701,11793,1
701,11795,2
701,11797,2
701,11798,1
701,11806,1
701,11810,1
701,11813,2
701,11823,1
701,11829,1
701,11831,1
701,11836,1
701,11839,1
701,11840,1
701,11847,2
701,11850,1
701,11852,1
701,11859,1
701,11860,1
701,11866,2
701,11875,1
701,11877,1
701,11879,2
701,11890,1
701,11891,2
701,11892,2
701,11897,1
701,11900,1
701,11910,1
701,11911,1
701,11926,1
701,11927,2
701,11928,1
701,11929,1
701,11930,1
701,11933,1
701,11939,1
701,11943,1
701,11944,1
701,11947,2
701,11952,1
701,11953,1
701,11958,1
701,11961,1
701,11968,1
701,11970,1
701,11971,1
701,11977,1
701,11981,1
701,11982,1
701,11984,1
701,11985,2
701,11991,2
701,11994,1
701,11996,1
701,12015,1
701,12018,2
701,12022,1
701,12032,1
701,12041,1
701,12049,1
701,12053,1
701,12054,1
701,12055,1
701,12056,1
701,12061,2
701,12062,1
701,12064,1
701,12069,1
701,12071,2
701,12073,1
701,12087,1
701,12097,1
701,12098,1
701,12100,1
701,12103,1
701,12121,1
701,12122,1
701,12128,1
701,12138,1
701,12141,1
701,12142,1
701,12149,1
701,12151,2
701,12152,1
701,12153,1
701,12160,1
701,12167,1
701,12169,2
701,12170,2
701,12180,1
701,12184,1
701,12194,1
701,12195,1
701,12197,1
701,12201,1
701,12217,1
701,12221,1
701,12222,1
701,12223,1
701,12234,1
701,12237,1
701,12238,1
701,12242,1
701,12251,1
701,12257,2
701,12261,1
701,12269,1
701,12271,1
701,12274,1
701,12280,1
701,12281,1
701,12283,1
701,12287,1
701,12491,2
701,12497,1
701,12849,1
701,12888,1
701,13264,1
701,13312,2
701,13321,1
701,13322,1
701,13326,2
701,13330,2
701,13361,1
701,13363,1
701,13368,2
701,13371,1
701,13372,1
701,13374,1
701,13376,1
701,13378,2
701,13379,1
701,13380,1
701,13382,1
701,13384,1
701,13386,2
701,13388,1
701,13389,1
701,13406,1
701,13407,1
701,13415,2
701,13417,1
701,13418,2
701,13432,1
701,13435,1
701,13443,1
701,13444,1
701,13445,1
701,13449,2
701,13454,1
701,13457,2
701,13461,1
701,13463,1
701,13472,1
701,13483,1
701,13490,1
701,13492,1
701,13494,1
701,13496,1
701,13497,1
701,13499,1
701,13500,2
701,13507,1
701,13512,1
701,13516,1
701,13517,1
701,13524,1
701,13532,1
701,13534,1
701,13539,1
701,13541,1
701,13567,1
701,13570,2
701,13574,1
701,13576,1
701,13577,1
701,13586,1
701,13588,2
701,13589,2
701,13590,2
701,13593,1
701,13595,1
701,13596,2
701,13599,2
701,13601,1
701,13603,1
701,13608,1
701,13611,2
701,13612,2
701,13614,1
701,13622,1
701,13625,2
701,13630,1
701,13633,1
701,13635,1
701,13638,1
701,13642,1
701,13645,1
701,13650,1
701,13657,2
701,13659,1
701,13676,1
701,13677,1
701,13678,1
701,13680,1
701,13683,2
701,13684,1
701,13689,1
701,13693,1
701,13694,1
701,13698,1
701,13710,1
701,13713,1
701,13716,1
701,13717,1
701,13719,1
701,13720,1
701,13722,1
701,13727,2
701,13731,1
701,13733,1
701,13741,1
701,13748,1
701,13753,1
701,13754,1
701,13756,1
701,13758,1
701,13764,1
701,13770,1
701,13776,1
701,13778,1
701,13782,1
701,13793,1
701,13803,1
701,13812,1
701,13813,1
701,13816,1
701,13817,2
701,13819,1
701,13828,1
701,13829,1
701,13830,1
701,13831,1
701,13832,1
701,13833,2
701,13837,1
701,13842,1
701,13848,1
701,13850,1
701,13851,1
701,13869,1
701,13873,1
701,13877,2
701,13880,1
701,13882,1
701,13883,1
701,13887,1
701,13888,1
701,13889,1
701,13894,1
701,13896,1
701,13905,1
701,13915,1
701,13920,1
701,13925,2
701,13930,1
701,13931,2
701,13933,2
701,13938,1
701,13942,1
701,13947,2
701,13948,1
701,13951,1
701,13952,2
701,13954,1
701,13958,1
701,13959,1
701,13960,1
701,13963,2
701,13969,1
701,13976,2
701,13977,2
701,13980,2
701,13989,1
701,13993,1
701,13996,1
701,13997,2
701,14010,1
701,14013,1
701,14016,1
701,14032,1
701,14037,1
701,14039,1
701,14056,1
701,14062,1
701,14063,1
701,14064,1
701,14067,1
701,14070,2
701,14072,2
701,14075,1
701,14082,1
701,14092,1
701,14103,1
701,14109,2
701,14116,1
701,14120,1
701,14121,2
701,14124,2
701,14130,1
701,14133,2
701,14134,1
701,14135,1
701,14137,2
701,14139,1
701,14143,2
701,14151,1
701,14156,2
701,14168,2
701,14169,1
701,14177,1
701,14185,1
701,14193,2
701,14194,1
701,14196,1
701,14205,1
701,14210,2
701,14222,1
701,14226,2
701,14236,1
701,14237,2
701,14244,1
701,14246,1
701,14248,1
701,14251,1
701,14265,1
701,14266,1
701,14267,2
701,14273,1
701,14274,2
701,14277,1
701,14284,2
701,14288,1
701,14291,2
701,14292,2
701,14293,1
701,14297,1
701,14298,1
701,14299,1
701,14302,1
701,14308,1
701,14315,1
701,14319,2
701,14321,1
701,14326,2
701,14328,1
701,14329,1
701,14330,1
701,14335,1
701,14338,2
701,14340,1
701,14342,1
701,14343,1
701,14350,1
701,14352,1
701,14356,2
701,14363,1
701,14364,2
701,14379,1
701,14381,1
701,14390,1
701,14392,2
701,14397,1
701,14404,1
701,14406,1
701,14410,1
701,14414,1
701,14417,1
701,14418,1
701,14430,1
701,14431,1
701,14432,1
701,14434,1
701,14439,1
701,14443,1
701,14454,2
701,14455,1
701,14460,2
701,14474,1
701,14486,2
701,14495,1
701,14496,2
701,14500,1
701,14502,1
701,14505,1
701,14506,1
701,14510,1
701,14514,1
701,14519,1
701,14542,1
701,14544,2
701,14547,1
701,14551,1
701,14552,2
701,14557,1
701,14566,2
701,14573,1
701,14579,2
701,14581,1
701,14594,1
701,14602,2
701,14604,1
701,14607,1
701,14608,1
701,14618,2
701,14636,1
701,14639,1
701,14647,1
701,14652,2
701,14654,1
701,14657,1
701,14658,2
701,14663,1
701,14665,1
701,14667,1
701,14675,1
701,14680,1
701,14687,1
701,14689,1
701,14691,1
701,14693,2
701,14695,1
701,14712,1
701,14734,2
701,14735,1
701,14736,2
701,14750,1
701,14751,1
701,14755,1
701,14762,1
701,14767,1
701,14771,1
701,14775,2
701,14784,2
701,14791,1
701,14793,1
701,14799,1
701,14800,1
701,14802,1
701,14805,2
701,14808,1
701,14811,1
701,14820,1
701,14825,1
701,14831,1
701,14832,2
701,14835,1
701,14851,1
701,14855,1
701,14856,1
701,14859,2
701,14860,1
701,14861,1
701,14862,1
701,14865,2
701,14870,1
701,14871,2
701,14882,1
701,14884,1
701,14888,1
701,14897,1
701,14898,1
701,14904,1
701,14912,1
701,14914,1
701,14915,1
701,14923,1
701,14927,1
701,14931,1
701,14932,1
701,14935,1
701,14950,1
701,14956,1
701,14959,1
701,14961,2
701,14964,1
701,14965,1
701,14968,1
701,14975,1
701,14976,1
701,14984,2
701,14992,1
701,14994,2
701,15002,1
701,15005,1
701,15006,1
701,15011,1
701,15012,2
701,15015,1
701,15023,2
701,15034,1
701,15035,1
701,15036,1
701,15037,1
701,15038,2
701,15040,1
701,15045,2
701,15047,1
701,15049,1
701,15050,1
701,15051,1
701,15053,2
701,15056,1
701,15057,1
701,15058,1
701,15062,1
701,15071,2
701,15076,1
701,15081,1
701,15083,2
701,15087,1
701,15089,1
701,15090,1
701,15097,1
701,15099,1
701,15104,1
701,15112,2
701,15113,2
701,15114,1
701,15129,1
701,15130,1
701,15137,1
701,15138,1
701,15140,1
701,15147,1
701,15162,1
701,15166,1
701,15168,1
701,15172,1
701,15173,2
701,15175,1
701,15176,1
701,15178,2
701,15186,1
701,15190,1
701,15192,1
701,15199,2
701,15200,1
701,15204,1
701,15206,1
701,15211,1
701,15213,1
701,15216,1
701,15225,1
701,15227,2
701,15231,2
701,15234,1
701,15240,1
701,15245,1
701,15248,1
701,15249,1
701,15255,1
701,15260,1
701,15261,2
701,15263,1
701,15265,2
701,15266,1
701,15268,1
701,15271,1
701,15275,1
701,15276,1
701,15279,1
701,15281,1
701,15284,1
701,15288,1
701,15290,1
701,15293,1
701,15295,2
701,15303,1
701,15304,2
701,15312,1
701,15313,1
701,15319,2
701,15325,2
701,15330,2
701,15333,1
701,15335,1
701,15337,1
701,15338,2
701,15339,1
701,15341,2
701,15342,1
701,15355,1
701,15358,2
701,15723,1
701,16385,1
701,16393,2
701,16394,1
701,16401,2
701,16410,1
701,16413,2
701,16420,1
701,16421,1
701,16422,1
701,16423,2
701,16428,2
701,16431,2
701,16463,1
701,16464,1
701,16469,1
701,16470,1
701,16478,1
701,16480,1
701,16482,1
701,16484,1
701,16486,1
701,16488,1
701,16490,2
701,16496,1
701,16521,2
701,16527,1
701,16531,2
701,16536,1
701,16545,2
701,16548,1
701,16558,1
701,16564,1
701,16570,1
701,16572,2
701,16575,1
701,16597,1
701,16599,2
701,16601,1
701,16605,2
701,16609,2
701,16612,1
701,16617,1
701,16621,1
701,16628,1
701,16635,1
701,16638,1
701,16646,1
701,16653,1
701,16658,1
701,16659,1
701,16662,1
701,16666,1
701,16670,1
701,16674,2
701,16675,2
701,16677,1
701,16680,1
701,16683,1
701,16690,1
701,16693,1
701,16698,1
701,16699,1
701,16702,1
701,16709,1
701,16719,1
701,16724,1
701,16728,2
701,16729,2
701,16737,1
701,16740,1
701,16743,1
701,16747,1
701,16753,2
701,16756,1
701,16758,2
701,16765,1
701,16767,1
701,16769,1
701,16770,1
701,16781,2
701,16787,1
701,16795,2
701,16801,1
701,16804,1
701,16810,1
701,16811,1
701,16813,1
701,16816,1
701,16817,2
701,16833,1
701,16834,2
701,16835,1
701,16836,1
701,16837,1
701,16838,1
701,16851,1
701,16852,1
701,16855,1
701,16868,2
701,16870,1
701,16876,1
701,16877,1
701,16879,1
701,16886,1
701,16888,2
701,16892,1
701,16893,1
701,16897,1
701,16898,1
701,16899,2
701,16908,1
701,16913,2
701,16920,2
701,16926,1
701,16927,1
701,16928,1
701,16934,2
701,16937,1
701,16938,2
701,16946,1
701,16952,1
701,16968,1
701,16971,1
701,16974,1
701,16976,1
701,16981,1
701,16982,1
701,16983,1
701,16985,1
701,16986,2
701,16994,1
701,16995,2
701,16998,1
701,17000,2
701,17003,1
701,17008,2
701,17010,2
701,17015,1
701,17020,2
701,17021,2
701,17024,1
701,17029,1
701,17031,2
701,17035,1
701,17036,1
701,17041,1
701,17051,1
701,17052,1
701,17054,1
701,17056,1
701,17066,1
701,17070,1
701,17073,2
701,17074,1
701,17078,1
701,17085,2
701,17097,1
701,17098,2
701,17103,2
701,17104,2
701,17105,1
701,17106,2
701,17111,1
701,17117,1
701,17125,1
701,17127,1
701,17128,1
701,17130,1
701,17132,1
701,17138,1
701,17145,1
701,17149,1
701,17165,1
701,17166,1
701,17167,1
701,17168,2
701,17170,1
701,17173,1
701,17174,1
701,17179,2
701,17185,1
701,17194,1
701,17199,1
701,17202,2
701,17211,2
701,17212,1
701,17216,1
701,17240,1
701,17242,1
701,17247,2
701,17252,1
701,17253,2
701,17254,1
701,17259,1
701,17268,1
701,17278,1
701,17279,1
701,17283,1
701,17289,1
701,17295,2
701,17300,1
701,17302,1
701,17303,2
701,17305,2
701,17307,1
701,17310,1
701,17316,2
701,17322,2
701,17323,2
701,17324,1
701,17330,1
701,17343,1
701,17347,1
701,17367,2
701,17373,2
701,17386,1
701,17391,1
701,17398,1
701,17406,2
701,17463,2
701,17550,1
701,18435,1
701,18436,1
701,18437,2
701,18438,1
701,18441,2
701,18442,1
701,18445,2
701,18446,2
701,18469,1
701,18473,1
701,18475,1
701,18476,1
701,18482,2
701,18483,2
701,18484,1
701,18485,1
701,18486,1
701,18487,1
701,18488,1
701,18489,1
701,18490,1
701,18491,1
701,18493,2
701,18501,1
701,18502,1
701,18503,1
701,18506,1
701,18510,2
701,18511,1
701,18513,1
701,18524,1
701,18528,1
701,18529,1
701,18546,2
701,18560,1
701,18565,1
701,18571,2
701,18573,2
701,18574,1
701,18577,1
701,18581,1
701,18588,1
701,18593,1
701,18595,1
701,18598,1
701,18599,1
701,18600,1
701,18601,1
701,18606,2
701,18613,1
701,18624,2
701,18627,1
701,18632,1
701,18655,1
701,18670,1
701,18672,1
701,18674,2
701,18679,1
701,18680,2
701,18681,2
701,18682,1
701,18687,2
701,18689,2
701,18690,2
701,18691,2
701,18694,2
701,18700,1
701,18701,1
701,18703,2
701,18707,1
701,18709,2
701,18713,1
701,18714,2
701,18715,1
701,18721,1
701,18723,1
701,18736,1
701,18744,1
701,18753,1
701,18759,2
701,18763,1
701,18764,1
701,18765,1
701,18766,1
701,18767,1
701,18768,1
701,18769,1
701,18774,1
701,18781,1
701,18796,2
701,18800,1
701,18805,1
701,18814,1
701,18815,1
701,18816,1
701,18833,2
701,18835,2
701,18842,1
701,18844,1
701,18845,2
701,18854,1
701,18855,2
701,18859,2
701,18860,1
701,18865,2
701,18875,1
701,18877,1
701,18878,1
701,18883,1
701,18885,2
701,18900,1
701,18901,1
701,18908,1
701,18915,1
701,18916,1
701,18925,1
701,18936,2
701,18937,1
701,18943,1
701,18956,1
701,18968,2
701,18971,2
701,18976,1
701,18978,1
701,18981,2
701,18983,2
701,18984,1
701,19005,1
701,19014,1
701,19018,1
701,19030,1
701,19036,2
701,19046,1
701,19050,2
701,19053,1
701,19057,1
701,19058,1
701,19059,2
701,19065,2
701,19074,1
701,19088,1
701,19093,1
701,19099,1
701,19103,1
701,19110,1
701,19112,2
701,19121,1
701,19124,1
701,19127,1
701,19133,2
701,19143,2
701,19150,1
701,19154,2
701,19156,1
701,19160,2
701,19170,1
701,19176,1
701,19186,1
701,19194,1
701,19195,1
701,19199,1
701,19208,1
701,19209,1
701,19210,2
701,19211,1
701,19212,1
701,19215,1
701,19217,2
701,19221,1
701,19223,2
701,19224,1
701,19229,2
701,19237,1
701,19246,1
701,19250,1
701,19253,2
701,19254,1
701,19265,1
701,19270,2
701,19274,1
701,19279,1
701,19282,2
701,19288,1
701,19300,1
701,19305,1
701,19307,1
701,19319,2
701,19333,2
701,19335,1
701,19346,2
701,19354,1
701,19356,2
701,19357,1
701,19367,2
701,19377,1
701,19388,2
701,19394,1
701,19398,1
701,19408,1
701,19418,1
701,19419,1
701,19431,2
701,19434,1
701,19441,2
701,19445,2
701,19450,2
701,19451,2
701,19454,1
701,19459,1
701,19469,1
701,19473,1
701,19477,2
701,19480,2
701,19512,2
701,19520,1
701,19522,1
701,19526,2
701,19545,1
701,19562,2
701,19563,1
701,19570,1
701,19576,1
701,19580,2
701,19589,1
701,19591,1
701,19593,1
701,19594,2
701,19595,1
701,19598,2
701,19614,2
701,19619,1
701,19623,2
701,19627,1
701,19631,2
701,19633,1
701,19636,2
701,19651,2
701,19655,1
701,19656,2
701,19678,2
701,19682,2
701,19683,2
701,19717,1
701,19737,2
701,19738,2
701,19742,2
701,19745,2
701,19748,1
701,19757,1
701,19759,2
701,19760,2
701,19761,1
701,19766,2
701,19779,1
701,19791,2
701,19803,1
701,19804,1
701,19805,1
701,19806,1
701,19807,1
701,19808,1
701,19809,1
701,19823,2
701,19834,2
701,19836,2
701,19838,1
701,19853,1
701,19860,1
701,19863,1
701,19865,1
701,19870,1
701,19874,2
701,19877,1
701,19903,2
701,19911,1
701,19918,1
701,19919,2
701,19920,1
701,19923,2
701,19926,2
701,19935,2
701,19941,2
701,19946,1
701,19974,1
701,19977,2
701,19992,1
701,19996,2
701,20004,2
701,20005,1
701,20020,1
701,20049,2
701,20156,1
701,101,1
701,1,1
701,209,1
701,577,1
701,297,1
701,174,1
701,293,1
701,690,1
701,557,1
701,145,1
701,200,1
701,109,1
701,81,1
701,17,1
701,157,1
701,6,1
701,140,1
701,144,1
701,71,1
701,33,1
701,646,1
701,125,1
701,49,1
701,80,1
701,90,1
702,109,1
702,1103,1
702,1213,1
702,1257,1
702,1270,1
702,1294,1
702,1299,1
702,1653,1
702,1670,1
702,1680,1
702,1755,1
702,1835,1
702,1849,1
702,1890,1
702,1913,1
702,2028,1
702,2047,1
702,2110,1
702,2167,1
702,2603,1
702,2818,1
702,2822,1
702,2830,1
702,2856,1
702,2876,1
702,3083,1
702,3092,1
702,3096,1
702,3246,1
702,3259,1
702,3262,1
702,3265,1
702,3292,1
702,3307,1
702,3333,1
702,3334,1
702,3336,1
702,3615,1
702,3680,1
702,3917,1
702,4996,1
702,5377,1
702,5378,1
702,5381,1
702,5395,1
702,5397,1
702,5400,1
702,5434,1
702,5463,1
702,5466,1
702,5492,1
702,5493,1
702,5499,1
702,5506,1
702,5515,1
702,5533,1
702,5535,1
702,5556,1
702,5559,1
702,5577,1
702,5586,1
702,5589,1
702,5590,1
702,5603,1
702,5610,1
702,5620,1
702,5622,1
702,6468,1
702,6595,1
702,6696,1
702,6706,1
702,6725,1
702,6730,1
702,6739,1
702,6747,1
702,6756,1
702,6793,1
702,6835,1
702,6848,1
702,6895,1
702,6973,1
702,7990,1
702,8068,1
702,8072,1
702,8153,1
702,8199,1
702,8211,1
702,8221,1
702,8224,1
702,8232,1
702,8243,1
702,8262,1
702,8277,1
702,8299,1
702,8301,1
702,8304,1
702,8318,1
702,8350,1
702,8399,1
702,8404,1
702,8406,1
702,8408,1
702,8434,1
702,8473,1
702,8498,1
702,8513,1
702,8526,1
702,8542,1
702,8559,1
702,8571,1
702,8613,1
702,8616,1
702,8638,1
702,8640,1
702,8650,1
702,8660,1
702,8681,1
702,8696,1
702,8703,1
702,8729,1
702,8755,1
702,8758,1
702,8765,1
702,8773,1
702,8801,1
702,8802,1
702,8807,1
702,8816,1
702,8833,1
702,8841,1
702,8857,1
702,8883,1
702,8903,1
702,8911,1
702,8912,1
702,8928,1
702,8954,1
702,8974,1
702,8984,1
702,8987,1
702,8993,1
702,8994,1
702,9013,1
702,9019,1
702,9031,1
702,9035,1
702,9043,1
702,9065,1
702,9084,1
702,9090,1
702,9092,1
702,9096,1
702,9097,1
702,9109,1
702,9132,1
702,9146,1
702,9150,1
702,9151,1
702,9173,1
702,9190,1
702,9194,1
702,9195,1
702,9214,1
702,12234,1
702,12301,1
702,12333,1
702,12334,1
702,12338,1
702,12345,1
702,12347,1
702,12352,1
702,12357,1
702,12363,1
702,12368,1
702,12385,1
702,12424,1
702,12429,1
702,12469,1
702,12475,1
702,12479,1
702,12481,1
702,12482,1
702,12489,1
702,12498,1
702,12510,1
702,12576,1
702,12596,1
702,12605,1
702,12624,1
702,12631,1
702,12634,1
702,12651,1
702,12688,1
702,12701,1
702,12708,1
702,12710,1
702,12715,1
702,12720,1
702,12784,1
702,12797,1
702,12799,1
702,12834,1
702,12850,1
702,12854,1
702,12874,1
702,12896,1
702,12935,1
702,12937,1
702,12942,1
702,12994,1
702,12995,1
702,12996,1
702,13001,1
702,13007,1
702,13013,1
702,13015,1
702,13051,1
702,13055,1
702,13089,1
702,13097,1
702,13098,1
702,13112,1
702,13146,1
702,13169,1
702,13176,1
702,13177,1
702,13189,1
702,13196,1
702,13197,1
702,13243,1
702,13250,1
702,13258,1
702,13283,1
702,13284,1
702,15364,1
702,15365,1
702,15376,1
702,15397,1
702,15405,1
702,15421,1
702,15423,1
702,15429,1
702,15435,1
702,15453,1
702,15472,1
702,15485,1
702,15517,1
702,15524,1
702,15533,1
702,15535,1
702,15569,1
702,15570,1
702,15589,1
702,15613,1
702,15625,1
702,15633,1
702,15641,1
702,15653,1
702,15662,1
702,15685,1
702,15687,1
702,15734,1
702,15740,1
702,15745,1
702,15769,1
702,15789,1
702,15795,1
702,15816,1
702,15818,1
702,15849,1
702,15852,1
702,15869,1
702,15920,1
702,15954,1
702,15961,1
702,15998,1
702,16001,1
702,16036,1
702,16039,1
702,16049,1
702,16050,1
702,16075,1
702,16086,1
702,16098,1
702,16206,1
702,16266,1
702,16302,1
702,16309,1
702,16337,1
702,16350,1
702,17071,1
702,20507,1
702,286,1
714,1,1
715,1,1
715,1239,1
715,1842,1
715,3699,1
715,3856,1
715,4319,1
715,5739,1
715,6327,1
715,6456,1
715,6730,1
715,7216,1
715,7336,1
715,7752,1
715,7915,1
715,10614,1
715,11076,1
715,11404,1
715,11423,1
715,11739,1
715,11747,1
715,11858,1
715,12095,1
715,12111,1
715,13442,1
715,14215,1
715,14891,1
715,15131,1
813,816,1
814,18638,1
815,18750,1
816,5688,1
816,5690,1
816,6407,1
816,7398,1
816,7992,1
816,10329,1
816,10520,1
816,10808,1
816,11103,1
816,11679,1
816,12021,1
816,14456,1
816,14472,1
816,15024,1
816,16751,1
816,16949,1
816,19842,1
818,74,1
818,6509,1
852,1239,1
852,1691,1
852,3359,1
852,6171,1
852,6327,1
852,6638,1
852,7861,1
852,10482,1
852,11257,1
852,11647,1
852,13911,1
852,14817,1
852,15296,1
852,16914,1
852,18988,1
852,19869,1
852,838,1
1239,1341,1
1239,1698,1
1239,1740,1
1239,1746,1
1239,1755,1
1239,1757,1
1239,1760,1
1239,1767,1
1239,1784,1
1239,1785,1
1239,1789,1
1239,1790,1
1239,1791,1
1239,1800,1
1239,1928,1
1239,2015,1
1239,2041,1
1239,2050,1
1239,2277,1
1239,2379,1
1239,2529,1
1239,2575,1
1239,2711,1
1239,2752,1
1239,2824,1
1239,2825,1
1239,2856,1
1239,2899,1
1239,2911,1
1239,2933,1
1239,3064,1
1239,3292,1
1239,3362,1
1239,3364,1
1239,3366,1
1239,3385,1
1239,3404,1
1239,3405,1
1239,3447,1
1239,3450,1
1239,3455,1
1239,3463,1
1239,3479,1
1239,3494,1
1239,3502,1
1239,3505,1
1239,3513,1
1239,3554,1
1239,3555,1
1239,3566,1
1239,3571,1
1239,3593,1
1239,3594,1
1239,3602,1
1239,3608,1
1239,3614,1
1239,3653,1
1239,3714,1
1239,3728,1
1239,3733,1
1239,3746,1
1239,3749,1
1239,3753,1
1239,3764,1
1239,3768,1
1239,3801,1
1239,3815,1
1239,3816,1
1239,3831,1
1239,3833,1
1239,3850,1
1239,3851,1
1239,3899,1
1239,3912,1
1239,3998,1
1239,4005,1
1239,4043,1
1239,4150,1
1239,4166,1
1239,4184,1
1239,4187,1
1239,4191,1
1239,4203,1
1239,4208,1
1239,4231,1
1239,4243,1
1239,4278,1
1239,4293,1
1239,4307,1
1239,4314,1
1239,4373,1
1239,4449,1
1239,4456,1
1239,4471,1
1239,4570,1
1239,4574,1
1239,4581,1
1239,4924,1
1239,4940,1
1239,4969,1
1239,4979,1
1239,4999,1
1239,5006,1
1239,5041,1
1239,5048,1
1239,5050,1
1239,5054,1
1239,5056,1
1239,5078,1
1239,5112,1
1239,5400,1
1239,5496,1
1239,5594,1
1239,5645,1
1239,5652,1
1239,5661,1
1239,5662,1
1239,5673,1
1239,5674,1
1239,5675,1
1239,5676,1
1239,5677,1
1239,5678,1
1239,5680,1
1239,5681,1
1239,5689,1
1239,5714,1
1239,5737,1
1239,5767,1
1239,5769,1
1239,5778,1
1239,5779,1
1239,5784,1
1239,5786,1
1239,6061,1
1239,6062,1
1239,6070,1
1239,6073,1
1239,6082,1
1239,6104,1
1239,6109,1
1239,6128,1
1239,6138,1
1239,6163,1
1239,6165,1
1239,6175,1
1239,6181,1
1239,6195,1
1239,6222,1
1239,6223,1
1239,6224,1
1239,6225,1
1239,6226,1
1239,6227,1
1239,6231,1
1239,6245,1
1239,6255,1
1239,6295,1
1239,6302,1
1239,6309,1
1239,6311,1
1239,6318,1
1239,6321,1
1239,6331,1
1239,6334,1
1239,6337,1
1239,6355,1
1239,6357,1
1239,6364,1
1239,6367,1
1239,6372,1
1239,6396,1
1239,6413,1
1239,6423,1
1239,6432,1
1239,6434,1
1239,6440,1
1239,6451,1
1239,6456,1
1239,6459,1
1239,6465,1
1239,6479,1
1239,6494,1
1239,6504,1
1239,6507,1
1239,6524,1
1239,6528,1
1239,6533,1
1239,6550,1
1239,6567,1
1239,6580,1
1239,6594,1
1239,6598,1
1239,6603,1
1239,6652,1
1239,6653,1
1239,6730,1
1239,6779,1
1239,6917,1
1239,6918,1
1239,6931,1
1239,6941,1
1239,6943,1
1239,6958,1
1239,6981,1
1239,6984,1
1239,6988,1
1239,7025,1
1239,7035,1
1239,7057,1
1239,7066,1
1239,7070,1
1239,7078,1
1239,7115,1
1239,7124,1
1239,7132,1
1239,7143,1
1239,7151,1
1239,7180,1
1239,7182,1
1239,7207,1
1239,7212,1
1239,7222,1
1239,7227,1
1239,7228,1
1239,7253,1
1239,7258,1
1239,7265,1
1239,7268,1
1239,7284,1
1239,7288,1
1239,7309,1
1239,7332,1
1239,7341,1
1239,7349,1
1239,7350,1
1239,7381,1
1239,7392,1
1239,7393,1
1239,7452,1
1239,7459,1
1239,7497,1
1239,7727,1
1239,7733,1
1239,7743,1
1239,7751,1
1239,7752,1
1239,7759,1
1239,7795,1
1239,7810,1
1239,7823,1
1239,7843,1
1239,7849,1
1239,7851,1
1239,7859,1
1239,7866,1
1239,7876,1
1239,7877,1
1239,7921,1
1239,7924,1
1239,7938,1
1239,7944,1
1239,7949,1
1239,7963,1
1239,8008,1
1239,8015,1
1239,8021,1
1239,8025,1
1239,8043,1
1239,8047,1
1239,8048,1
1239,8052,1
1239,8073,1
1239,8074,1
1239,8079,1
1239,8085,1
1239,8101,1
1239,8105,1
1239,8108,1
1239,8109,1
1239,8110,1
1239,8133,1
1239,8134,1
1239,8151,1
1239,8155,1
1239,8161,1
1239,8169,1
1239,8210,1
1239,8938,1
1239,9227,1
1239,9246,1
1239,9310,1
1239,9334,1
1239,10130,1
1239,10241,1
1239,10242,1
1239,10246,1
1239,10248,1
1239,10257,1
1239,10292,1
1239,10300,1
1239,10302,1
1239,10311,1
1239,10316,1
1239,10333,1
1239,10383,1
1239,10384,1
1239,10390,1
1239,10396,1
1239,10397,1
1239,10399,1
1239,10405,1
1239,10412,1
1239,10416,1
1239,10424,1
1239,10430,1
1239,10435,1
1239,10440,1
1239,10444,1
1239,10461,1
1239,10468,1
1239,10473,1
1239,10504,1
1239,10507,1
1239,10534,1
1239,10537,1
1239,10563,1
1239,10577,1
1239,10585,1
1239,10597,1
1239,10602,1
1239,10604,1
1239,10608,1
1239,10609,1
1239,10612,1
1239,10618,1
1239,10635,1
1239,10647,1
1239,10661,1
1239,10665,1
1239,10674,1
1239,10676,1
1239,10679,1
1239,10694,1
1239,10721,1
1239,10724,1
1239,10726,1
1239,10727,1
1239,10735,1
1239,10738,1
1239,10756,1
1239,10770,1
1239,10771,1
1239,10772,1
1239,10794,1
1239,10799,1
1239,10801,1
1239,10804,1
1239,10810,1
1239,10818,1
1239,10821,1
1239,10825,1
1239,10826,1
1239,10827,1
1239,10828,1
1239,10829,1
1239,10830,1
1239,10831,1
1239,10832,1
1239,10833,1
1239,10840,1
1239,10848,1
1239,10852,1
1239,10855,1
1239,10859,1
1239,10868,1
1239,10882,1
1239,10899,1
1239,10916,1
1239,10920,1
1239,10921,1
1239,10925,1
1239,10928,1
1239,10931,1
1239,10933,1
1239,10946,1
1239,10948,1
1239,10949,1
1239,10957,1
1239,10959,1
1239,10960,1
1239,10980,1
1239,10991,1
1239,10994,1
1239,11003,1
1239,11004,1
1239,11010,1
1239,11011,1
1239,11012,1
1239,11021,1
1239,11033,1
1239,11036,1
1239,11049,1
1239,11061,1
1239,11068,1
1239,11071,1
1239,11091,1
1239,11101,1
1239,11104,1
1239,11107,1
1239,11114,1
1239,11124,1
1239,11151,1
1239,11168,1
1239,11169,1
1239,11171,1
1239,11177,1
1239,11185,1
1239,11198,1
1239,11219,1
1239,11225,1
1239,11226,1
1239,11227,1
1239,11234,1
1239,11253,1
1239,11270,1
1239,11272,1
1239,11305,1
1239,11306,1
1239,11316,1
1239,11317,1
1239,11329,1
1239,11331,1
1239,11358,1
1239,11359,1
1239,11381,1
1239,11398,1
1239,11400,1
1239,11403,1
1239,11404,1
1239,11405,1
1239,11409,1
1239,11412,1
1239,11418,1
1239,11430,1
1239,11437,1
1239,11439,1
1239,11449,1
1239,11458,1
1239,11461,1
1239,11483,1
1239,11491,1
1239,11500,1
1239,11508,1
1239,11510,1
1239,11512,1
1239,11521,1
1239,11527,1
1239,11528,1
1239,11530,1
1239,11538,1
1239,11541,1
1239,11548,1
1239,11550,1
1239,11557,1
1239,11563,1
1239,11570,1
1239,11575,1
1239,11576,1
1239,11579,1
1239,11587,1
1239,11590,1
1239,11595,1
1239,11598,1
1239,11600,1
1239,11603,1
1239,11606,1
1239,11611,1
1239,11612,1
1239,11615,1
1239,11623,1
1239,11635,1
1239,11643,1
1239,11690,1
1239,11692,1
1239,11709,1
1239,11710,1
1239,11716,1
1239,11721,1
1239,11735,1
1239,11737,1
1239,11741,1
1239,11760,1
1239,11761,1
1239,11770,1
1239,11771,1
1239,11774,1
1239,11781,1
1239,11791,1
1239,11804,1
1239,11819,1
1239,11820,1
1239,11822,1
1239,11828,1
1239,11836,1
1239,11840,1
1239,11848,1
1239,11852,1
1239,11859,1
1239,11870,1
1239,11877,1
1239,11882,1
1239,11883,1
1239,11890,1
1239,11897,1
1239,11902,1
1239,11919,1
1239,11945,1
1239,11948,1
1239,11955,1
1239,11957,1
1239,11961,1
1239,11965,1
1239,11966,1
1239,11984,1
1239,11986,1
1239,11990,1
1239,12000,1
1239,12014,1
1239,12015,1
1239,12016,1
1239,12017,1
1239,12031,1
1239,12033,1
1239,12049,1
1239,12057,1
1239,12070,1
1239,12075,1
1239,12087,1
1239,12097,1
1239,12101,1
1239,12103,1
1239,12112,1
1239,12115,1
1239,12131,1
1239,12133,1
1239,12141,1
1239,12159,1
1239,12171,1
1239,12175,1
1239,12180,1
1239,12195,1
1239,12197,1
1239,12198,1
1239,12201,1
1239,12202,1
1239,12205,1
1239,12209,1
1239,12227,1
1239,12259,1
1239,12260,1
1239,12273,1
1239,12278,1
1239,12279,1
1239,12282,1
1239,12283,1
1239,12888,1
1239,13329,1
1239,13337,1
1239,13341,1
1239,13350,1
1239,13363,1
1239,13371,1
1239,13379,1
1239,13384,1
1239,13388,1
1239,13399,1
1239,13403,1
1239,13404,1
1239,13408,1
1239,13409,1
1239,13419,1
1239,13431,1
1239,13439,1
1239,13445,1
1239,13454,1
1239,13464,1
1239,13472,1
1239,13488,1
1239,13490,1
1239,13492,1
1239,13496,1
1239,13516,1
1239,13527,1
1239,13534,1
1239,13554,1
1239,13559,1
1239,13567,1
1239,13574,1
1239,13576,1
1239,13578,1
1239,13586,1
1239,13592,1
1239,13597,1
1239,13601,1
1239,13602,1
1239,13607,1
1239,13613,1
1239,13614,1
1239,13635,1
1239,13638,1
1239,13676,1
1239,13704,1
1239,13717,1
1239,13718,1
1239,13719,1
1239,13726,1
1239,13736,1
1239,13739,1
1239,13745,1
1239,13750,1
1239,13754,1
1239,13756,1
1239,13760,1
1239,13764,1
1239,13765,1
1239,13772,1
1239,13776,1
1239,13782,1
1239,13793,1
1239,13805,1
1239,13815,1
1239,13824,1
1239,13829,1
1239,13831,1
1239,13837,1
1239,13840,1
1239,13842,1
1239,13843,1
1239,13846,1
1239,13855,1
1239,13866,1
1239,13869,1
1239,13871,1
1239,13880,1
1239,13882,1
1239,13885,1
1239,13887,1
1239,13889,1
1239,13894,1
1239,13899,1
1239,13915,1
1239,13930,1
1239,13941,1
1239,13943,1
1239,13975,1
1239,13984,1
1239,13986,1
1239,13993,1
1239,13996,1
1239,14021,1
1239,14025,1
1239,14027,1
1239,14033,1
1239,14037,1
1239,14040,1
1239,14042,1
1239,14044,1
1239,14046,1
1239,14073,1
1239,14090,1
1239,14099,1
1239,14103,1
1239,14107,1
1239,14130,1
1239,14134,1
1239,14135,1
1239,14145,1
1239,14155,1
1239,14174,1
1239,14176,1
1239,14180,1
1239,14181,1
1239,14182,1
1239,14185,1
1239,14188,1
1239,14192,1
1239,14221,1
1239,14225,1
1239,14244,1
1239,14255,1
1239,14257,1
1239,14258,1
1239,14283,1
1239,14288,1
1239,14289,1
1239,14296,1
1239,14298,1
1239,14299,1
1239,14300,1
1239,14301,1
1239,14302,1
1239,14303,1
1239,14304,1
1239,14305,1
1239,14307,1
1239,14309,1
1239,14321,1
1239,14329,1
1239,14330,1
1239,14335,1
1239,14342,1
1239,14347,1
1239,14350,1
1239,14352,1
1239,14362,1
1239,14363,1
1239,14403,1
1239,14417,1
1239,14419,1
1239,14423,1
1239,14428,1
1239,14434,1
1239,14442,1
1239,14447,1
1239,14452,1
1239,14461,1
1239,14482,1
1239,14499,1
1239,14505,1
1239,14509,1
1239,14510,1
1239,14512,1
1239,14513,1
1239,14530,1
1239,14532,1
1239,14543,1
1239,14545,1
1239,14554,1
1239,14557,1
1239,14558,1
1239,14564,1
1239,14578,1
1239,14589,1
1239,14591,1
1239,14594,1
1239,14598,1
1239,14600,1
1239,14604,1
1239,14619,1
1239,14625,1
1239,14626,1
1239,14634,1
1239,14636,1
1239,14645,1
1239,14646,1
1239,14649,1
1239,14655,1
1239,14657,1
1239,14667,1
1239,14682,1
1239,14685,1
1239,14694,1
1239,14695,1
1239,14696,1
1239,14699,1
1239,14703,1
1239,14704,1
1239,14713,1
1239,14716,1
1239,14748,1
1239,14750,1
1239,14758,1
1239,14765,1
1239,14770,1
1239,14793,1
1239,14801,1
1239,14811,1
1239,14819,1
1239,14821,1
1239,14828,1
1239,14839,1
1239,14860,1
1239,14864,1
1239,14882,1
1239,14887,1
1239,14915,1
1239,14935,1
1239,14944,1
1239,14948,1
1239,14955,1
1239,14962,1
1239,14989,1
1239,14999,1
1239,15002,1
1239,15011,1
1239,15014,1
1239,15018,1
1239,15021,1
1239,15059,1
1239,15062,1
1239,15081,1
1239,15094,1
1239,15098,1
1239,15100,1
1239,15101,1
1239,15129,1
1239,15134,1
1239,15137,1
1239,15141,1
1239,15148,1
1239,15149,1
1239,15163,1
1239,15166,1
1239,15172,1
1239,15175,1
1239,15184,1
1239,15203,1
1239,15207,1
1239,15210,1
1239,15221,1
1239,15224,1
1239,15225,1
1239,15233,1
1239,15234,1
1239,15248,1
1239,15251,1
1239,15267,1
1239,15277,1
1239,15280,1
1239,15288,1
1239,15290,1
1239,15309,1
1239,15312,1
1239,15320,1
1239,15333,1
1239,15335,1
1239,15336,1
1239,15339,1
1239,15342,1
1239,15345,1
1239,16384,1
1239,16385,1
1239,16387,1
1239,16389,1
1239,16421,1
1239,16424,1
1239,16465,1
1239,16482,1
1239,16487,1
1239,16488,1
1239,16496,1
1239,16511,1
1239,16516,1
1239,16517,1
1239,16530,1
1239,16534,1
1239,16556,1
1239,16564,1
1239,16597,1
1239,16598,1
1239,16604,1
1239,16608,1
1239,16612,1
1239,16617,1
1239,16621,1
1239,16628,1
1239,16631,1
1239,16635,1
1239,16645,1
1239,16646,1
1239,16664,1
1239,16683,1
1239,16698,1
1239,16721,1
1239,16727,1
1239,16747,1
1239,16756,1
1239,16788,1
1239,16794,1
1239,16799,1
1239,16807,1
1239,16835,1
1239,16836,1
1239,16848,1
1239,16852,1
1239,16860,1
1239,16886,1
1239,16898,1
1239,16908,1
1239,16910,1
1239,16929,1
1239,16931,1
1239,16937,1
1239,16940,1
1239,16968,1
1239,16971,1
1239,16997,1
1239,16998,1
1239,16999,1
1239,17033,1
1239,17039,1
1239,17041,1
1239,17046,1
1239,17049,1
1239,17054,1
1239,17065,1
1239,17094,1
1239,17096,1
1239,17100,1
1239,17105,1
1239,17115,1
1239,17129,1
1239,17145,1
1239,17146,1
1239,17150,1
1239,17171,1
1239,17189,1
1239,17212,1
1239,17240,1
1239,17244,1
1239,17263,1
1239,17264,1
1239,17306,1
1239,17310,1
1239,17317,1
1239,17340,1
1239,17341,1
1239,17354,1
1239,17366,1
1239,18476,1
1239,18480,1
1239,18504,1
1239,18506,1
1239,18511,1
1239,18529,1
1239,18539,1
1239,18541,1
1239,18570,1
1239,18588,1
1239,18593,1
1239,18603,1
1239,18608,1
1239,18610,1
1239,18616,1
1239,18618,1
1239,18632,1
1239,18634,1
1239,18663,1
1239,18672,1
1239,18679,1
1239,18682,1
1239,18696,1
1239,18726,1
1239,18744,1
1239,18755,1
1239,18772,1
1239,18785,1
1239,18805,1
1239,18814,1
1239,18824,1
1239,18827,1
1239,18830,1
1239,18854,1
1239,18893,1
1239,18900,1
1239,18901,1
1239,18902,1
1239,18908,1
1239,18911,1
1239,18929,1
1239,18939,1
1239,18961,1
1239,18984,1
1239,19006,1
1239,19014,1
1239,19023,1
1239,19043,1
1239,19055,1
1239,19061,1
1239,19081,1
1239,19095,1
1239,19096,1
1239,19097,1
1239,19113,1
1239,19122,1
1239,19124,1
1239,19126,1
1239,19130,1
1239,19131,1
1239,19139,1
1239,19165,1
1239,19166,1
1239,19172,1
1239,19176,1
1239,19194,1
1239,19195,1
1239,19201,1
1239,19221,1
1239,19235,1
1239,19237,1
1239,19248,1
1239,19249,1
1239,19254,1
1239,19265,1
1239,19276,1
1239,19277,1
1239,19286,1
1239,19301,1
1239,19306,1
1239,19311,1
1239,19318,1
1239,19331,1
1239,19334,1
1239,19336,1
1239,19341,1
1239,19362,1
1239,19364,1
1239,19386,1
1239,19389,1
1239,19390,1
1239,19396,1
1239,19398,1
1239,19408,1
1239,19409,1
1239,19414,1
1239,19429,1
1239,19437,1
1239,19469,1
1239,19471,1
1239,19473,1
1239,19481,1
1239,19499,1
1239,19501,1
1239,19502,1
1239,19514,1
1239,19530,1
1239,19538,1
1239,19554,1
1239,19559,1
1239,19560,1
1239,19567,1
1239,19570,1
1239,19573,1
1239,19575,1
1239,19584,1
1239,19593,1
1239,19615,1
1239,19624,1
1239,19625,1
1239,19627,1
1239,19748,1
1239,19755,1
1239,19757,1
1239,19761,1
1239,19779,1
1239,19813,1
1239,19821,1
1239,19833,1
1239,19837,1
1239,19850,1
1239,19864,1
1239,19868,1
1239,19870,1
1239,19879,1
1239,19887,1
1239,19893,1
1239,19894,1
1239,19911,1
1239,19921,1
1239,19951,1
1239,19985,1
1239,20042,1
1239,20082,1
1239,101,1
1239,1,1
1239,209,1
1239,577,1
1239,297,1
1239,174,1
1239,293,1
1239,600,1
1239,102,1
1239,109,1
1239,81,1
1239,668,1
1239,122,1
1239,157,1
1239,238,1
1239,243,1
1239,568,1
1239,6,1
1239,721,1
1239,803,1
1280,14478,1
1663,1673,1
1673,1326,1
1673,1667,1
1673,1321,1
1673,1322,1
1673,1323,1
1673,1324,1
1673,1325,1
1673,1327,1
1673,1328,1
1673,1330,1
1673,1331,1
1673,1332,1
1673,1333,1
1673,1334,1
1673,1662,1
1673,1670,1
1673,1674,1
1673,1677,1
1673,1687,1
1673,1694,1
1673,1329,1
1680,8410,1
1680,8738,1
1680,8867,1
1680,8958,1
1680,9071,1
1680,9117,1
1680,12400,1
1680,12441,1
1680,12619,1
1680,12988,1
1680,13074,1
1680,13093,1
1680,13172,1
1680,13240,1
1680,15380,1
1680,15976,1
1680,16061,1
1691,1,1
1691,3633,1
1691,11625,1
1691,13697,1
1691,13937,1
1691,14007,1
1691,14653,1
1691,15247,1
1691,16438,1
1691,17345,1
1691,17392,1
1691,19062,1
1698,1324,1
1740,1746,1
1740,1800,1
1740,2041,1
1740,2568,1
1740,2571,1
1740,3362,1
1740,3588,1
1740,4179,1
1740,4263,1
1740,4265,1
1740,4374,1
1740,7358,1
1740,7377,1
1740,7760,1
1740,8188,1
1740,10294,1
1740,10314,1
1740,10455,1
1740,10484,1
1740,10666,1
1740,10844,1
1740,10868,1
1740,10894,1
1740,10995,1
1740,11030,1
1740,11188,1
1740,11278,1
1740,11282,1
1740,11369,1
1740,11387,1
1740,11627,1
1740,11795,1
1740,11955,1
1740,12061,1
1740,13772,1
1740,13919,1
1740,14566,1
1740,14612,1
1740,15041,1
1740,15104,1
1740,15110,1
1740,15318,1
1740,16417,1
1740,16650,1
1740,16792,1
1740,16970,1
1740,16991,1
1740,17012,1
1740,17060,1
1740,17155,1
1740,17160,1
1740,17186,1
1740,17308,1
1740,17314,1
1740,18451,1
1740,18554,1
1740,18702,1
1740,18703,1
1740,18807,1
1740,18811,1
1740,18850,1
1740,18985,1
1740,19179,1
1740,19701,1
1740,297,1
1740,174,1
1740,293,1
1740,195,1
1740,668,1
1740,1236,1
1740,568,1
1755,1,1
1755,174,1
1755,1273,1
1755,109,1
1755,286,1
1755,1759,1
1755,1853,1
1755,1880,1
1755,1889,1
1755,2529,1
1755,2603,1
1755,2607,1
1755,2852,1
1755,3216,1
1755,3246,1
1755,3292,1
1755,3300,1
1755,3330,1
1755,3333,1
1755,3336,1
1755,5377,1
1755,5388,1
1755,5400,1
1755,5403,1
1755,5410,1
1755,5423,1
1755,5424,1
1755,5466,1
1755,5499,1
1755,5539,1
1755,5571,1
1755,5578,1
1755,5588,1
1755,5595,1
1755,5628,1
1755,5629,1
1755,6730,1
1755,6747,1
1755,6754,1
1755,6761,1
1755,6790,1
1755,6830,1
1755,6855,1
1755,6862,1
1755,6887,1
1755,8068,1
1755,8210,1
1755,8213,1
1755,8228,1
1755,8246,1
1755,8257,1
1755,8266,1
1755,8339,1
1755,8377,1
1755,8379,1
1755,8437,1
1755,8514,1
1755,8525,1
1755,8555,1
1755,8560,1
1755,8612,1
1755,8642,1
1755,8708,1
1755,8709,1
1755,8740,1
1755,8778,1
1755,8784,1
1755,8785,1
1755,8787,1
1755,8815,1
1755,8840,1
1755,8913,1
1755,8919,1
1755,8938,1
1755,8992,1
1755,9004,1
1755,9008,1
1755,9044,1
1755,9078,1
1755,9132,1
1755,9133,1
1755,9143,1
1755,9160,1
1755,9214,1
1755,12302,1
1755,12313,1
1755,12334,1
1755,12350,1
1755,12390,1
1755,12458,1
1755,12530,1
1755,12540,1
1755,12552,1
1755,12565,1
1755,12570,1
1755,12636,1
1755,12662,1
1755,12844,1
1755,12852,1
1755,12868,1
1755,12874,1
1755,12877,1
1755,12955,1
1755,13111,1
1755,13214,1
1755,13229,1
1755,13297,1
1755,13299,1
1755,13300,1
1755,15379,1
1755,15421,1
1755,15482,1
1755,15520,1
1755,15589,1
1755,15616,1
1755,15635,1
1755,15670,1
1755,15679,1
1755,15695,1
1755,15703,1
1755,15737,1
1755,15784,1
1755,15915,1
1755,15940,1
1755,15941,1
1755,15990,1
1755,16115,1
1755,16228,1
1755,1267,1
1755,1299,1
1755,1257,1
1757,209,1
1759,2380,1
1759,5515,1
1759,5574,1
1759,5589,1
1759,5590,1
1759,8348,1
1760,99,1
1767,8169,1
1767,19217,1
1784,4969,1
1784,5716,1
1784,6345,1
1784,6506,1
1784,6530,1
1784,7035,1
1784,7181,1
1784,10271,1
1784,10323,1
1784,10367,1
1784,10653,1
1784,13779,1
1784,14985,1
1784,17113,1
1874,721,1
1982,7042,1
1982,10594,1
2033,4969,1
2033,8145,1
2041,1,1
2041,293,1
2041,3110,1
2041,4166,1
2041,6540,1
2041,7208,1
2041,7219,1
2041,11209,1
2041,11591,1
2041,11600,1
2041,11668,1
2041,14042,1
2041,14272,1
2041,16860,1
2140,3908,1
2150,209,1
2150,10294,1
2150,11422,1
2150,11423,1
2154,209,1
2163,237,1
2277,11377,1
2379,3447,1
2379,11047,1
2379,12090,1
2379,14467,1
2379,15248,1
2379,17404,1
2379,18865,1
2379,18964,1
2379,19552,1
2379,19654,1
2379,20112,1
2562,161,1
2576,6350,1
2578,2118,1
2578,2820,1
2578,2895,1
2578,3218,1
2578,3267,1
2578,6788,1
2578,6854,1
2578,6903,1
2578,8241,1
2578,8395,1
2578,8482,1
2578,8515,1
2578,8629,1
2578,8636,1
2578,8752,1
2578,8904,1
2578,12976,1
2578,13165,1
2578,15682,1
2578,15757,1
2578,16083,1
2749,3739,1
2752,6181,1
2752,17168,1
2853,5515,1
2856,1,1
2856,1849,1
2856,5388,1
2856,5400,1
2856,6871,1
2856,8435,1
2856,8613,1
2856,8635,1
2856,8689,1
2856,8698,1
2856,8716,1
2856,8718,1
2856,9090,1
2856,9195,1
2856,12789,1
2856,12937,1
2856,13037,1
2856,13114,1
2856,13122,1
2856,13196,1
2856,15724,1
2856,15727,1
2856,15899,1
2899,10702,1
2899,11252,1
2899,11428,1
2899,16957,1
2901,3908,1
2901,11389,1
2901,14445,1
2901,14818,1
2901,17263,1
2901,1829,1
2905,4571,1
2905,7020,1
2905,8072,1
2905,10798,1
2905,11569,1
2905,14516,1
2905,16853,1
2905,17148,1
2905,17312,1
2905,18775,1
2928,209,1
2941,7424,1
3079,1,1
3080,1,1
3087,209,1
3089,209,1
3126,1,1
3300,174,1
3300,1273,1
3300,286,1
3300,1136,1
3300,1200,1
3300,3304,1
3300,3305,1
3300,3329,1
3300,3330,1
3300,3333,1
3300,5400,1
3300,5403,1
3300,5417,1
3300,5496,1
3300,5539,1
3300,5577,1
3300,5595,1
3300,6736,1
3300,6799,1
3300,6829,1
3300,6844,1
3300,6847,1
3300,8245,1
3300,8354,1
3300,8379,1
3300,8397,1
3300,8573,1
3300,8673,1
3300,8933,1
3300,9008,1
3300,9083,1
3300,9214,1
3300,12298,1
3300,12350,1
3300,12361,1
3300,12401,1
3300,12454,1
3300,12457,1
3300,12469,1
3300,12547,1
3300,12560,1
3300,12602,1
3300,12667,1
3300,12868,1
3300,12948,1
3300,12960,1
3300,13131,1
3300,13248,1
3300,15571,1
3300,15702,1
3300,1889,1
3300,2818,1
3300,2007,1
3300,3244,1
3360,1,1
3378,3369,1
3493,7454,1
3493,11742,1
3493,14653,1
3493,16541,1
3493,19531,1
3495,1,1
3505,1,1
3505,15244,1
3505,16903,1
3554,11842,1
3554,14274,1
3578,1,1
3578,8125,1
3591,10490,1
3602,3812,1
3602,4143,1
3602,4469,1
3602,4509,1
3602,5071,1
3602,5690,1
3602,5755,1
3602,5769,1
3602,6638,1
3602,7122,1
3602,7307,1
3602,7366,1
3602,7398,1
3602,7781,1
3602,7826,1
3602,11103,1
3602,11522,1
3602,11625,1
3602,11969,1
3602,13319,1
3602,13480,1
3602,13594,1
3602,13773,1
3602,13911,1
3602,14116,1
3602,14191,1
3602,14562,1
3602,14752,1
3602,15102,1
3602,16914,1
3602,18705,1
3602,19062,1
3602,19728,1
3614,1,1
3614,209,1
3621,145,1
3670,8079,1
3672,2767,1
3703,1,1
3703,174,1
3707,11486,1
3737,1,1
3737,4231,1
3737,11590,1
3737,11753,1
3737,15155,1
3741,6180,1
3741,7154,1
3741,7460,1
3741,10474,1
3741,10798,1
3741,10922,1
3741,11845,1
3741,14115,1
3741,14516,1
3741,16630,1
3741,16800,1
3741,16853,1
3741,17148,1
3741,17312,1
3741,18775,1
3741,19232,1
3741,19847,1
3751,16834,1
3768,5622,1
3789,1,1
3789,5056,1
3789,10347,1
3789,11670,1
3789,14200,1
3789,293,1
3803,6249,1
3803,8038,1
3812,13705,1
3816,11237,1
3820,1785,1
3831,5003,1
3831,6361,1
3831,7958,1
3831,8166,1
3831,10532,1
3831,11775,1
3831,11942,1
3831,13959,1
3831,16687,1
3840,4433,1
3850,14565,1
3850,16923,1
3957,174,1
4010,1,1
4223,6598,1
4231,6522,1
4231,7337,1
4231,11410,1
4231,11534,1
4257,1,1
4257,1327,1
4278,1,1
4278,13876,1
4278,3764,1
4279,11550,1
4307,1,1
4314,7776,1
4314,14758,1
4314,17340,1
4374,11289,1
4374,12051,1
4374,12230,1
4374,17023,1
4374,17039,1
4390,6350,1
4390,6995,1
4542,15267,1
4543,11207,1
4546,2686,1
4547,174,1
4549,174,1
4570,7132,1
4664,4670,1
4775,10224,1
4775,17433,1
4775,4743,1
4792,10064,1
4792,10171,1
4913,209,1
4913,18859,1
4926,6057,1
4926,7049,1
4926,8066,1
4926,10277,1
4926,10318,1
4926,10452,1
4926,10481,1
4926,10671,1
4926,10785,1
4926,10795,1
4926,10834,1
4926,10986,1
4926,11008,1
4926,11014,1
4926,11193,1
4926,11256,1
4926,11311,1
4926,11315,1
4926,11373,1
4926,11411,1
4926,11450,1
4926,11451,1
4926,14664,1
4926,16772,1
4926,18496,1
4926,4270,1
4927,1,1
4939,15031,1
4959,14955,1
4969,5641,1
4969,6260,1
4969,6434,1
4969,7380,1
4969,7772,1
4969,7784,1
4969,10288,1
4969,11174,1
4969,11229,1
4969,11931,1
4969,14390,1
4969,15226,1
4969,16498,1
4969,16554,1
4969,17014,1
4969,17019,1
4969,19674,1
4969,64555,1
4969,65501,1
4969,293,1
4996,5551,1
5003,10322,1
5003,10589,1
5003,14654,1
5003,19884,1
5003,4259,1
5006,1,1
5006,209,1
5006,5056,1
5006,7263,1
5006,7792,1
5006,7800,1
5006,7973,1
5006,8148,1
5006,10337,1
5006,10377,1
5006,10379,1
5006,10386,1
5006,10711,1
5006,10765,1
5006,10878,1
5006,11101,1
5006,11401,1
5006,11544,1
5006,11671,1
5006,13367,1
5006,13376,1
5006,13892,1
5006,14278,1
5006,14367,1
5006,14371,1
5006,14619,1
5006,14738,1
5006,15100,1
5006,16496,1
5006,16612,1
5006,16904,1
5006,17162,1
5006,18454,1
5006,18581,1
5006,18699,1
5006,18723,1
5006,293,1
5006,57,1
5006,555,1
5006,4045,1
5006,125,1
5024,209,1
5024,11485,1
5024,14384,1
5050,209,1
5050,145,1
5050,7272,1
5050,11537,1
5050,12118,1
5050,1206,1
5050,1207,1
5050,3503,1
5050,4130,1
5050,3999,1
5050,9,1
5056,1,1
5056,6122,1
5056,6730,1
5056,7880,1
5056,10726,1
5056,11044,1
5056,11334,1
5056,600,1
5056,683,1
5056,2381,1
5093,1,1
5106,18830,1
5106,5103,1
5106,5104,1
5106,5105,1
5486,8947,1
5486,9117,1
5486,12441,1
5486,12491,1
5486,12619,1
5486,12736,1
5486,12752,1
5486,13093,1
5486,13172,1
5486,15380,1
5486,15425,1
5486,15823,1
5486,16061,1
5496,5409,1
5496,3333,1
5496,12854,1
5496,13266,1
5594,1103,1
5594,5409,1
5594,1299,1
5594,6678,1
5594,6760,1
5594,6893,1
5594,6904,1
5594,8362,1
5594,8527,1
5594,8554,1
5594,8784,1
5594,8964,1
5594,8999,1
5594,9003,1
5594,9036,1
5594,12362,1
5594,12372,1
5594,12417,1
5594,12662,1
5594,12807,1
5594,12832,1
5594,12864,1
5594,13049,1
5594,13226,1
5594,15674,1
5594,16077,1
5594,16140,1
5594,16211,1
5594,5560,1
5645,1,1
5645,8043,1
5645,10399,1
5647,1785,1
5662,1,1
5662,209,1
5693,14602,1
5693,14979,1
5693,15023,1
5713,5710,1
5713,6083,1
5713,6089,1
5713,7020,1
5713,7154,1
5713,7460,1
5713,8094,1
5713,10922,1
5713,11157,1
5713,11744,1
5713,11845,1
5713,12258,1
5713,13519,1
5713,14115,1
5713,14516,1
5713,15159,1
5713,17312,1
5713,19711,1
5713,19847,1
5713,5400,1
5713,5551,1
5713,2018,1
5737,1,1
5737,5767,1
5737,8148,1
5737,10372,1
5737,10853,1
5737,11544,1
5737,11596,1
5737,13376,1
5737,14161,1
5737,14278,1
5737,14485,1
5737,15009,1
5737,16871,1
5737,17330,1
5737,18629,1
5743,2648,1
5752,4601,1
5778,10843,1
5778,10935,1
5778,11288,1
5778,11343,1
5778,19157,1
5778,19755,1
5779,1,1
5939,721,1
6062,10583,1
6082,209,1
6082,7026,1
6082,13775,1
6082,14985,1
6082,3394,1
6091,6226,1
6103,12259,1
6104,6359,1
6104,11021,1
6104,11760,1
6104,11882,1
6104,15327,1
6104,16659,1
6104,16795,1
6104,5101,1
6128,11179,1
6128,13455,1
6128,13554,1
6128,14644,1
6128,14697,1
6128,14712,1
6128,14864,1
6128,15275,1
6128,17051,1
6128,17268,1
6128,18533,1
6128,18970,1
6128,6074,1
6139,1,1
6163,9232,1
6163,14916,1
6163,17452,1
6181,209,1
6181,7070,1
6181,7942,1
6181,14153,1
6183,577,1
6183,2767,1
6195,174,1
6197,209,1
6197,6570,1
6197,10273,1
6197,11712,1
6197,12272,1
6197,15152,1
6197,16984,1
6197,17045,1
6198,209,1
6198,10273,1
6198,10741,1
6198,12013,1
6198,13488,1
6198,13939,1
6198,14182,1
6198,14770,1
6198,17402,1
6198,18802,1
6198,3681,1
6198,4511,1
6198,3996,1
6203,209,1
6203,10851,1
6223,11052,1
6223,11639,1
6223,14149,1
6223,14739,1
6223,16749,1
6223,19364,1
6223,19935,1
6223,4376,1
6224,11066,1
6224,18761,1
6225,11307,1
6225,14517,1
6225,19915,1
6226,7920,1
6226,11492,1
6226,14690,1
6226,18806,1
6226,19505,1
6226,6086,1
6227,1,1
6227,13553,1
6227,18761,1
6233,16426,1
6245,1,1
6283,174,1
6295,12175,1
6300,1,1
6300,17293,1
6300,1965,1
6301,1,1
6309,209,1
6322,11052,1
6327,10261,1
6327,10482,1
6327,11257,1
6327,13937,1
6327,14562,1
6327,18604,1
6327,18988,1
6327,19075,1
6327,19423,1
6327,577,1
6334,174,1
6341,6349,1
6373,3463,1
6380,16883,1
6380,3996,1
6381,6356,1
6382,4454,1
6382,16473,1
6383,4454,1
6383,19006,1
6383,19841,1
6384,14898,1
6384,16903,1
6384,19297,1
6385,11492,1
6386,13384,1
6386,15212,1
6386,16565,1
6386,16787,1
6386,19685,1
6387,4454,1
6388,3464,1
6388,7098,1
6392,1,1
6396,7254,1
6404,174,1
6419,10506,1
6423,11995,1
6423,16752,1
6429,13643,1
6429,14966,1
6429,15034,1
6429,16874,1
6429,17147,1
6429,18822,1
6429,18941,1
6429,19199,1
6429,19338,1
6429,19632,1
6432,1,1
6432,8372,1
6432,1299,1
6433,10440,1
6435,200,1
6437,16761,1
6468,4264,1
6474,7132,1
6485,8112,1
6503,6927,1
6503,6957,1
6503,7038,1
6503,7125,1
6503,7325,1
6503,7438,1
6503,7974,1
6503,10420,1
6503,10436,1
6503,11519,1
6503,11677,1
6503,11888,1
6503,12146,1
6503,13440,1
6503,13999,1
6503,14122,1
6503,14249,1
6503,14250,1
6503,15107,1
6503,15236,1
6503,16960,1
6503,18449,1
6503,19259,1
6503,19332,1
6503,19688,1
6503,20032,1
6503,278,1
6503,3484,1
6503,6342,1
6503,2549,1
6503,3454,1
6503,3596,1
6503,3632,1
6503,1292,1
6503,3548,1
6503,3810,1
6503,4493,1
6503,6495,1
6504,1,1
6504,11101,1
6517,209,1
6517,10326,1
6517,11304,1
6517,11834,1
6517,11922,1
6517,14049,1
6517,14490,1
6517,14539,1
6517,14643,1
6517,15238,1
6517,16992,1
6517,18626,1
6517,19839,1
6517,3908,1
6517,4191,1
6521,16550,1
6541,1,1
6566,1,1
6569,10796,1
6582,1,1
6582,10305,1
6582,13555,1
6582,13736,1
6582,14823,1
6582,17172,1
6582,17362,1
6597,1,1
6597,10949,1
6601,209,1
6619,9633,1
6623,1,1
6623,209,1
6629,10886,1
6633,14134,1
6650,1,1
6650,209,1
6652,1,1
6652,4264,1
6653,3908,1
6677,15389,1
6730,1,1
6730,5400,1
6730,3292,1
6730,5409,1
6730,8404,1
6730,8408,1
6730,8493,1
6730,8640,1
6730,8703,1
6730,8801,1
6730,8833,1
6730,8845,1
6730,8883,1
6730,9025,1
6730,9042,1
6730,9044,1
6730,9092,1
6730,9108,1
6730,9177,1
6730,9214,1
6730,12307,1
6730,12511,1
6730,12620,1
6730,12623,1
6730,12651,1
6730,12750,1
6730,12772,1
6730,12776,1
6730,12928,1
6730,13007,1
6730,15532,1
6730,15585,1
6730,15600,1
6730,15661,1
6730,15675,1
6730,15796,1
6730,15799,1
6730,15978,1
6730,16111,1
6730,16133,1
6730,16376,1
6730,3333,1
6730,1836,1
6847,1,1
6847,5378,1
6847,8421,1
6847,8686,1
6847,12473,1
6847,12661,1
6847,12885,1
6847,13220,1
6847,6067,1
6912,209,1
6912,2553,1
6912,3996,1
6913,209,1
6913,3996,1
6932,1,1
6941,209,1
6941,5683,1
6949,209,1
6949,3908,1
6966,1,1
6973,209,1
6983,1,1
6983,3452,1
6983,6112,1
6983,7079,1
6983,11109,1
6983,11512,1
6983,11580,1
6983,12083,1
6983,12173,1
6983,13473,1
6983,15105,1
6983,19882,1
6983,6231,1
6991,209,1
7023,14476,1
7023,16866,1
7023,18778,1
7047,209,1
7053,6081,1
7057,209,1
7128,1,1
7128,209,1
7152,1,1
7161,1,1
7168,19506,1
7182,1,1
7182,14939,1
7203,1,1
7203,11682,1
7206,7900,1
7253,10770,1
7253,16793,1
7260,1,1
7260,7820,1
7260,10656,1
7260,10730,1
7260,10758,1
7260,11056,1
7260,11253,1
7260,11717,1
7260,13337,1
7260,14137,1
7260,14161,1
7260,14544,1
7260,15306,1
7260,16787,1
7260,18699,1
7260,3566,1
7260,3599,1
7263,1,1
7263,209,1
7269,1,1
7270,1,1
7284,1,1
7318,1,1
7323,1,1
7332,10535,1
7332,11871,1
7332,13777,1
7332,3669,1
7336,1,1
7336,10977,1
7337,15243,1
7337,6078,1
7355,1,1
7381,11235,1
7381,14734,1
7381,17006,1
7384,5677,1
7393,6365,1
7395,1,1
7395,8156,1
7424,3908,1
7430,1,1
7453,209,1
7453,4941,1
7731,3908,1
7749,174,1
7754,1,1
7764,6350,1
7794,577,1
7794,18621,1
7800,1,1
7833,13291,1
7843,209,1
7843,11194,1
7843,13583,1
7843,14020,1
7843,14465,1
7843,19115,1
7843,225,1
7843,1351,1
7843,4203,1
7850,15277,1
7859,1,1
7862,1,1
7891,13685,1
7892,4454,1
7892,12075,1
7893,2048,1
7893,2055,1
7900,6138,1
7910,7984,1
7915,8047,1
7915,10609,1
7921,6602,1
7923,1,1
8009,1,1
8015,1,1
8015,13502,1
8015,14865,1
8015,16688,1
8015,18454,1
8015,18951,1
8015,19550,1
8047,15269,1
8051,209,1
8062,3996,1
8062,625,1
8063,3464,1
8063,19198,1
8079,8132,1
8079,11477,1
8079,16601,1
8079,18446,1
8079,18668,1
8079,3386,1
8084,1,1
8090,1,1
8143,2027,1
8143,3132,1
8146,1,1
8146,15353,1
8164,13425,1
8164,13426,1
8193,15531,1
8210,286,1
8210,5409,1
8210,5549,1
8210,2820,1
8210,3333,1
8210,6726,1
8210,8264,1
8210,8333,1
8210,8357,1
8210,8786,1
8210,9177,1
8210,12561,1
8210,15431,1
8210,15575,1
8210,15576,1
8210,16191,1
8210,6721,1
8210,3228,1
8210,2119,1
8509,8335,1
8509,2686,1
8509,8513,1
8509,16022,1
8509,8388,1
8563,6694,1
8563,9032,1
8563,15756,1
8563,2122,1
8672,8880,1
8672,12867,1
8672,15367,1
8672,15534,1
8672,16193,1
8777,8386,1
8777,12858,1
8777,15797,1
8837,11137,1
8837,3132,1
8938,1,1
8938,5427,1
8938,5409,1
8938,8990,1
8938,8992,1
8938,12306,1
8938,12394,1
8938,12407,1
8938,12457,1
8938,13222,1
8938,15364,1
8938,3333,1
8938,8319,1
8938,1299,1
8938,5551,1
8938,8379,1
8938,8843,1
8938,8247,1
8938,5385,1
8938,6735,1
8938,8333,1
8938,5388,1
8938,3330,1
8938,6848,1
8938,8235,1
8938,8638,1
8938,8673,1
8938,8760,1
8938,8413,1
9010,293,1
9010,378,1
9010,11537,1
9010,1213,1
9010,8501,1
9010,680,1
9010,1275,1
9010,5408,1
9010,1930,1
9010,766,1
9010,559,1
9010,1955,1
9010,2107,1
9010,2852,1
9010,2108,1
9010,137,1
9010,2602,1
9010,8933,1
9277,9458,1
9277,9522,1
9277,9531,1
9277,9532,1
9277,9692,1
9277,9704,1
9277,9767,1
9277,9857,1
9277,9974,1
9277,10179,1
9277,17572,1
9277,1781,1
9277,4669,1
9415,9902,1
9512,15641,1
9751,11563,1
9902,7482,1
9918,7710,1
9918,9216,1
9922,9923,1
9922,9676,1
9929,11919,1
9929,17432,1
9929,17621,1
9929,9812,1
9929,9813,1
9929,9816,1
9929,9819,1
9940,19915,1
10266,1,1
10339,15177,1
10388,12021,1
10389,209,1
10400,174,1
10403,11264,1
10416,209,1
10419,1,1
10424,12154,1
10424,15329,1
10424,17094,1
10440,11499,1
10440,18694,1
10440,3770,1
10466,11537,1
10466,55,1
10466,6372,1
10466,6522,1
10506,1,1
10532,209,1
10539,5676,1
10553,1,1
10559,1,1
10604,5676,1
10614,14706,1
10615,1,1
10616,1,1
10657,1,1
10738,20082,1
10754,1785,1
10760,209,1
10760,10930,1
10760,14890,1
10790,10993,1
10790,6465,1
10794,1,1
10809,1,1
10819,209,1
10820,209,1
10826,16935,1
10827,1,1
10827,10587,1
10827,13737,1
10827,16957,1
10827,17164,1
10829,11492,1
10829,16804,1
10830,10711,1
10830,16935,1
10833,15198,1
10838,11563,1
10838,200,1
10838,7757,1
10844,19051,1
10849,209,1
10856,2767,1
10866,14522,1
10866,7290,1
10916,209,1
10928,1,1
10933,16580,1
10933,7944,1
10934,1,1
10937,174,1
10960,1,1
10970,11838,1
10975,209,1
10975,1849,1
10975,5400,1
11012,17305,1
11057,209,1
11084,577,1
11086,1,1
11094,6995,1
11118,209,1
11123,1,1
11163,20102,1
11221,13398,1
11225,10947,1
11240,19158,1
11246,1,1
11255,13855,1
11260,2767,1
11260,11468,1
11260,18804,1
11264,209,1
11264,19526,1
11305,209,1
11324,1,1
11329,1,1
11331,8390,1
11331,12564,1
11331,12908,1
11331,12978,1
11331,12987,1
11331,13263,1
11331,16193,1
11331,8335,1
11331,8338,1
11331,8363,1
11331,8795,1
11331,8900,1
11331,8906,1
11331,9102,1
11339,5671,1
11354,1,1
11354,13354,1
11354,15036,1
11354,16503,1
11354,16526,1
11360,5673,1
11376,174,1
11377,11562,1
11377,19582,1
11403,1,1
11403,19696,1
11407,8006,1
11412,1,1
11427,12270,1
11429,1,1
11473,11530,1
11474,209,1
11486,9831,1
11486,13445,1
11486,15484,1
11486,19141,1
11486,9674,1
11494,174,1
11507,3908,1
11507,10835,1
11507,7745,1
11511,174,1
11517,11893,1
11527,1,1
11550,209,1
11573,1,1
11609,209,1
11664,10481,1
11664,13353,1
11664,17401,1
11689,1,1
11690,209,1
11723,4923,1
11728,1,1
11739,1,1
11743,145,1
11754,5676,1
11759,5673,1
11764,209,1
11764,2146,1
11764,3132,1
11768,6995,1
11774,5677,1
11806,11892,1
11823,174,1
11829,5673,1
11839,1,1
11860,1,1
11860,14763,1
11891,3908,1
11891,13329,1
11900,14980,1
11926,293,1
11928,1,1
11943,5673,1
11944,174,1
11981,174,1
11994,18805,1
11996,17263,1
12015,3908,1
12056,1,1
12069,209,1
12073,1,1
12098,1,1
12100,209,1
12142,174,1
12151,11296,1
12167,209,1
12180,1,1
12180,209,1
12180,12139,1
12180,14384,1
12180,14412,1
12223,14929,1
12234,1849,1
12238,174,1
12274,5673,1
12283,209,1
12491,12143,1
12491,15399,1
12491,15755,1
12491,15808,1
12491,15811,1
12491,8212,1
12491,8544,1
12497,286,1
12497,15491,1
12849,16159,1
12849,16271,1
12888,1273,1
12888,1270,1
13326,10578,1
13361,1,1
13374,1,1
13374,16750,1
13374,2933,1
13374,3796,1
13384,1,1
13386,2568,1
13388,209,1
13389,1,1
13389,209,1
13389,293,1
13407,1,1
13415,12284,1
13444,209,1
13445,1,1
13445,1299,1
13445,4266,1
13461,1,1
13483,209,1
13494,209,1
13512,7620,1
13512,8709,1
13570,14038,1
13574,209,1
13593,209,1
13612,3908,1
13633,174,1
13650,174,1
13657,15290,1
13694,14047,1
13698,209,1
13716,1,1
13722,209,1
13741,174,1
13753,14506,1
13756,1,1
13776,1,1
13776,10516,1
13776,14447,1
13778,2822,1
13782,209,1
13803,209,1
13819,209,1
13819,16564,1
13819,16698,1
13828,1,1
13832,1,1
13848,1,1
13850,1,1
13869,209,1
13873,209,1
13880,209,1
13883,174,1
13920,1,1
13920,15238,1
13930,209,1
13942,1,1
13952,12019,1
13959,209,1
13963,11524,1
13969,209,1
14063,209,1
14075,209,1
14103,209,1
14103,174,1
14135,10334,1
14177,577,1
14177,11085,1
14196,209,1
14205,174,1
14210,8175,1
14236,8043,1
14246,209,1
14265,1,1
14265,17021,1
14273,174,1
14288,3733,1
14288,7254,1
14293,209,1
14340,209,1
14390,11100,1
14390,13663,1
14390,19578,1
14390,19674,1
14390,3368,1
14410,209,1
14430,577,1
14455,293,1
14455,15533,1
14500,1,1
14502,577,1
14506,209,1
14506,10377,1
14506,13557,1
14506,15322,1
14506,17355,1
14506,18785,1
14506,19162,1
14506,3566,1
14506,4599,1
14510,1,1
14510,19249,1
14519,209,1
14551,14535,1
14551,16814,1
14551,19741,1
14573,174,1
14581,12207,1
14594,16482,1
14607,174,1
14608,11705,1
14618,14341,1
14618,2927,1
14618,3951,1
14636,1,1
14636,209,1
14636,14949,1
14636,18567,1
14636,18753,1
14636,19346,1
14657,1,1
14663,577,1
14680,209,1
14751,209,1
14751,4923,1
14751,17113,1
14751,18569,1
14751,19065,1
14751,19393,1
14751,19941,1
14751,13640,1
14751,5716,1
14762,1,1
14767,209,1
14791,209,1
14793,209,1
14805,3908,1
14820,577,1
14825,15058,1
14856,209,1
14861,209,1
14898,209,1
14912,209,1
14927,1,1
14932,209,1
14968,209,1
14975,1,1
15011,209,1
15034,18579,1
15034,19180,1
15040,209,1
15047,209,1
15050,1785,1
15057,18957,1
15058,18928,1
15058,18945,1
15058,18952,1
15058,19549,1
15058,11459,1
15062,209,1
15076,209,1
15081,209,1
15087,11693,1
15090,209,1
15099,209,1
15130,1,1
15173,10935,1
15173,12163,1
15192,209,1
15206,209,1
15206,3908,1
15206,7151,1
15206,7158,1
15206,7869,1
15211,174,1
15213,10674,1
15216,1,1
15240,209,1
15271,5674,1
15290,10264,1
15290,11119,1
15290,11647,1
15290,12006,1
15290,12021,1
15290,13319,1
15290,13441,1
15290,13901,1
15290,14078,1
15290,14358,1
15290,5690,1
15290,14939,1
15290,15044,1
15290,16518,1
15290,16520,1
15290,16730,1
15290,19152,1
15290,19164,1
15290,19797,1
15290,13616,1
15290,15061,1
15290,2161,1
15290,2169,1
15290,2652,1
15290,271,1
15290,3766,1
15290,4470,1
15290,6316,1
15290,6537,1
15290,6996,1
15290,7036,1
15290,7734,1
15290,837,1
15295,3720,1
15341,6222,1
15358,3908,1
15723,13126,1
16413,19626,1
16422,1,1
16422,7738,1
16422,11415,1
16422,14650,1
16463,174,1
16482,19000,1
16536,209,1
16548,1,1
16570,209,1
16670,1785,1
16677,209,1
16702,1,1
16724,1,1
16740,13493,1
16765,1,1
16769,209,1
16787,1,1
16801,1,1
16813,1785,1
16835,11296,1
16851,209,1
16855,1,1
16879,1,1
16893,209,1
16908,209,1
16913,16883,1
16926,209,1
16928,15063,1
16946,174,1
16994,1,1
17010,3908,1
17015,209,1
17029,13488,1
17054,209,1
17054,3908,1
17054,7294,1
17085,6995,1
17097,209,1
17097,174,1
17132,237,1
17149,209,1
17165,209,1
17168,16708,1
17170,1,1
17174,1,1
17216,209,1
17253,10700,1
17253,17309,1
17254,209,1
17283,209,1
17289,209,1
17324,1785,1
17343,1,1
17373,3553,1
18436,209,1
18473,1,1
18475,174,1
18482,3908,1
18493,11147,1
18511,1,1
18560,209,1
18577,174,1
18595,209,1
18598,1,1
18599,1,1
18670,209,1
18680,5681,1
18681,8010,1
18700,1,1
18701,209,1
18707,209,1
18713,209,1
18715,5673,1
18721,209,1
18753,209,1
18774,1,1
18805,1,1
18816,174,1
18842,209,1
18855,14405,1
18925,1,1
18971,5665,1
18976,209,1
19046,5673,1
19057,209,1
19058,174,1
19074,1,1
19088,174,1
19099,1,1
19103,1,1
19127,209,1
19150,209,1
19170,11976,1
19199,209,1
19199,3132,1
19215,577,1
19265,1,1
19279,174,1
19288,1,1
19300,1,1
19377,209,1
19418,209,1
19477,3908,1
19562,10772,1
19563,1,1
19570,18743,1
19576,209,1
19589,4358,1
19591,1,1
19682,6222,1
19738,16783,1
19877,19044,1
19903,6995,1
19918,5673,1
19923,7066,1
19946,1,1
19974,209,1
19977,16783,1
19996,11147,1
10218,10096,1
4862,9381,1
4862,9876,2
4862,10099,1
4862,10108,2
4862,10118,2
4862,17451,2
4862,4658,1
9381,10153,1
9876,4058,1
7620,9523,1
9270,7660,1
9270,1237,1
9270,1781,1
9270,7622,1
9270,7623,2
9270,9321,1
9270,9452,2
9270,9488,2
9270,9687,1
9270,1704,1
9273,9848,1
9321,9316,1
9323,7623,2
9455,9768,2
9491,4670,1
9576,9316,1
9645,4670,1
9706,9768,2
9755,4861,1
9756,9768,2
9768,9978,1
9768,10046,1
9768,10073,2
9768,10176,1
9768,10178,2
9768,3608,1
9768,7624,1
9781,4670,1
9847,9848,1
9982,1237,1
10053,9316,1
10069,4670,1
10187,7563,1
10189,4670,1
9856,4670,1
9980,4670,1
4663,9631,1
4663,9777,1
4745,4861,1
4745,9638,1
4745,10068,1
7623,3608,1
7623,1237,1
7623,9317,1
7623,9711,1
7623,9769,1
9316,9707,1
9316,9711,1
9316,10062,1
9316,10165,1
9316,10170,1
9316,17571,1
9316,3608,1
9316,4671,1
9531,4670,1
9762,9528,1
9765,9528,1
9848,9963,1
9848,10050,1
9848,10191,1
9848,9487,1
9953,4670,1
4670,9524,2
4670,9702,2
4670,9871,1
4670,10042,1
4670,10162,1
4670,10165,1
9943,4861,1
9528,10186,1
9528,4861,1
9568,9631,1
7563,9317,1
7563,9698,1
7563,10061,1
7563,3608,1
4634,10079,1
4634,10097,1
10097,17536,1
7542,7598,1
7542,9544,1
7542,9716,1
9716,9446,1
9723,9476,1
17640,9260,1
65500,1273,1
3409,9324,1
7716,7489,1
17536,10203,1
14172,17659,1
14172,9260,1
14172,9556,1
7596,4776,1
7596,4274,1
7596,4652,1
9741,4621,1
10086,4776,1
11919,4434,1
11919,9326,1
11919,17440,1
11919,17501,1
11919,10076,1
11919,10089,1
11919,10114,1
11919,4622,1
11919,4741,1
11919,4800,1
11919,4855,1
11919,9386,1
11919,9442,1
11919,9448,1
11919,9789,1
11919,9875,1
4776,4762,1
4058,4352,1
4058,4610,1
4058,4624,1
4058,4654,1
4058,4658,1
4058,4764,1
4058,4773,1
4058,4849,1
4058,7651,1
4058,9409,1
4058,9538,1
4058,9665,1
4058,9879,1
4058,10087,1
4058,10107,1
4058,10210,1
4058,10231,1
4058,17449,1
4058,17487,1
4058,174,1
4058,151,1
4658,4635,1
7651,3662,1
9538,4515,1
9879,4515,1
10087,4515,1
17449,4515,1
4515,4620,1
4515,4635,1
4515,7577,1
4515,9935,1
4635,4858,1
4635,7619,1
4635,9417,1
4635,17500,1
4635,4623,1
9801,4808,1
3599,1,1
3599,59,1
3790,4003,1
3908,1,1
3908,4015,1
3908,4184,1
3908,4306,1
3908,7359,1
3908,7806,1
3908,10435,1
3908,11071,1
3908,11485,1
3908,11547,1
3908,11950,1
3908,12215,1
3908,13606,1
3908,13651,1
3908,13799,1
3908,13983,1
3908,14018,1
3908,14041,1
3908,14423,1
3908,14559,1
3908,14606,1
3908,14942,1
3908,14995,1
3908,17022,1
3908,17139,1
3908,17171,1
3908,17207,1
3908,18516,1
3908,18849,1
3908,18913,1
3908,18952,1
3908,19092,1
3908,19410,1
3908,19463,1
3908,19588,1
3908,210,1
3908,104,1
3908,1706,1
3908,2900,1
3908,57,1
3908,3575,1
3998,19749,1
4181,11842,1
4609,7582,1
5078,7294,1
5078,11537,1
5378,3333,1
5378,1899,1
5378,1299,1
5378,5409,1
5378,5504,1
5378,5551,1
5378,5587,1
5378,6728,1
5378,6776,1
5378,6779,1
5378,7990,1
5378,8195,1
5378,8366,1
5378,8435,1
5378,8493,1
5378,8546,1
5378,8613,1
5378,8698,1
5378,8782,1
5378,9105,1
5378,9192,1
5378,12359,1
5378,12496,1
5378,12692,1
5378,12885,1
5378,12927,1
5378,12944,1
5378,13017,1
5378,13196,1
5378,13287,1
5378,15463,1
5378,15533,1
5378,15612,1
5378,15639,1
5378,15710,1
5378,15926,1
5378,15961,1
5378,16304,1
5378,16353,1
5378,5377,1
5378,3107,1
5378,2571,1
5391,6794,1
5391,8585,1
5391,12810,1
5391,13046,1
5391,15994,1
5391,2108,1
5394,5481,1
5394,8224,1
5394,8265,1
5394,8660,1
5394,8816,1
5394,12533,1
5394,12541,1
5394,12719,1
5394,15561,1
5394,15720,1
5394,15788,1
5400,5556,1
5400,6669,1
5400,6684,1
5400,6689,1
5400,6764,1
5400,6821,1
5400,6849,1
5400,6905,1
5400,8228,1
5400,8433,1
5400,8445,1
5400,8472,1
5400,8562,1
5400,8760,1
5400,8840,1
5400,8903,1
5400,8968,1
5400,9021,1
5400,9151,1
5400,12339,1
5400,12455,1
5400,12486,1
5400,12720,1
5400,12801,1
5400,12967,1
5400,12971,1
5400,12980,1
5400,12981,1
5400,12997,1
5400,13100,1
5400,13205,1
5400,15410,1
5400,15494,1
5400,15535,1
5400,15572,1
5400,15724,1
5400,15740,1
5400,15760,1
5400,15769,1
5400,15899,1
5400,15951,1
5400,16134,1
5400,17474,1
5400,286,1
5400,3333,1
5400,1836,1
5400,1299,1
5466,286,1
5466,3333,1
5466,5494,1
5466,8072,1
5466,8914,1
5466,13025,1
5466,15502,1
5466,3615,1
5536,15412,1
5551,1849,1
5551,2686,1
5551,5683,1
5551,6757,1
5551,8795,1
5551,9169,1
5551,9198,1
5551,12370,1
5551,12421,1
5551,12536,1
5551,12919,1
5551,13053,1
5551,15601,1
5551,3328,1
5551,1290,1
5551,1889,1
5551,3096,1
5551,72,1
5639,5683,1
5683,10292,1
5683,11675,1
5683,12541,1
5683,19147,1
5683,5666,1
5736,1,1
6081,293,1
6081,4358,1
6127,15804,1
6296,7789,1
6337,7314,1
6337,11268,1
6494,6443,1
6535,7993,1
6535,14259,1
6612,209,1
6696,3304,1
6849,12548,1
6849,12788,1
6849,3261,1
6893,1836,1
6893,8843,1
6893,15493,1
6994,209,1
7024,209,1
7137,4005,1
7283,3463,1
7349,8101,1
7902,209,1
7909,209,1
7955,16664,1
7977,1,1
8058,209,1
8153,1,1
8153,209,1
8153,577,1
8153,3259,1
8153,1290,1
8153,2688,1
8195,2874,1
8301,15624,1
8400,13091,1
8400,15982,1
8476,3304,1
8680,5519,1
8843,1273,1
8843,12541,1
8903,9075,1
8903,9165,1
8903,9192,1
8903,12334,1
8903,12356,1
8903,12430,1
8903,12636,1
8903,12688,1
8903,12700,1
8903,12845,1
8903,12946,1
8903,13066,1
8903,13143,1
8903,15369,1
8903,15734,1
8903,15937,1
8903,15963,1
8903,16203,1
8903,16373,1
8903,8782,1
8903,2134,1
8903,3324,1
8903,6669,1
8903,8072,1
8903,8239,1
9052,3352,1
9052,12541,1
9198,2854,1
10248,1,1
10317,1,1
10516,209,1
10521,209,1
10545,7066,1
10690,174,1
10796,11060,1
10796,11955,1
10796,12262,1
10796,65122,1
10796,65158,1
10981,15218,1
11003,209,1
11003,2822,1
11061,14362,1
11247,11597,1
11247,11934,1
11252,10702,1
11252,210,1
11269,13802,1
11269,19626,1
11301,3404,1
11301,11303,1
11302,1,1
11379,209,1
11422,209,1
11422,293,1
11422,11423,1
11422,11537,1
11422,127,1
11422,131,1
11422,1852,1
11422,195,1
11422,299,1
11422,31,1
11422,4,1
11422,47,1
11422,52,1
11422,6106,1
11422,7377,1
11423,209,1
11423,293,1
11423,1852,1
11423,11537,1
11423,11293,1
11423,25,1
11423,32,1
11423,5653,1
11423,5739,1
11423,6192,1
11529,1785,1
11678,293,1
11722,1785,1
11732,209,1
11792,209,1
11830,4005,1
11833,13811,1
11904,209,1
11907,174,1
11955,12262,1
11955,13367,1
11963,10772,1
11986,10488,1
12033,209,1
12042,1,1
12065,7021,1
12105,11398,1
12111,19410,1
12111,19774,1
12198,8751,1
12224,209,1
12243,14334,1
12541,1273,1
12541,3333,1
12541,8782,1
12541,12521,1
12541,12974,1
12541,13186,1
12541,13277,1
12541,15379,1
12541,15462,1
12541,15600,1
12541,15732,1
12541,16215,1
12541,17071,1
12541,3092,1
12541,6772,1
12541,9075,1
12573,3333,1
12976,12314,1
12976,8955,1
12976,6795,1
12976,9110,1
12976,13105,1
12976,13295,1
12976,15658,1
12976,5523,1
12976,5537,1
12976,6694,1
12976,6903,1
12976,8263,1
12976,8350,1
12976,8732,1
12976,8773,1
12976,8829,1
12976,8905,1
13186,3352,1
13186,16091,1
13329,209,1
13329,14565,1
13341,209,1
13433,209,1
13473,209,1
13488,13347,1
13488,13641,1
13488,14435,1
13488,17190,1
13488,19139,1
13488,19693,1
13781,209,1
13823,1,1
13984,209,1
13994,209,1
13994,12171,1
14041,104,1
14041,194,1
14041,2902,1
14041,12145,1
14041,16519,1
14054,209,1
14128,1,1
14132,209,1
14146,209,1
14217,14937,1
14238,209,1
14268,209,1
14311,18927,1
14311,5725,1
14374,209,1
14416,209,1
14425,5673,1
14461,209,1
14469,1,1
14576,209,1
14631,5674,1
14646,209,1
14900,13745,1
14900,14053,1
15026,10770,1
15065,1785,1
15088,209,1
15144,209,1
15195,7290,1
15235,1,1
16398,5676,1
16400,1,1
16542,209,1
16553,209,1
16567,1,1
16818,174,1
16900,209,1
16942,2711,1
17267,209,1
17273,7132,1
17385,209,1
18847,209,1
19024,1,1
19138,7066,1
19197,209,1
19255,209,1
19325,209,1
19765,13662,1
19955,19158,1
2042,9833,1
2042,10111,1
3758,7472,1
3758,7634,1
3758,9247,1
3758,9506,1
3758,9877,1
3758,1872,1
3758,151,1
3758,3613,1
7472,7610,1
9247,7610,1
9877,7610,1
9674,7532,1
9785,9917,1
1746,1,1
1746,293,1
1746,2274,1
1785,3628,1
1785,3629,1
1785,3685,1
1785,3756,1
1785,4017,1
1785,4385,1
1785,5719,1
1785,6074,1
1785,7828,1
1785,7931,1
1785,10963,1
1785,11452,1
1785,11817,1
1785,13498,1
1785,13972,1
1785,14433,1
1785,14644,1
1785,14996,1
1785,17077,1
1785,17214,1
1785,19460,1
1785,19747,1
1785,20108,1
1785,12,1
1785,14,1
1785,20,1
1785,26,1
1785,43,1
1791,7839,1
1800,1,1
1800,209,1
1800,293,1
1800,1877,1
1800,1879,1
1800,1880,1
1800,6855,1
1800,1257,1
2529,1299,1
2529,5417,1
2529,5564,1
2529,15783,1
2711,209,1
2711,2939,1
2711,17293,1
3292,1,1
3292,3333,1
3292,5556,1
3292,5624,1
3292,6709,1
3292,6774,1
3292,6834,1
3292,8542,1
3292,8650,1
3292,8989,1
3292,12294,1
3292,12483,1
3292,12633,1
3292,12834,1
3292,13057,1
3292,13120,1
3292,13194,1
3292,15389,1
3292,15411,1
3292,15423,1
3292,15564,1
3292,15816,1
3292,1835,1
3292,3240,1
3292,3272,1
3385,18969,1
3404,1,1
3404,11129,1
3404,11500,1
3404,19129,1
3404,19560,1
3447,2553,1
3447,3506,1
3447,7202,1
3450,1,1
3450,209,1
3450,10490,1
3450,50,1
3463,1706,1
3463,6488,1
3463,7142,1
3463,13918,1
3479,10490,1
3479,2897,1
3714,10921,1
3714,14271,1
3714,19304,1
3714,1657,1
3733,209,1
3749,7212,1
3912,11537,1
3912,1334,1
3912,3388,1
4005,19711,1
5041,18635,1
5661,11537,1
5673,6239,1
5673,6344,1
5673,6394,1
5673,7360,1
5673,8046,1
5673,10612,1
5673,11099,1
5673,11267,1
5673,11557,1
5673,13864,1
5673,14049,1
5673,14421,1
5673,15344,1
5673,17043,1
5673,18444,1
5673,18467,1
5673,18550,1
5673,18594,1
5673,18823,1
5673,19091,1
5673,19306,1
5673,2013,1
5673,3734,1
5674,11091,1
5674,13968,1
5674,14887,1
5674,17018,1
5675,11191,1
5676,6344,1
5676,7012,1
5676,7071,1
5676,10501,1
5676,10749,1
5676,11166,1
5676,11188,1
5676,11668,1
5676,11687,1
5676,12075,1
5676,13658,1
5676,13763,1
5676,13863,1
5676,13968,1
5676,13990,1
5676,14164,1
5676,14521,1
5676,15182,1
5676,15183,1
5676,16704,1
5676,16799,1
5676,16966,1
5676,17060,1
5676,17218,1
5676,18467,1
5676,18558,1
5676,18578,1
5676,18720,1
5676,19248,1
5676,226,1
5676,4179,1
5677,6492,1
5677,12051,1
5677,14696,1
5677,16848,1
5677,18777,1
5677,19220,1
5680,7735,1
5680,14213,1
5681,7411,1
5681,13550,1
5689,209,1
5769,174,1
5769,7454,1
5769,11478,1
5769,14112,1
5769,16624,1
6070,1,1
6138,13313,1
6138,13394,1
6138,14574,1
6138,19751,1
6165,11882,1
6222,11231,1
6372,7021,1
6372,10742,1
6372,12268,1
6372,14225,1
6372,14953,1
6372,16468,1
6372,16678,1
6434,13385,1
6567,19962,1
6918,209,1
7066,10357,1
7066,11279,1
7066,11975,1
7066,13546,1
7066,13783,1
7066,16643,1
7066,19464,1
7066,293,1
7066,1201,1
7066,1312,1
7066,225,1
7066,3553,1
7132,7290,1
7132,10774,1
7132,12007,1
7132,13800,1
7132,14017,1
7132,16967,1
7132,19730,1
7212,11537,1
7222,11684,1
7222,15254,1
7222,16826,1
7222,17338,1
7222,19081,1
7228,3951,1
7228,6304,1
7309,4265,1
7459,14698,1
7497,4789,1
7497,7640,1
7497,9807,1
7752,1,1
8043,1,1
8043,10470,1
8043,14698,1
8043,3796,1
8048,11694,1
8048,14285,1
8048,17205,1
8048,17287,1
8048,19192,1
8073,209,1
8151,10420,1
8151,10436,1
8151,10479,1
8151,10560,1
8151,11136,1
8151,11519,1
8151,11521,1
8151,12146,1
8151,13440,1
8151,13679,1
8151,13999,1
8151,14122,1
8151,14250,1
8151,16762,1
8151,16960,1
8151,17249,1
8151,18449,1
8151,18846,1
8151,19038,1
8151,19373,1
8151,19688,1
8151,6458,1
8151,278,1
8151,1831,1
8151,3484,1
8151,6342,1
8151,1840,1
8151,3141,1
8151,6332,1
8151,3810,1
8151,4493,1
8151,6495,1
8151,7408,1
8151,7438,1
8151,8140,1
8151,3905,1
8151,7120,1
8151,7399,1
8151,7864,1
8151,8024,1
9227,11267,1
10257,1,1
10302,1,1
10396,1,1
10412,10881,1
10412,1916,1
10430,101,1
10430,11827,1
10430,3935,1
10430,4193,1
10609,11858,1
10609,19281,1
10635,1,1
10674,209,1
10674,4941,1
10674,6356,1
10721,209,1
10726,209,1
10771,2495,1
10772,7238,1
10855,13493,1
11101,209,1
11198,13672,1
11317,209,1
11317,2495,1
11317,11537,1
11317,11659,1
11317,13809,1
11317,14183,1
11317,10508,1
11317,2496,1
11317,2572,1
11317,2701,1
11358,6443,1
11398,10628,1
11398,3704,1
11510,209,1
11530,11477,1
11530,19756,1
11563,10139,1
11563,200,1
11563,11350,1
11563,14181,1
11563,16538,1
11563,16819,1
11563,18920,1
11563,10613,1
11563,1335,1
11563,5113,1
11563,5750,1
11563,5754,1
11563,6534,1
11563,9235,1
11563,9418,1
11590,11147,1
11603,209,1
11710,1,1
11990,209,1
12016,209,1
12031,81,1
12070,5665,1
12205,209,1
12205,14577,1
12205,18917,1
12209,1,1
12209,209,1
12273,1,1
13408,209,1
13408,5679,1
13431,8112,1
13602,3857,1
13704,209,1
13750,174,1
14099,209,1
14145,209,1
14174,209,1
14188,209,1
14257,3857,1
14296,209,1
14347,209,1
14442,1,1
14513,209,1
14545,209,1
14589,209,1
14645,209,1
14649,209,1
14655,3857,1
14699,209,1
14704,209,1
14801,3776,1
14839,1,1
15207,3857,1
15233,209,1
15251,15254,1
15267,16904,1
15309,209,1
15345,1,1
16516,209,1
16517,145,1
16598,1,1
16604,209,1
16608,19129,1
16807,4265,1
16997,174,1
17096,209,1
17100,200,1
17146,209,1
17189,1,1
17189,174,1
17306,14275,1
17317,209,1
18570,209,1
18603,1,1
18618,16857,1
18634,1,1
18772,1,1
18827,13965,1
18830,5102,1
18939,174,1
18961,1,1
19006,209,1
19023,1,1
19043,209,1
19131,209,1
19249,1,1
19286,209,1
19311,14995,1
19331,209,1
19389,209,1
19429,7984,1
19481,209,1
19530,6263,1
19584,10792,1
19615,209,1
19813,174,1
9831,9915,1
9831,10135,1
9831,17408,1
9831,17414,1
9831,17420,1
17408,9920,1
9670,9425,1
10204,17666,1
101,3401,1
101,7774,1
101,8071,1
101,11537,1
101,11827,1
101,11956,1
101,14077,1
101,17200,1
101,73,1
11537,10326,1
11537,297,1
11537,103,1
11537,10421,1
11537,10490,1
11537,293,1
11537,10578,1
11537,145,1
11537,6356,1
11537,10680,1
11537,10764,1
11537,1103,1
11537,160,1
11537,24,1
11537,2603,1
11537,378,1
11537,38,1
11537,4538,1
11537,513,1
11537,59,1
11537,6200,1
11537,6509,1
11537,683,1
11537,7050,1
11537,7539,1
11537,7610,1
11537,7660,1
11537,4600,1
11537,10886,1
11537,3112,1
11537,210,1
11537,11279,1
11537,81,1
11537,11318,1
11537,11340,1
11537,195,1
11537,11834,1
11537,11975,1
11537,12145,1
11537,13504,1
11537,13546,1
11537,13998,1
11537,14048,1
11537,16430,1
11537,16461,1
11537,16519,1
11537,16643,1
11537,16905,1
11537,17118,1
11537,18592,1
11537,10349,1
11537,104,1
11537,10546,1
11537,1201,1
11537,1224,1
11537,1312,1
11537,17,1
11537,1706,1
11537,18,1
11537,1832,1
11537,194,1
11537,2200,1
11537,225,1
11537,237,1
11537,2553,1
11537,2698,1
11537,2900,1
11537,2902,1
11537,34,1
11537,3681,1
11537,3754,1
11537,5640,1
11537,57,1
11537,6360,1
11537,668,1
11537,693,1
11537,7082,1
11537,7202,1
11537,7450,1
11537,786,1
11537,7939,1
8319,5409,1
8319,8804,1
8319,12337,1
8319,15371,1
8397,1273,1
8397,5409,1
8397,12360,1
8399,3259,1
8399,3215,1
8401,3328,1
8401,12885,1
8406,12449,1
8406,12870,1
8406,13005,1
8406,15444,1
8406,20489,1
8406,8250,1
8426,1290,1
8426,15385,1
8460,8228,1
8472,5409,1
8472,8673,1
8472,12331,1
8472,12374,1
8472,12611,1
8472,12931,1
8472,15725,1
8472,15794,1
8472,15854,1
8472,16151,1
8527,3305,1
8528,3259,1
8656,174,1
8656,5409,1
8656,8355,1
8656,6695,1
8656,8653,1
8709,1103,1
8709,1136,1
8709,5409,1
8709,517,1
8709,17315,1
8709,19078,1
8764,1299,1
8764,9012,1
8764,12539,1
8764,12562,1
8764,15440,1
8764,5522,1
8764,2847,1
8764,6769,1
8764,8314,1
8764,8486,1
8784,5410,1
8799,3259,1
8799,3215,1
8815,12652,1
8815,12710,1
8815,12721,1
8815,13284,1
8815,16210,1
8818,5492,1
8942,3328,1
8968,12373,1
8968,12779,1
8968,13291,1
8968,15476,1
8968,16155,1
8968,3313,1
8968,2594,1
8968,8884,1
8968,6691,1
9019,3352,1
9158,5492,1
9410,4743,1
12322,1899,1
12322,16276,1
12322,2486,1
12323,12616,1
12386,16153,1
12435,6865,1
12445,3302,1
12486,12869,1
12521,12432,1
12607,3269,1
12642,3215,1
12670,12645,1
12670,12893,1
12670,15422,1
12670,16046,1
12670,16059,1
12670,6804,1
12692,9126,1
12692,13001,1
12692,3301,1
12692,8743,1
12709,15735,1
12709,15892,1
12793,1901,1
12793,12311,1
12876,3259,1
12968,5617,1
12968,1299,1
12990,5617,1
12990,8246,1
13016,6664,1
13035,3344,1
13131,12357,1
13143,8761,1
13216,12885,1
15371,12306,1
15371,5409,1
15371,6705,1
15477,1273,1
15477,15579,1
15477,12436,1
15567,3215,1
15609,1299,1
15699,3352,1
15857,15851,1
16185,5465,1
7478,4778,1
9814,4808,1
7884,209,1
7884,174,1
7914,1,1
9264,7539,1
9264,17502,1
9264,2505,1
9264,1659,1
10629,3776,1
10695,13965,1
10700,1,1
10700,14211,1
10722,174,1
10753,1,1
11015,1,1
11060,11050,1
11127,12711,1
11127,12804,1
11127,12949,1
11127,12981,1
11127,13294,1
11127,15370,1
11127,15491,1
11127,16010,1
11127,6089,1
11127,6746,1
11127,8386,1
11127,8465,1
11127,9005,1
11127,9015,1
11127,9016,1
11127,9087,1
11172,10479,1
11172,10560,1
11172,11888,1
11172,12146,1
11172,14000,1
11172,14249,1
11172,15107,1
11172,16960,1
11172,19038,1
11172,20032,1
11172,10847,1
11172,1831,1
11172,3484,1
11172,3968,1
11172,6342,1
11172,7080,1
11244,209,1
11485,1,1
11485,209,1
11485,14384,1
11485,19532,1
11532,1,1
11685,600,1
11686,4454,1
11698,14470,1
11979,209,1
12007,1,1
12036,209,1
12052,209,1
12134,1,1
12147,209,1
12206,209,1
12206,19375,1
12208,1,1
12211,209,1
12215,209,1
12215,14943,1
12216,1,1
12216,209,1
12216,17140,1
12216,11336,1
13373,1,1
13477,13965,1
13581,1,1
13632,174,1
13695,174,1
13730,209,1
13752,1,1
13777,3669,1
13806,1,1
14043,1,1
14045,1,1
14344,1,1
14372,209,1
14378,6133,1
14383,209,1
14387,209,1
14489,209,1
14529,209,1
14531,209,1
14596,209,1
14641,1,1
14746,209,1
14824,5109,1
14830,209,1
14946,209,1
15027,19732,1
15052,209,1
15086,209,1
15305,17380,1
16492,174,1
16499,1,1
16499,12912,1
16499,9148,1
16507,1,1
16581,16582,1
16644,209,1
16651,7292,1
16673,7193,1
16726,209,1
16759,209,1
16793,209,1
16924,1,1
17064,10774,1
17142,209,1
17152,13675,1
17360,209,1
18580,174,1
18583,209,1
18619,209,1
18647,209,1
18656,174,1
18832,174,1
18841,209,1
18918,209,1
18942,174,1
19236,1,1
19271,209,1
19724,174,1
2883,237,1
5726,226,1
6200,1,1
6200,293,1
6200,145,1
6200,1103,1
6200,10764,1
6405,293,1
7397,226,1
7397,6289,1
11867,209,1
11867,286,1
11867,11444,1
11867,5427,1
14816,209,1
16828,209,1
6675,1899,1
6675,8304,1
6675,8874,1
6675,8999,1
6675,9130,1
6675,12372,1
6675,12409,1
6675,12696,1
6675,12708,1
6675,12733,1
6675,12953,1
6675,13044,1
6675,13290,1
6675,15674,1
6675,15832,1
6675,15903,1
6675,16059,1
6675,16080,1
6675,16140,1
6675,16217,1
6675,16252,1
6705,1,1
6705,5409,1
6705,3333,1
6705,9073,1
6705,9189,1
6705,12485,1
6705,12579,1
6705,12822,1
6705,15388,1
6774,1,1
6774,3333,1
6774,9208,1
6774,12504,1
6774,6771,1
6774,5432,1
6830,286,1
6830,3333,1
6830,3220,1
6830,8209,1
6830,8436,1
6830,8733,1
6830,12377,1
6830,15659,1
6830,15688,1
6830,5574,1
6830,2116,1
6936,3720,1
7390,16637,1
7783,11044,1
7783,14100,1
7961,3720,1
8068,286,1
8068,2110,1
8068,8072,1
8121,20035,1
8245,13051,1
8339,1901,1
8387,286,1
8437,5595,1
8437,1901,1
8437,8559,1
8437,8591,1
8437,9119,1
8437,12605,1
8437,12762,1
8437,12766,1
8437,12895,1
8437,12991,1
8437,13024,1
8437,13292,1
8437,16050,1
8437,16099,1
8437,5385,1
8437,3248,1
8437,6764,1
8437,6798,1
8437,8307,1
8477,5409,1
8477,8560,1
8477,12399,1
8477,13233,1
8477,15717,1
8586,3333,1
8586,8247,1
8586,12885,1
8586,16174,1
8743,9212,1
8743,13218,1
8743,15560,1
8743,15654,1
8743,5412,1
8851,12798,1
8871,8553,1
8871,8910,1
8943,8553,1
8943,2818,1
8943,5597,1
8954,3333,1
8957,15859,1
8977,12885,1
9143,3333,1
9448,9326,1
9836,9747,1
10355,1,1
11414,20035,1
12306,12503,1
12306,12732,1
12306,12822,1
12306,13010,1
12306,13132,1
12306,5409,1
12306,8875,1
12306,8969,1
12306,9063,1
12656,13201,1
12656,5423,1
12859,174,1
12859,3333,1
13026,3328,1
13026,16102,1
13064,1901,1
13197,3333,1
13213,12885,1
13446,1,1
16237,3333,1
16334,8757,1
16491,209,1
16625,1,1
16858,1,1
18649,15326,1
18793,209,1
19826,18551,1
10680,87,1
13639,81,1
14467,16432,1
16672,209,1
16895,1,1
18982,1,1
1,3,1
1,32,1
1,33,1
1,38,1
1,48,1
1,63,1
1,70,1
1,71,1
1,89,1
1,90,1
1,103,1
1,109,1
1,140,1
1,144,1
1,157,1
1,160,1
1,174,1
1,189,1
1,200,1
1,201,1
1,202,1
1,209,1
1,226,1
1,232,1
1,279,1
1,281,1
1,293,1
1,297,1
1,378,1
1,600,1
1,693,1
1,763,1
1,797,1
1,1215,1
1,1236,1
1,1267,1
1,1276,1
1,1311,1
1,1830,1
1,1913,1
1,2024,1
1,2110,1
1,2381,1
1,2511,1
1,2559,1
1,2637,1
1,2714,1
1,3134,1
1,3147,1
1,3209,1
1,3365,1
1,3489,1
1,3527,1
1,3581,1
1,3669,1
1,3705,1
1,3720,1
1,3738,1
1,3845,1
1,4015,1
1,4247,1
1,4358,1
1,4378,1
1,4957,1
1,4963,1
1,5691,1
1,5773,1
1,5977,1
1,6214,1
1,6287,1
1,6316,1
1,6320,1
1,6349,1
1,6350,1
1,6379,1
1,6496,1
1,6536,1
1,6866,1
1,6989,1
1,6995,1
1,7012,1
1,7021,1
1,7062,1
1,7140,1
1,7157,1
1,7192,1
1,7193,1
1,7219,1
1,7233,1
1,7326,1
1,7386,1
1,7426,1
1,7610,1
1,7660,1
1,7753,1
1,7869,1
1,8016,1
1,8017,1
1,8076,1
1,8091,1
1,8092,1
1,8112,1
1,8113,1
1,8114,1
1,8115,1
1,8132,1
1,8149,1
1,8179,1
1,10273,1
1,10406,1
1,10437,1
1,10439,1
1,10536,1
1,10558,1
1,10561,1
1,10581,1
1,10692,1
1,10711,1
1,10719,1
1,10725,1
1,10730,1
1,10764,1
1,10839,1
1,10864,1
1,10878,1
1,11020,1
1,11024,1
1,11039,1
1,11044,1
1,11145,1
1,11146,1
1,11147,1
1,11148,1
1,11207,1
1,11340,1
1,11347,1
1,11401,1
1,11417,1
1,11420,1
1,11499,1
1,11513,1
1,11572,1
1,11817,1
1,11862,1
1,11869,1
1,11901,1
1,12013,1
1,12028,1
1,12037,1
1,12079,1
1,12189,1
1,12207,1
1,12228,1
1,12877,1
1,13315,1
1,13400,1
1,13471,1
1,13506,1
1,13661,1
1,13662,1
1,13663,1
1,13666,1
1,13668,1
1,13669,1
1,13670,1
1,13671,1
1,13672,1
1,13674,1
1,13675,1
1,13708,1
1,13709,1
1,13808,1
1,13834,1
1,13865,1
1,14144,1
1,14150,1
1,14473,1
1,14628,1
1,14629,1
1,14630,1
1,14669,1
1,14730,1
1,14794,1
1,15109,1
1,15194,1
1,15679,1
1,16559,1
1,16752,1
1,16783,1
1,16831,1
1,16854,1
1,16919,1
1,16945,1
1,18468,1
1,18509,1
1,18578,1
1,18719,1
1,18743,1
1,19001,1
1,19262,1
1,19518,1
1,19607,1
1,19702,1
1,19822,1
1,19890,1
3,145,1
3,293,1
3,10578,1
32,71,1
32,3671,1
32,8973,1
38,293,1
38,1224,1
38,10764,1
48,5058,1
48,13708,1
70,145,1
70,3527,1
70,10886,1
71,174,1
89,721,1
103,293,1
103,1103,1
103,10764,1
160,209,1
160,293,1
160,10764,1
174,209,1
174,286,1
174,376,1
174,834,1
174,1290,1
174,2149,1
174,2493,1
174,2554,1
174,3403,1
174,4327,1
174,4472,1
174,4966,1
174,5704,1
174,6122,1
174,6299,1
174,6784,1
174,7056,1
174,7445,1
174,7861,1
174,8013,1
174,8355,1
174,8408,1
174,8425,1
174,8651,1
174,8655,1
174,9137,1
174,9425,1
174,10476,1
174,11082,1
174,11268,1
174,11385,1
174,11796,1
174,11800,1
174,12006,1
174,12265,1
174,12547,1
174,12928,1
174,13001,1
174,13058,1
174,13287,1
174,13395,1
174,13544,1
174,13874,1
174,14318,1
174,14377,1
174,14468,1
174,14752,1
174,14930,1
174,15332,1
174,15420,1
174,15462,1
174,15548,1
174,15648,1
174,15650,1
174,15651,1
174,15847,1
174,16250,1
174,16257,1
174,16569,1
174,16652,1
174,16730,1
174,16760,1
174,17083,1
174,17510,1
174,18974,1
174,19094,1
174,19100,1
174,19117,1
174,19158,1
174,19251,1
174,19313,1
174,19544,1
174,19667,1
174,19908,1
174,19912,1
200,4536,1
200,5113,1
200,5750,1
200,6360,1
200,11350,1
200,16819,1
209,237,1
209,286,1
209,293,1
209,513,1
209,577,1
209,600,1
209,706,1
209,1591,1
209,1742,1
209,1761,1
209,1832,1
209,1968,1
209,2572,1
209,2698,1
209,3659,1
209,3951,1
209,4045,1
209,4048,1
209,4324,1
209,4358,1
209,4519,1
209,5665,1
209,6059,1
209,6102,1
209,6350,1
209,6411,1
209,6428,1
209,6922,1
209,6995,1
209,7021,1
209,7177,1
209,7192,1
209,7193,1
209,7201,1
209,7753,1
209,7796,1
209,8006,1
209,8016,1
209,8017,1
209,8049,1
209,8112,1
209,8113,1
209,8114,1
209,8115,1
209,10259,1
209,10288,1
209,10421,1
209,10469,1
209,10578,1
209,10638,1
209,10719,1
209,10878,1
209,10971,1
209,11145,1
209,11146,1
209,11147,1
209,11148,1
209,11149,1
209,11153,1
209,11296,1
209,11420,1
209,11782,1
209,11809,1
209,11864,1
209,11967,1
209,12035,1
209,12074,1
209,12084,1
209,12207,1
209,12212,1
209,12213,1
209,12233,1
209,13313,1
209,13351,1
209,13465,1
209,13475,1
209,13506,1
209,13536,1
209,13547,1
209,13550,1
209,13564,1
209,13624,1
209,13661,1
209,13662,1
209,13663,1
209,13664,1
209,13666,1
209,13668,1
209,13669,1
209,13670,1
209,13671,1
209,13672,1
209,13673,1
209,13675,1
209,13707,1
209,13766,1
209,13864,1
209,13904,1
209,13932,1
209,14000,1
209,14052,1
209,14175,1
209,14198,1
209,14200,1
209,14229,1
209,14306,1
209,14317,1
209,14325,1
209,14353,1
209,14368,1
209,14369,1
209,14386,1
209,14473,1
209,14484,1
209,14485,1
209,14492,1
209,14518,1
209,14574,1
209,14722,1
209,14764,1
209,14809,1
209,14822,1
209,14876,1
209,14878,1
209,14894,1
209,14909,1
209,14940,1
209,14945,1
209,14967,1
209,14987,1
209,14995,1
209,15016,1
209,15074,1
209,15191,1
209,15242,1
209,15254,1
209,16411,1
209,16432,1
209,16495,1
209,16514,1
209,16515,1
209,16549,1
209,16557,1
209,16687,1
209,16766,1
209,16857,1
209,16871,1
209,16878,1
209,16989,1
209,17013,1
209,17018,1
209,17045,1
209,17123,1
209,17169,1
209,17236,1
209,17251,1
209,17269,1
209,17282,1
209,17383,1
209,17396,1
209,18497,1
209,18531,1
209,18594,1
209,18625,1
209,18636,1
209,18641,1
209,18661,1
209,18685,1
209,18733,1
209,18734,1
209,18777,1
209,18789,1
209,18829,1
209,18873,1
209,18887,1
209,18896,1
209,18927,1
209,18933,1
209,18938,1
209,19013,1
209,19031,1
209,19040,1
209,19079,1
209,19098,1
209,19106,1
209,19107,1
209,19115,1
209,19145,1
209,19158,1
209,19206,1
209,19262,1
209,19297,1
209,19313,1
209,19337,1
209,19470,1
209,19603,1
209,19604,1
209,19607,1
209,19653,1
209,19708,1
209,19725,1
209,19756,1
209,19780,1
209,19867,1
209,19884,1
209,19913,1
209,19957,1
209,20112,1
209,64610,1
209,64615,1
209,64616,1
209,65102,1
209,65209,1
209,65498,1
209,111,1
209,27,1
209,81,1
226,3832,1
226,4554,1
226,4555,1
226,5655,1
226,10596,1
226,127,1
226,31,1
279,7738,1
279,17222,1
293,297,1
293,377,1
293,378,1
293,513,1
293,568,1
293,600,1
293,668,1
293,683,1
293,693,1
293,786,1
293,789,1
293,1103,1
293,1829,1
293,1842,1
293,2200,1
293,2505,1
293,2603,1
293,2640,1
293,3152,1
293,3380,1
293,3424,1
293,3429,1
293,3431,1
293,3671,1
293,6406,1
293,6509,1
293,7539,1
293,7610,1
293,9591,1
293,10490,1
293,10702,1
293,10764,1
293,11039,1
293,145,1
293,59,1
293,195,1
293,237,1
293,43,1
293,16,1
293,188,1
293,291,1
293,292,1
293,45,1
293,50,1
293,68,1
297,1254,1
297,1749,1
297,1842,1
297,1843,1
297,6509,1
297,7660,1
297,10343,1
297,12819,1
297,24,1
297,127,1
297,270,1
297,41,1
378,8933,1
378,10764,1
600,3112,1
600,10764,1
600,14131,1
600,14484,1
600,17135,1
600,159,1
1267,2594,1
1267,3209,1
1267,3269,1
1267,5396,1
1267,6734,1
1267,6737,1
1267,6882,1
1267,8234,1
1267,8329,1
1267,8463,1
1267,8583,1
1267,8626,1
1267,8855,1
1267,8858,1
1267,8884,1
1267,9093,1
1267,9104,1
1267,9137,1
1267,9209,1
1267,12309,1
1267,12363,1
1267,12465,1
1267,12515,1
1267,12559,1
1267,12637,1
1267,12761,1
1267,13018,1
1267,13060,1
1267,13089,1
1267,13113,1
1267,13286,1
1267,15360,1
1267,15529,1
1267,15584,1
1267,15592,1
1267,15607,1
1267,15663,1
1267,15668,1
1267,15746,1
1267,15875,1
1267,15887,1
1267,15888,1
1267,16076,1
1267,16155,1
1267,16210,1
1913,568,1
1913,721,1
1913,1583,1
1913,1580,1
1913,1590,1
1913,1733,1
1913,1959,1
1913,1984,1
1913,2629,1
1913,2632,1
1913,2746,1
1913,3542,1
1913,3866,1
1913,3867,1
1913,3869,1
1913,3870,1
1913,3872,1
1913,3873,1
1913,3874,1
1913,3881,1
1913,3883,1
1913,3890,1
1913,3895,1
1913,4483,1
1913,4490,1
1913,5180,1
1913,5232,1
1913,5248,1
1913,5256,1
1913,1556,1
1913,1559,1
1913,1562,1
1913,1564,1
1913,1565,1
1913,1569,1
1913,1589,1
1913,450,1
1913,454,1
1913,509,1
1913,655,1
2110,286,1
2110,3286,1
2110,3615,1
2110,9022,1
2110,12415,1
2110,16171,1
2110,16282,1
2381,59,1
2381,3136,1
2381,7050,1
2511,173,1
2559,1674,1
2637,10490,1
3209,3211,1
3209,3745,1
3209,5409,1
3209,6900,1
3209,8992,1
3209,12420,1
3209,13083,1
3209,15417,1
3209,15722,1
3209,15739,1
3209,16024,1
3527,145,1
3527,10886,1
3720,19876,1
4358,13475,1
5977,3739,1
6320,3344,1
6350,8076,1
6350,11279,1
6350,268,1
6350,295,1
6866,9051,1
6866,13033,1
6866,15666,1
6866,5425,1
6866,3268,1
6995,11696,1
6995,16889,1
6995,19677,1
6995,46,1
6995,3951,1
6995,205,1
7021,10448,1
7021,10890,1
7021,16498,1
7021,2929,1
7157,16528,1
7193,18871,1
7233,17110,1
7610,1103,1
7610,7660,1
7610,10764,1
7660,4538,1
7660,683,1
7660,9355,1
7660,10764,1
7660,3510,1
7660,4717,1
7660,4730,1
7660,3550,1
8017,13783,1
8112,17087,1
8113,3951,1
8113,5718,1
8115,3951,1
10437,10490,1
10692,13950,1
10719,7925,1
10764,145,1
10764,11340,1
10764,12427,1
10764,1103,1
10764,24,1
10764,2603,1
10764,3676,1
10764,4538,1
10764,513,1
10764,59,1
10764,6509,1
10764,683,1
10764,7050,1
10764,7539,1
10764,7688,1
11024,11526,1
11039,10886,1
11146,14035,1
11146,16643,1
11817,13400,1
12013,3681,1
12207,19690,1
12877,12472,1
13315,1742,1
13661,7925,1
15109,16467,1
8006,10596,1
13932,16578,1
237,238,1
237,18829,1
237,19106,1
286,517,1
286,790,1
286,1130,1
286,1136,1
286,1273,1
286,1299,1
286,1342,1
286,1836,1
286,1889,1
286,1891,1
286,1897,1
286,1899,1
286,1901,1
286,1902,1
286,1903,1
286,2116,1
286,2134,1
286,2818,1
286,2819,1
286,2857,1
286,3220,1
286,3262,1
286,3265,1
286,3304,1
286,3324,1
286,3327,1
286,3333,1
286,5388,1
286,5474,1
286,5602,1
286,5606,1
286,6734,1
286,6760,1
286,6879,1
286,8296,1
286,8737,1
286,8771,1
286,12301,1
286,12359,1
286,12394,1
286,12424,1
286,12430,1
286,12472,1
286,12479,1
286,12513,1
286,12626,1
286,12866,1
286,12980,1
286,13100,1
286,13126,1
286,13237,1
286,13987,1
286,13988,1
286,14616,1
286,15562,1
286,15570,1
286,15892,1
286,15919,1
513,789,1
513,1836,1
513,8933,1
577,800,1
577,803,1
577,855,1
577,2652,1
577,3848,1
577,6509,1
577,7122,1
577,7734,1
577,7781,1
577,10264,1
577,10329,1
577,10808,1
577,11453,1
577,11489,1
577,11727,1
577,11742,1
577,12226,1
577,13430,1
577,14280,1
577,14358,1
577,14653,1
577,15160,1
577,16624,1
577,17328,1
577,19152,1
577,19848,1
577,549,1
1591,721,1
1591,5972,1
1742,10578,1
1742,145,1
1761,6922,1
1761,10421,1
2572,145,1
2572,3390,1
2698,3676,1
2698,6122,1
2698,2640,1
4519,13766,1
6059,11131,1
6428,19650,1
6922,7290,1
6922,7291,1
6922,10550,1
6922,10812,1
6922,11912,1
6922,14104,1
6922,18,1
6922,3354,1
6922,3794,1
6922,1970,1
10578,10755,1
10578,11745,1
10578,13796,1
10578,14325,1
10578,111,1
10578,29,1
10578,557,1
11296,81,1
11782,8175,1
12213,19596,1
13564,6306,1
13673,1351,1
14306,81,1
14325,14348,1
14325,14464,1
14325,11078,1
14353,5679,1
14518,7292,1
14878,13964,1
14995,19667,1
14995,19668,1
14995,19839,1
14995,19943,1
14995,4943,1
15242,7294,1
18531,14504,1
18734,13999,1
18734,16960,1
18789,5679,1
19158,19830,1
19158,19849,1
11257,15296,1
14562,13365,1
14562,19016,1
14562,684,1
7431,6571,1
7431,11126,1
8175,18870,1
11814,2767,1
11814,6241,1
13493,14521,1
13706,13944,1
13944,14813,1
13944,17266,1
800,2767,1
800,10972,1
803,6509,1
855,11998,1
855,16541,1
855,17120,1
855,18804,1
855,611,1
2652,2659,1
2652,820,1
6509,376,1
6509,24,1
6509,8933,1
6509,10786,1
6509,10965,1
6509,10972,1
6509,11700,1
6509,12004,1
6509,15296,1
6509,683,1
6509,549,1
6509,271,1
6509,611,1
7122,13365,1
7122,684,1
7734,1849,1
7734,4433,1
14653,11468,1
14653,11998,1
5666,14373,1
8010,19508,1
8190,1299,1
11386,4239,1
13425,13426,1
13649,6114,1
16582,17023,1
16626,6982,1
16685,6505,1
16685,13353,1
19116,18561,1
19786,17443,1
14985,16588,1
14985,17081,1
14985,17210,1
14985,18693,1
14985,19513,1
9442,4743,1
9821,3550,1
10277,10834,1
10277,4387,1
10834,11058,1
10834,4967,1
10834,5648,1
10834,5692,1
10834,676,1
4387,3597,1
4387,4270,1
6057,14234,1
6057,16772,1
6057,1797,1
10318,13835,1
10481,6505,1
10986,16814,1
11014,16814,1
5583,3333,1
5583,12414,1
6412,8961,1
6718,5602,1
6718,8816,1
6719,1836,1
6719,8199,1
6719,9044,1
6719,12350,1
6719,12651,1
6719,5622,1
6743,3238,1
6743,8624,1
6752,3352,1
6852,8221,1
6852,12392,1
6855,6803,1
6855,6864,1
6855,8223,1
6873,1901,1
6873,15906,1
7980,13316,1
7984,7997,1
7984,10299,1
7984,10620,1
7984,11053,1
7984,11581,1
7984,18678,1
7984,19582,1
7984,5722,1
7994,3132,1
7994,19180,1
8269,6853,1
8284,8632,1
8284,12684,1
8284,15814,1
8335,8544,1
8335,8573,1
8335,8963,1
8335,12298,1
8335,15544,1
8335,15571,1
8335,8212,1
8335,1241,1
8335,8313,1
8338,12842,1
8338,13150,1
8338,16170,1
8681,13173,1
8697,9038,1
12479,8782,1
12493,8277,1
12653,2686,1
17379,8167,1
17379,14868,1
17379,16397,1
11675,7290,1
19147,14370,1
2568,11777,1
2568,12230,1
4265,5731,1
7377,145,1
6137,11637,1
7291,19509,1
9000,8428,1
9000,8685,1
9000,9095,1
9000,12296,1
9000,12891,1
9000,12987,1
9000,13028,1
9000,13126,1
9000,15792,1
9000,15924,1
9000,8517,1
9000,8466,1
9000,2592,1
9000,8505,1
9000,8707,1
11569,6083,1
13347,14538,1
18512,11871,1
7016,7017,1
7997,10299,1
14922,3796,1
13835,5648,1
13835,11058,1
13835,11571,1
13835,17401,1
13835,18576,1
13835,19132,1
13835,10697,1
13835,3597,1
13835,7417,1
14588,11271,1
14588,14759,1
14588,14187,1
17399,7927,1
13441,2767,1
5690,14661,1
7398,684,1
12021,14366,1
12021,15287,1
14456,11666,1
14472,11647,1
14472,19405,1
16949,14366,1
8148,17355,1
1842,145,1
12819,270,1
6540,6472,1
16503,13370,1
6543,6505,1
7365,6505,1
7738,10938,1
7738,13459,1
7738,13914,1
8167,10715,1
8167,10733,1
8167,10881,1
8167,10897,1
8167,11242,1
8167,11338,1
8167,11415,1
8167,11432,1
8167,11497,1
8167,13357,1
8167,14087,1
8167,14282,1
10417,11415,1
10429,11419,1
10429,6505,1
10688,6505,1
10704,11432,1
10704,17222,1
10875,1916,1
10875,11415,1
10875,19200,1
10875,19611,1
11271,14346,1
11415,10881,1
11415,11752,1
11415,12135,1
11415,12140,1
11415,13357,1
11415,13522,1
11415,13761,1
11415,14087,1
11415,14282,1
11415,14463,1
11415,14868,1
11415,16594,1
11415,18479,1
11415,18547,1
11415,18881,1
11415,19361,1
11415,2715,1
11415,2716,1
11432,6505,1
11706,19611,1
13353,12135,1
13353,13914,1
13353,14457,1
13353,14868,1
13353,14886,1
13353,16397,1
13353,16735,1
13353,17222,1
13353,18881,1
13353,8031,1
13874,13935,1
14204,6505,1
15180,6505,1
15180,16712,1
15180,16735,1
15180,18547,1
10364,10490,1
10364,3464,1
10490,3464,1
10490,10631,1
10490,12005,1
10490,12148,1
10490,12173,1
10490,13429,1
10490,3452,1
10490,6112,1
4319,13331,1
1103,145,1
1103,1104,1
1103,1124,1
1103,1126,1
1103,1140,1
1103,1200,1
1103,1888,1
1103,3333,1
1103,8933,1
376,10566,1
834,2493,1
1290,1299,1
1290,1889,1
1290,2818,1
1290,3083,1
1290,5611,1
1290,8355,1
1290,8928,1
1290,9043,1
1290,9084,1
1290,12471,1
1290,12596,1
1290,12944,1
1290,13001,1
1290,13987,1
1290,15568,1
1290,15766,1
1290,16032,1
2554,2524,1
2554,9605,1
6122,3676,1
6122,19588,1
7445,4470,1
7445,851,1
8355,8356,1
8355,8651,1
8355,8653,1
8355,12471,1
8355,12492,1
8355,15454,1
8355,15470,1
8355,3342,1
8355,5418,1
8355,5561,1
8355,8218,1
8355,8310,1
8355,8311,1
8425,5389,1
8425,15566,1
8651,3333,1
8651,8653,1
8655,14721,1
9137,3269,1
9425,4743,1
9425,17496,1
10476,14709,1
13001,8309,1
13058,9126,1
15420,1836,1
15548,8761,1
15548,3352,1
15847,3215,1
16250,16337,1
10881,11751,1
10881,19723,1
1916,2715,1
1916,2716,1
1916,10715,1
1916,11097,1
1916,13522,1
1916,19200,1
7325,18592,1
7974,278,1
6505,7063,1
6505,10897,1
6505,11338,1
6505,13935,1
6505,16594,1
6505,16736,1
4193,14827,1
18864,9548,1
19962,10701,1
19962,4559,1
17238,16791,1
11845,16630,1
18775,2686,1
19232,2686,1
3359,15296,1
11647,13480,1
11647,18705,1
14710,14812,1
15218,20102,1
15218,14437,1
377,1334,1
568,721,1
568,1733,1
568,5927,1
668,13,1
683,14702,1
786,8933,1
786,7,1
789,1899,1
789,2089,1
789,2200,1
2200,2202,1
2200,2222,1
2200,2236,1
2200,2259,1
2200,2269,1
2200,2418,1
2200,2457,1
2200,2477,1
2200,2478,1
2200,8933,1
2200,13019,1
2200,65008,1
2200,2188,1
2200,1717,1
2200,1940,1
2200,779,1
2200,2193,1
2200,1300,1
2200,1303,1
2200,1304,1
2200,1305,1
2200,1307,1
2200,1719,1
2200,1720,1
2200,1723,1
2200,1935,1
2200,1936,1
2200,1939,1
2200,1942,1
2200,2088,1
2200,776,1
2200,777,1
2200,781,1
2505,3460,1
2505,5402,1
2603,3255,1
2603,8674,1
2603,8933,1
2603,1653,1
2603,1887,1
2603,1741,1
2603,1835,1
2603,1880,1
2603,224,1
3429,4729,1
3429,6819,1
10502,7993,1
7418,14560,1
7418,15208,1
7418,15311,1
7418,16847,1
7418,19338,1
7418,5795,1
7993,10778,1
7993,13424,1
7993,14117,1
7993,16522,1
7993,16849,1
7993,16990,1
7993,18822,1
7993,19077,1
7993,19196,1
7993,6471,1
15311,16629,1
15311,16780,1
15311,16990,1
15311,17147,1
16471,6471,1
16849,19583,1
2686,1899,1
2686,1299,1
2686,3333,1
2686,3339,1
2686,5409,1
2686,5425,1
2686,5435,1
2686,6072,1
2686,8227,1
2686,8499,1
2686,8544,1
2686,8782,1
2686,9041,1
2686,12361,1
2686,12635,1
2686,12763,1
2686,12860,1
2686,12896,1
2686,12980,1
2686,13167,1
2686,15361,1
2686,15563,1
2686,15666,1
2686,15681,1
2686,15776,1
2686,16222,1
2686,16229,1
2686,2134,1
2688,14179,1
14351,3354,1
14503,3796,1
1326,1695,1
1326,10519,1
1326,690,1
10519,690,1
690,1321,1
690,1322,1
690,1323,1
690,1324,1
690,1325,1
690,1327,1
690,1328,1
690,1330,1
690,1331,1
690,1332,1
690,1333,1
690,1334,1
690,1662,1
690,1677,1
1322,1335,1
1324,2107,1
1327,3394,1
1334,3388,1
1677,1665,1
1677,1675,1
12687,3254,1
13032,13228,1
15159,17260,1
15772,13053,1
15772,15821,1
16031,6663,1
2027,7927,1
2027,11694,1
2027,16607,1
2027,17287,1
2027,19192,1
7927,11562,1
7927,14285,1
7927,6306,1
5377,3220,1
5377,3261,1
5377,6700,1
5377,6747,1
5377,8194,1
5377,8207,1
5377,8258,1
5377,8363,1
5377,8415,1
5377,8705,1
5377,8923,1
5377,9152,1
5377,9202,1
5377,9205,1
5377,12778,1
5377,12903,1
5377,12914,1
5377,13124,1
5377,13202,1
5377,13228,1
5377,16145,1
5377,2614,1
5377,3245,1
5388,5428,1
5388,6656,1
5388,13217,1
5388,15654,1
5388,2167,1
5388,2172,1
5409,1273,1
5409,5427,1
5409,5539,1
5409,5549,1
5409,5577,1
5409,5621,1
5409,5631,1
5409,6659,1
5409,6735,1
5409,6751,1
5409,6754,1
5409,6835,1
5409,6900,1
5409,8196,1
5409,8230,1
5409,8354,1
5409,8379,1
5409,8469,1
5409,8560,1
5409,8610,1
5409,8650,1
5409,8782,1
5409,8820,1
5409,8852,1
5409,8917,1
5409,8939,1
5409,9109,1
5409,9126,1
5409,9132,1
5409,12312,1
5409,12458,1
5409,12885,1
5409,13237,1
5409,13251,1
5409,15385,1
5409,680,1
5409,2871,1
5409,517,1
5503,5519,1
5539,8763,1
5539,12404,1
5539,12813,1
5539,15909,1
5574,3220,1
5574,1299,1
5574,12738,1
5607,8689,1
5607,8757,1
5607,9179,1
5607,9212,1
5607,13173,1
5607,15519,1
5607,15716,1
5607,16006,1
5631,6818,1
5631,15671,1
6695,13269,1
6727,9159,1
6727,15403,1
6727,16048,1
6727,1299,1
6728,3333,1
6728,8622,1
6728,8647,1
6728,9191,1
6728,12775,1
6728,12885,1
6728,15562,1
6754,8309,1
6754,8384,1
6754,8442,1
6754,8495,1
6754,8763,1
6754,8969,1
6754,9135,1
6754,9189,1
6754,12348,1
6754,12407,1
6754,12437,1
6754,12936,1
6754,12964,1
6754,13039,1
6754,13125,1
6754,13247,1
6754,15486,1
6754,16188,1
6754,5605,1
8196,1270,1
8196,8422,1
8196,8852,1
8196,8859,1
8196,9053,1
8196,9115,1
8196,9164,1
8196,12371,1
8196,12595,1
8196,12657,1
8196,12658,1
8196,12853,1
8196,12899,1
8196,12907,1
8196,12915,1
8196,13251,1
8196,15933,1
8196,16152,1
8196,517,1
8213,1299,1
8213,2874,1
8213,8198,1
8379,8741,1
8379,8941,1
8379,9053,1
8379,9138,1
8379,12429,1
8379,12843,1
8379,5579,1
8469,1270,1
8469,12506,1
8469,15415,1
8469,16055,1
8473,12738,1
8473,15893,1
8473,16150,1
8560,12419,1
8560,12843,1
8560,13148,1
8736,1299,1
8736,9004,1
8736,12434,1
8736,12923,1
8736,13160,1
8736,15807,1
8736,15973,1
8782,8761,1
8782,12357,1
8782,12457,1
8782,12715,1
8782,12852,1
8782,2134,1
8782,3352,1
8782,3262,1
8782,3324,1
8782,6895,1
8782,6897,1
8785,9153,1
8984,3220,1
8984,16150,1
8992,8445,1
9013,3333,1
9132,1273,1
9132,12343,1
9132,12531,1
9132,12732,1
9132,15891,1
9132,16038,1
9132,8627,1
11179,13498,1
12352,3220,1
12352,3246,1
12357,9186,1
12357,1299,1
12394,3333,1
12394,12414,1
12394,12535,1
12394,12871,1
12394,15874,1
12394,16318,1
13237,1299,1
13237,517,1
13237,16216,1
14707,17556,1
14707,9109,1
15687,5492,1
5519,5557,1
5519,6902,1
5519,8844,1
5519,8902,1
5519,12390,1
5519,12616,1
5519,12703,1
5519,12855,1
5519,15519,1
5519,15736,1
5519,16260,1
5519,5482,1
5571,1299,1
5571,12576,1
5571,13258,1
5571,15677,1
5621,1849,1
5621,1270,1
5621,1299,1
6067,12703,1
6067,12885,1
8553,8689,1
8553,9105,1
8553,12519,1
8553,5412,1
8553,5597,1
8553,8205,1
9109,3333,1
9109,15381,1
9109,15394,1
12359,12769,1
12359,16168,1
12390,13178,1
6776,1836,1
6776,8235,1
6776,9177,1
6793,1299,1
6793,6820,1
6793,8728,1
6793,12375,1
6793,13170,1
6793,15501,1
8198,3220,1
8209,3333,1
8235,1836,1
8235,559,1
8237,1836,1
8237,9177,1
8251,3333,1
8251,8483,1
8251,13142,1
8289,1299,1
8289,12597,1
8434,3220,1
8434,12383,1
8434,3301,1
8434,2865,1
8483,1136,1
8483,3333,1
8608,3333,1
8758,12755,1
8840,3333,1
8840,15542,1
8840,15916,1
9027,13189,1
9060,12330,1
9060,12659,1
9060,15424,1
9060,5556,1
9060,1248,1
9133,3333,1
9200,3333,1
12414,3333,1
12520,1836,1
12520,9177,1
12552,3220,1
12552,19539,1
12552,10102,1
12597,3220,1
12597,3246,1
12606,3333,1
12606,16113,1
12634,15879,1
12917,790,1
13030,1836,1
13300,15922,1
15424,790,1
15496,1741,1
15623,1836,1
15623,1299,1
15623,6732,1
15667,12755,1
15731,12764,1
15879,3333,1
12308,5549,1
12350,1836,1
12392,3304,1
12450,12512,1
12518,2871,1
12614,12977,1
12614,13139,1
13104,3220,1
13104,5556,1
13226,2822,1
15498,3330,1
15803,5512,1
9126,9183,1
9126,12349,1
9126,12360,1
9126,12374,1
9126,12422,1
9126,12502,1
9126,12544,1
9126,12584,1
9126,12625,1
9126,12665,1
9126,12716,1
9126,12941,1
9126,13157,1
9126,13232,1
9126,13261,1
9126,15368,1
9126,15446,1
9126,15447,1
9126,15506,1
9126,15540,1
9126,15579,1
9126,15590,1
9126,15613,1
9126,15657,1
9126,15669,1
9126,15781,1
9126,15813,1
9126,15938,1
9126,15943,1
9126,15960,1
9126,15983,1
9126,16037,1
9126,16068,1
9126,16107,1
9126,16126,1
9126,16312,1
9126,5517,1
9126,8204,1
9126,8360,1
9126,8375,1
9126,8307,1
9126,8569,1
9126,8687,1
9126,8648,1
9126,1841,1
9126,93,1
11002,1849,1
12300,12315,1
12312,1273,1
12313,1273,1
12313,12329,1
12313,12447,1
12313,15726,1
12313,8578,1
12313,9174,1
12313,9182,1
12643,1270,1
12643,8365,1
12808,12726,1
12826,3215,1
12884,8372,1
12885,1299,1
12885,12703,1
12885,12869,1
12885,13126,1
12885,13191,1
12885,15641,1
12885,15643,1
12885,15710,1
12885,15839,1
12885,15928,1
12885,15988,1
12885,16174,1
12885,3107,1
12885,5412,1
12885,5600,1
12885,8306,1
12885,8917,1
13115,1273,1
13115,13187,1
13126,9172,1
13126,12304,1
13126,12358,1
13126,12369,1
13126,12385,1
13126,12545,1
13126,8717,1
13126,6886,1
13126,9154,1
13126,12842,1
13126,8343,1
13126,9127,1
13126,8788,1
13126,13228,1
13126,13249,1
13126,15621,1
13126,15738,1
13126,15842,1
13126,15868,1
13126,16154,1
13126,16156,1
13126,3255,1
13126,6702,1
13126,8555,1
13126,9184,1
13135,2871,1
13256,8372,1
13259,1273,1
15375,1849,1
15436,3215,1
15543,3259,1
15696,1299,1
15696,15689,1
15703,3333,1
15730,2822,1
15743,517,1
15809,3259,1
15945,12843,1
15945,15492,1
15960,1273,1
15990,1849,1
7290,13849,1
7290,14597,1
7290,19280,1
14104,16600,1
10755,11197,1
145,194,1
145,195,1
145,721,1
145,1206,1
145,1207,1
145,1249,1
145,2552,1
145,3676,1
145,3754,1
145,3756,1
145,4130,1
145,4190,1
145,4385,1
145,5640,1
145,5663,1
145,5719,1
145,5723,1
145,10579,1
145,10886,1
145,11872,1
145,16889,1
145,12,1
145,14,1
145,20,1
145,26,1
145,46,1
145,88,1
145,98,1
194,2648,1
195,1227,1
195,1909,1
195,2641,1
721,745,1
721,765,1
721,767,1
721,1451,1
721,1452,1
721,1456,1
721,1458,1
721,1459,1
721,1460,1
721,1462,1
721,1463,1
721,1464,1
721,1466,1
721,1467,1
721,1468,1
721,1471,1
721,1472,1
721,1474,1
721,1475,1
721,1476,1
721,1477,1
721,1480,1
721,1482,1
721,1483,1
721,1484,1
721,1485,1
721,1488,1
721,1489,1
721,1491,1
721,1492,1
721,1494,1
721,1498,1
721,1499,1
721,1503,1
721,1504,1
721,1505,1
721,1507,1
721,1511,1
721,1521,1
721,1527,1
721,1531,1
721,1533,1
721,1545,1
721,1590,1
721,1597,1
721,1598,1
721,1904,1
721,1914,1
721,2046,1
721,3146,1
721,3475,1
721,3539,1
721,4444,1
721,5180,1
721,5181,1
721,5264,1
721,5927,1
721,5954,1
721,5960,1
721,5961,1
721,5962,1
721,5972,1
721,5974,1
721,5976,1
721,5979,1
721,64520,1
721,400,1
721,295,1
721,208,1
721,219,1
721,255,1
721,272,1
721,398,1
721,412,1
721,422,1
721,424,1
721,467,1
721,571,1
721,625,1
721,637,1
3754,3756,1
3754,4385,1
3754,5719,1
3754,11872,1
3754,12,1
3754,14,1
3754,20,1
3754,26,1
3754,3685,1
5663,57,1
5663,11602,1
5663,11607,1
5663,11736,1
5723,77,1
10886,11131,1
10886,11318,1
10886,16692,1
10886,19324,1
10886,102,1
10886,186,1
10886,27,1
10886,7847,1
1273,1299,1
1273,1889,1
1273,1901,1
1273,3239,1
1273,3333,1
1273,5464,1
1273,5517,1
1273,5521,1
1273,6733,1
1273,6900,1
1273,8222,1
1273,8309,1
1273,8344,1
1273,8391,1
1273,8481,1
1273,8735,1
1273,8767,1
1273,8859,1
1273,9072,1
1273,9171,1
1273,12299,1
1273,12316,1
1273,12337,1
1273,12348,1
1273,12420,1
1273,12544,1
1273,12571,1
1273,12579,1
1273,12611,1
1273,12638,1
1273,12693,1
1273,12722,1
1273,12759,1
1273,12796,1
1273,12886,1
1273,12919,1
1273,13125,1
1273,13140,1
1273,15446,1
1273,15465,1
1273,15580,1
1273,15594,1
1273,15669,1
1273,15709,1
1273,15725,1
1273,15726,1
1273,15747,1
1273,16060,1
1273,16097,1
1273,65502,1
1273,517,1
1299,1200,1
1299,1653,1
1299,1849,1
1299,2118,1
1299,2588,1
1299,2820,1
1299,2874,1
1299,3215,1
1299,3220,1
1299,3249,1
1299,3259,1
1299,3301,1
1299,3307,1
1299,3308,1
1299,3333,1
1299,5518,1
1299,5522,1
1299,5605,1
1299,6690,1
1299,6703,1
1299,6795,1
1299,6820,1
1299,6850,1
1299,8197,1
1299,8225,1
1299,8233,1
1299,8308,1
1299,8374,1
1299,8377,1
1299,8535,1
1299,8747,1
1299,9085,1
1299,12383,1
1299,12457,1
1299,12580,1
1299,12624,1
1299,12631,1
1299,12741,1
1299,12755,1
1299,12869,1
1299,13184,1
1299,13269,1
1299,15429,1
1299,15557,1
1299,15571,1
1299,15606,1
1299,15652,1
1299,15689,1
1299,15694,1
1299,15742,1
1299,15833,1
1299,15855,1
1299,15869,1
1299,15934,1
1299,15949,1
1299,15997,1
1299,16110,1
1889,1270,1
1889,3215,1
1889,3259,1
1901,5423,1
1901,5424,1
1901,6720,1
1901,8940,1
1901,8971,1
1901,9023,1
1901,12382,1
1901,12605,1
1901,12635,1
1901,12766,1
1901,12971,1
1901,13068,1
1901,15454,1
1901,15906,1
1901,16049,1
1901,1120,1
1901,1776,1
1901,679,1
3239,8511,1
3239,20535,1
3333,1136,1
3333,1200,1
3333,5399,1
3333,5417,1
3333,5590,1
3333,5597,1
3333,5615,1
3333,6905,1
3333,8737,1
3333,8873,1
3333,12315,1
3333,2818,1
3333,3265,1
5464,8741,1
5521,1270,1
5521,12598,1
5521,12680,1
6733,1275,1
8309,12678,1
8735,1270,1
8767,1270,1
8767,9171,1
8767,12931,1
8767,8208,1
8859,8939,1
9072,1270,1
9072,12316,1
9072,12348,1
9072,12399,1
9072,12655,1
9072,15451,1
12337,12456,1
12571,5427,1
12611,15456,1
12638,1270,1
12722,1270,1
12759,8820,1
12796,1270,1
12886,13132,1
12919,1849,1
12919,1270,1
15709,1270,1
3776,15316,1
3776,3739,1
843,5764,1
13965,14147,1
14727,14885,1
12427,12925,1
12427,2643,1
12427,2848,1
12427,2895,1
12427,3058,1
12427,3316,1
12427,5468,1
12427,8663,1
1140,1136,1
1200,1136,1
8933,1213,1
8933,8501,1
8933,680,1
8933,5408,1
8933,1930,1
8933,2611,1
8933,766,1
8933,559,1
8933,1853,1
8933,1955,1
8933,2107,1
8933,2852,1
8933,2108,1
8933,137,1
8933,2602,1
3255,3254,1
3255,15645,1
8674,1257,1
4538,4789,1
4538,9407,1
4789,9405,1
9407,9406,1
1836,2047,1
1836,2612,1
1836,6732,1
1836,8271,1
1836,8802,1
1836,8803,1
1836,12387,1
1836,12429,1
1836,12649,1
1836,12799,1
1836,12952,1
1836,13267,1
1836,15513,1
1836,15517,1
1836,15585,1
1836,15978,1
1836,16215,1
1836,559,1
3112,11050,1
3112,17135,1
3112,159,1
2495,2496,1
2495,2701,1
2495,11659,1
10774,659,1
8072,3215,1
8072,3301,1
8072,5556,1
3259,3917,1
3259,5410,1
3259,5436,1
3259,6804,1
3259,8497,1
3259,8567,1
3259,8677,1
3259,8780,1
3259,8836,1
3259,8839,1
3259,8964,1
3259,8983,1
3259,9003,1
3259,9210,1
3259,10806,1
3259,12366,1
3259,12395,1
3259,12398,1
3259,12409,1
3259,12412,1
3259,12523,1
3259,12557,1
3259,12566,1
3259,12601,1
3259,12645,1
3259,12708,1
3259,12744,1
3259,12771,1
3259,12863,1
3259,12864,1
3259,12865,1
3259,12893,1
3259,12911,1
3259,12953,1
3259,13050,1
3259,13221,1
3259,13223,1
3259,13290,1
3259,15401,1
3259,15551,1
3259,15574,1
3259,15841,1
3259,15846,1
3259,15890,1
3259,15903,1
3259,16073,1
3259,16080,1
3259,16252,1
3259,1899,1
3259,1301,1
3259,72,1
8567,3215,1
8677,3215,1
8839,9078,1
8964,3305,1
9210,3215,1
12366,3215,1
12395,3215,1
12398,1309,1
12409,9078,1
12412,3215,1
12523,3215,1
12601,3215,1
12708,12755,1
12744,3215,1
12863,3215,1
12864,3215,1
12864,8228,1
12865,2917,1
12911,1899,1
13050,3215,1
13221,3215,1
13223,3215,1
15401,3215,1
15551,3215,1
15574,3215,1
15841,3215,1
15846,3215,1
5692,4270,1
676,3597,1
2767,6241,1
2767,11522,1
2767,12263,1
2767,808,1
11522,14661,1
8372,8716,1
8372,8912,1
8372,9105,1
8372,12475,1
8372,15601,1
8372,15845,1
8372,16134,1
8372,16330,1
1849,2830,1
1849,5500,1
1849,6717,1
1849,8718,1
1849,8902,1
1849,9011,1
1849,12449,1
1849,12496,1
1849,12616,1
1849,13037,1
1849,13208,1
1849,13217,1
1849,15510,1
1849,15677,1
1849,15680,1
1849,15773,1
1849,16032,1
2830,2822,1
5556,3301,1
5556,8786,1
5556,13063,1
5556,15782,1
5556,16117,1
5556,16123,1
5556,2874,1
6821,8830,1
6821,8982,1
6821,9172,1
6821,5379,1
6905,5623,1
8228,8361,1
8228,8740,1
8228,8921,1
8228,9036,1
8228,9180,1
8228,12303,1
8228,1899,1
8228,6760,1
8228,5630,1
8562,15824,1
12455,5642,1
12981,8428,1
12981,8869,1
15410,13162,1
15410,5554,1
2822,8227,1
2822,8295,1
2822,8598,1
2822,8986,1
2822,12763,1
2822,13088,1
2822,15383,1
2822,15646,1
2822,15681,1
2822,15965,1
15383,2611,1
15965,8296,1
1257,1880,1
1257,2120,1
1257,2863,1
1257,2874,1
1257,5492,1
1257,5569,1
1257,8873,1
1257,12563,1
1257,13116,1
1270,5549,1
1270,5605,1
1270,5627,1
1270,8208,1
1270,8351,1
1270,8360,1
1270,8373,1
1270,8422,1
1270,8442,1
1270,8602,1
1270,8794,1
1270,8827,1
1270,8852,1
1270,8864,1
1270,8879,1
1270,8925,1
1270,8950,1
1270,9007,1
1270,9066,1
1270,9067,1
1270,9099,1
1270,9164,1
1270,9175,1
1270,9188,1
1270,12288,1
1270,12292,1
1270,12331,1
1270,12343,1
1270,12355,1
1270,12371,1
1270,12379,1
1270,12466,1
1270,12470,1
1270,12531,1
1270,12555,1
1270,12574,1
1270,12581,1
1270,12610,1
1270,12625,1
1270,12664,1
1270,12678,1
1270,12853,1
1270,12857,1
1270,12892,1
1270,12899,1
1270,12916,1
1270,12930,1
1270,13006,1
1270,13012,1
1270,13039,1
1270,13040,1
1270,13043,1
1270,13045,1
1270,13083,1
1270,13090,1
1270,13152,1
1270,13157,1
1270,13247,1
1270,15374,1
1270,15392,1
1270,15438,1
1270,15486,1
1270,15698,1
1270,15763,1
1270,15781,1
1270,15889,1
1270,15894,1
1270,15904,1
1270,15933,1
1270,15968,1
1270,15987,1
1270,16038,1
1270,16103,1
1270,16126,1
1270,16152,1
1270,16233,1
1270,517,1
1653,2831,1
1653,2833,1
1653,2834,1
1653,2836,1
1653,2837,1
1653,2839,1
1653,2841,1
1653,2842,1
1653,2843,1
1653,2846,1
1653,3220,1
1653,9088,1
1653,12381,1
1653,15980,1
1653,16251,1
1670,8252,1
1835,3240,1
1835,15474,1
2818,5597,1
2818,7966,1
3083,3107,1
3246,3220,1
3246,5420,1
3246,8526,1
3246,12935,1
3246,15765,1
3246,15793,1
3246,16302,1
3246,2874,1
3262,15711,1
3334,6775,1
3334,12403,1
3336,3220,1
3336,8624,1
3336,2586,1
3336,719,1
5395,6664,1
5434,8348,1
5463,3304,1
5492,5624,1
5492,9120,1
5492,12483,1
5492,12900,1
5492,13120,1
5492,15411,1
5492,15564,1
5492,5491,1
5493,3302,1
5493,5382,1
5499,8941,1
5499,12429,1
5499,15584,1
5499,16027,1
5515,1342,1
5515,544,1
5515,5420,1
5515,5469,1
5515,8317,1
5515,1732,1
5515,3274,1
5515,5473,1
5515,764,1
5533,13200,1
5590,1136,1
5603,6896,1
5603,16145,1
5603,2610,1
6739,12457,1
6747,6851,1
6747,8197,1
6747,8605,1
6747,8724,1
6747,12578,1
6747,12847,1
6747,12993,1
6747,2588,1
6747,5522,1
6747,3249,1
6848,15583,1
7990,15917,1
8211,1136,1
8232,1136,1
8262,8745,1
8299,8888,1
8318,2134,1
8350,2118,1
8350,13105,1
8404,8821,1
8404,5398,1
8404,8281,1
8498,3216,1
8498,16000,1
8513,3329,1
8513,8573,1
8513,8751,1
8513,8856,1
8513,9070,1
8513,13121,1
8513,13228,1
8513,6876,1
8513,6888,1
8542,15688,1
8542,16180,1
8650,12546,1
8650,8298,1
8650,6783,1
8696,5389,1
8696,6790,1
8729,12755,1
8755,3216,1
8765,6853,1
8765,15749,1
8773,3216,1
8773,13192,1
8773,13225,1
8773,15682,1
8773,15778,1
8773,16173,1
8773,2122,1
8773,8595,1
8773,8392,1
8773,8402,1
8773,8507,1
8911,3269,1
9031,12838,1
9035,9034,1
9035,3242,1
9065,1136,1
9097,8990,1
9173,2116,1
9190,1897,1
9214,12755,1
12301,6663,1
12301,12589,1
12301,12594,1
12301,15467,1
12301,5389,1
12301,8358,1
12301,8536,1
12338,12457,1
12338,15488,1
12338,15711,1
12338,8761,1
12363,6664,1
12424,12715,1
12429,16111,1
12481,3269,1
12489,3302,1
12498,3313,1
12624,16093,1
12631,15384,1
12715,12457,1
12797,12761,1
12797,15888,1
12797,12734,1
12874,12465,1
12874,12505,1
12874,15529,1
12874,8855,1
12994,2116,1
12996,2116,1
13055,3302,1
13097,3269,1
13098,3269,1
13098,3313,1
13169,1136,1
13176,6664,1
13243,2116,1
15365,5602,1
15485,6721,1
15524,8761,1
15633,3352,1
15633,766,1
15641,12369,1
15662,8534,1
15685,6721,1
15795,3313,1
15954,12457,1
16098,3269,1
12046,15735,1
12046,5532,1
3233,12921,1
6663,12549,1
6663,13021,1
6663,13059,1
6663,16026,1
6663,16157,1
6663,16346,1
6663,5606,1
12549,9005,1
13021,8708,1
13059,8708,1
16157,9015,1
16346,12698,1
6778,8246,1
6778,12934,1
6778,12973,1
6778,15905,1
6778,16274,1
6778,16290,1
6778,16340,1
6778,5617,1
8246,8256,1
8246,8323,1
8246,8364,1
8246,8374,1
8246,8508,1
8246,8798,1
8246,8907,1
8246,12346,1
8246,12476,1
8246,12824,1
8246,12827,1
8246,12831,1
8246,12912,1
8246,13061,1
8246,13110,1
8246,13123,1
8246,13274,1
8246,15384,1
8246,15396,1
8246,15503,1
8246,15523,1
8246,15694,1
8246,15851,1
8246,15905,1
8246,15997,1
8246,16138,1
8246,16167,1
8246,5616,1
8246,6714,1
15905,5617,1
6844,8200,1
6844,3329,1
8253,5408,1
8390,8431,1
8390,12564,1
8428,8721,1
8428,12873,1
8428,12908,1
8428,15588,1
8428,15819,1
8428,15921,1
8428,16069,1
8428,2600,1
12873,12735,1
12908,8876,1
12908,8517,1
15588,6822,1
15819,8386,1
16069,12735,1
8534,9125,1
8778,12747,1
8778,2819,1
8778,8257,1
8876,12950,1
8876,15406,1
8876,8456,1
8876,8831,1
15406,8517,1
9064,12672,1
9064,5606,1
12672,8708,1
278,3141,1
278,3968,1
278,7184,1
278,8140,1
278,11087,1
278,18592,1
18592,3484,1
18592,6342,1
18592,1840,1
18592,2549,1
18592,3454,1
18592,3596,1
18592,3640,1
5071,19662,1
6571,11106,1
6571,6164,1
11119,100,1
12804,8708,1
12804,8503,1
13294,12530,1
13294,15645,1
9005,15856,1
9005,16120,1
9005,16121,1
16121,8708,1
9087,9199,1
9087,8474,1
9199,8756,1
3313,12428,1
3313,12650,1
3313,12835,1
3313,12913,1
3313,12922,1
3313,12954,1
3313,12974,1
3313,13018,1
3313,13047,1
3313,13060,1
3313,13175,1
3313,13180,1
3313,15481,1
3313,15483,1
3313,15515,1
3313,15592,1
3313,15660,1
3313,15715,1
3313,15981,1
3313,16004,1
3313,16161,1
3313,16177,1
3313,16219,1
3313,16263,1
3328,8468,1
3328,12378,1
3328,12519,1
3328,15988,1
3328,16162,1
3330,15927,1
3342,8653,1
3344,8844,1
3344,15643,1
3344,15845,1
5385,12762,1
5392,9026,1
5392,15469,1
5403,16381,1
5424,13042,1
5549,8610,1
5549,8793,1
5549,9183,1
5549,12438,1
5549,12480,1
5549,12897,1
5549,13261,1
5549,15644,1
5549,517,1
5595,8940,1
5595,12377,1
5595,12411,1
5602,8564,1
5602,13160,1
5615,1136,1
6659,15388,1
6735,8298,1
6735,8405,1
6735,8820,1
6735,12836,1
6740,6721,1
6771,8362,1
6771,12727,1
8247,12755,1
8549,517,1
8622,2871,1
8622,12785,1
8741,8823,1
8792,2871,1
8823,12610,1
8823,13289,1
9105,12519,1
9105,12707,1
9105,8575,1
9105,8932,1
9120,12320,1
12382,8380,1
12419,12843,1
12895,8333,1
12897,13167,1
13031,517,1
11237,16528,1
16528,8054,1
9186,1897,1
9186,12353,1
9186,5626,1
13156,1897,1
13156,6853,1
81,6250,1
517,553,1
517,5520,1
517,6710,1
517,6887,1
517,8354,1
517,8365,1
517,8569,1
517,8572,1
517,8937,1
517,12399,1
517,12404,1
517,12480,1
517,12898,1
517,13040,1
517,13043,1
517,13045,1
517,13054,1
517,13289,1
517,15372,1
517,15415,1
517,15506,1
517,15514,1
517,15628,1
517,15752,1
517,16378,1
790,3220,1
790,3238,1
790,5469,1
790,8624,1
790,12989,1
790,15501,1
790,15527,1
790,16051,1
790,719,1
1136,8737,1
1136,12902,1
1136,15916,1
1897,12353,1
1897,12894,1
1897,13134,1
1897,15931,1
1899,3215,1
1899,8332,1
1899,12318,1
1899,12669,1
1899,12765,1
1899,12806,1
1899,16275,1
1903,5407,1
1903,9080,1
1903,12767,1
1903,16019,1
1903,16149,1
2116,3293,1
2116,5465,1
2116,5619,1
2116,13069,1
2116,13212,1
2116,15659,1
2116,15688,1
2116,224,1
2134,6897,1
2134,8761,1
2134,12430,1
2134,12769,1
2857,8450,1
3220,3238,1
3304,8201,1
3304,8270,1
3304,8296,1
3304,8375,1
3304,9166,1
3304,15583,1
3327,5546,1
3327,8240,1
3327,8285,1
3327,8728,1
3327,8834,1
3327,12563,1
3327,13272,1
3327,2380,1
3327,3221,1
3327,3249,1
5474,15814,1
5474,3347,1
5606,8919,1
5606,12439,1
5606,12674,1
5606,12698,1
5606,12920,1
5606,12955,1
5606,15627,1
5606,16047,1
5606,16183,1
8296,9045,1
15892,15735,1
13263,8466,1
8573,13153,1
8795,9127,1
8795,9154,1
8795,9184,1
8795,12746,1
8795,12814,1
8795,12829,1
8795,12881,1
8795,13124,1
9127,12982,1
9127,16328,1
9127,6802,1
9127,8880,1
9154,12829,1
9154,12848,1
9154,13236,1
9154,13268,1
12814,9070,1
12881,9070,1
13124,12591,1
13124,8530,1
9102,15897,1
5671,16578,1
1853,2036,1
1853,6720,1
1853,8670,1
1853,8692,1
1853,1113,1
1853,1114,1
1853,1117,1
1853,1119,1
1853,1120,1
1853,1205,1
1853,1776,1
1853,679,1
1853,760,1
1880,1877,1
1880,1882,1
1880,1883,1
2607,9187,1
3216,3312,1
3216,5523,1
3216,6819,1
3216,6856,1
3216,8570,1
3216,8580,1
3216,8592,1
3216,8675,1
3216,8797,1
3216,8825,1
3216,8901,1
3216,8904,1
3216,9107,1
3216,12418,1
3216,12530,1
3216,12686,1
3216,12979,1
3216,13004,1
3216,13075,1
3216,13099,1
3216,13105,1
3216,13118,1
3216,13165,1
3216,13192,1
3216,13238,1
3216,13257,1
3216,15610,1
3216,16043,1
5578,8290,1
5578,8620,1
5578,8679,1
5578,12508,1
5578,12905,1
5578,15962,1
5578,16142,1
5578,16160,1
5578,16317,1
5588,6518,1
5588,15512,1
6761,13049,1
6790,8448,1
6790,8503,1
6790,8708,1
6790,12589,1
6790,13162,1
6790,15629,1
6790,3340,1
6790,6722,1
8708,12310,1
8708,12699,1
8708,13067,1
8708,13181,1
8708,2614,1
8708,5483,1
8919,8751,1
8919,16030,1
9004,12761,1
9078,12727,1
9078,8255,1
9160,15520,1
12530,12421,1
12530,15785,1
12530,3319,1
12530,8813,1
12540,3352,1
12565,12761,1
12636,8761,1
12955,6845,1
15616,12457,1
15784,12878,1
9159,3215,1
16048,3215,1
19583,19632,1
8973,2839,1
13504,18818,1
13504,19564,1
16905,589,1
1706,13918,1
2457,1951,1
13019,3215,1
2553,3506,1
3836,9411,1
3836,9486,1
4730,2504,1
9372,173,1
3681,4511,1
57,217,1
57,1998,1
57,6263,1
7450,1747,1
16538,8174,1
18920,8174,1
1335,8174,1
3633,271,1
16438,14078,1
4923,17210,1
5415,6876,1
5415,13228,1
5415,13234,1
5415,15595,1
6876,8353,1
6876,8601,1
13228,12294,1
13228,12369,1
13228,3252,1
13228,15901,1
13228,16181,1
13228,20539,1
13228,12742,1
15595,8813,1
8393,2854,1
5564,8796,1
5564,13017,1
14396,11614,1
12457,12356,1
12457,12845,1
12457,12970,1
12457,6901,1
12457,8216,1
3329,9128,1
3329,15439,1
3329,15764,1
9128,6799,1
15764,6799,1
15764,1241,1
8953,8751,1
17621,17430,1
8225,8496,1
8225,16118,1
8761,9106,1
8761,12569,1
8761,12970,1
8761,16040,1
8761,16289,1
15735,5532,1
15735,20521,1
17120,611,1
549,802,1
549,808,1
549,5664,1
549,12093,1
549,18621,1
549,19350,1
549,19925,1
549,239,1
8751,12442,1
5605,12546,1
8422,13282,1
8422,15859,1
8422,15938,1
8852,8864,1
8925,9182,1
9066,9136,1
9066,13010,1
9067,9188,1
12292,9020,1
13012,15456,1
13012,8384,1
13045,15790,1
13090,15492,1
15904,9115,1
16103,9115,1
5483,5513,1
5483,5565,1
5483,6668,1
5483,8448,1
5483,8579,1
5483,9024,1
5483,16015,1
6700,13092,1
12431,8937,1
12558,9081,1
12658,12657,1
12658,15671,1
13054,15739,1
13130,9136,1
15434,8384,1
12294,12872,1
12294,13249,1
12294,15386,1
12294,15497,1
13249,6807,1
13249,16007,1
13249,8349,1
13194,15908,1
9095,8517,1
12891,8517,1
12735,13190,1
12735,8415,1
12794,8705,1
13138,8415,1
16025,5422,1
12304,16190,1
8382,2854,1
8382,13155,1
8395,12714,1
8443,2854,1
8615,8348,1
8615,3312,1
8615,8988,1
8634,2854,1
8691,12499,1
8691,12846,1
8691,15508,1
8691,16054,1
8691,8594,1
8732,15582,1
8732,15672,1
8810,6903,1
8810,2683,1
8810,5467,1
8888,2854,1
8997,2118,1
9068,2118,1
9110,12820,1
9110,15778,1
9110,16012,1
9110,20483,1
9110,5386,1
12821,2854,1
12951,2854,1
15640,5568,1
15835,12622,1
3305,72,1
3305,6904,1
6799,5408,1
6799,8278,1
6799,8388,1
6799,8396,1
6799,13153,1
6799,15414,1
6799,15430,1
6799,15473,1
6799,15536,1
6799,15604,1
6799,3260,1
12361,15853,1
12361,16096,1
12594,8990,1
5389,8436,1
5389,8990,1
8990,15801,1
8990,8294,1
8990,8321,1
8358,8462,1
8358,15884,1
3215,8255,1
3215,8361,1
3215,8362,1
3215,8874,1
3215,8921,1
3215,8948,1
3215,9098,1
3215,9180,1
3215,12303,1
3215,12318,1
3215,12341,1
3215,12600,1
3215,12669,1
3215,12733,1
3215,12765,1
3215,13034,1
3215,15422,1
3215,15655,1
3215,15812,1
3215,15832,1
3215,16017,1
3215,16071,1
3215,16236,1
3215,6,1
3215,2917,1
3215,2158,1
13034,2917,1
15655,2188,1
8820,2871,1
8969,9063,1
8969,12413,1
8368,224,1
15581,12755,1
9177,12639,1
9177,8271,1
8793,8899,1
8793,9215,1
12480,13148,1
12480,15363,1
2594,6664,1
3269,5502,1
3269,6664,1
3269,6840,1
3269,6882,1
3269,8265,1
3269,8463,1
3269,8564,1
3269,8754,1
3269,8822,1
3269,8884,1
3269,8980,1
3269,9076,1
3269,12309,1
3269,12428,1
3269,12434,1
3269,12465,1
3269,12474,1
3269,12514,1
3269,12515,1
3269,12650,1
3269,12719,1
3269,12835,1
3269,12913,1
3269,12954,1
3269,12974,1
3269,13113,1
3269,13145,1
3269,13175,1
3269,13253,1
3269,13286,1
3269,15602,1
3269,15607,1
3269,15663,1
3269,15691,1
3269,15714,1
3269,15715,1
3269,15887,1
3269,15973,1
3269,15981,1
3269,16021,1
3269,16035,1
3269,16155,1
8234,6664,1
8626,6664,1
8855,6664,1
9209,6664,1
12465,3302,1
12637,3302,1
12637,6664,1
12761,12779,1
12761,12839,1
12761,13081,1
12761,13286,1
12761,15712,1
12761,16141,1
12761,16297,1
12761,16351,1
13018,6664,1
15360,6664,1
15360,15712,1
6664,6665,1
6664,8978,1
6664,9037,1
6664,12373,1
6664,12468,1
6664,12505,1
6664,12551,1
6664,12922,1
6664,12974,1
6664,13047,1
6664,15553,1
6664,15660,1
6664,15788,1
6664,16141,1
6664,5609,1
12474,3302,1
12514,3302,1
12650,3302,1
15691,9034,1
12310,12723,1
12310,8930,1
12329,680,1
12314,2820,1
2820,6788,1
2820,6903,1
2820,8241,1
2820,8515,1
2820,9039,1
2820,13079,1
6788,15761,1
8241,12943,1
8515,15490,1
9039,8955,1
13079,8348,1
5597,8330,1
3302,5510,1
3302,12319,1
3302,12505,1
3302,12652,1
3302,13254,1
3302,13291,1
3302,15437,1
3302,15481,1
3302,15553,1
3302,15561,1
3302,15750,1
3302,15923,1
3302,16027,1
3302,16042,1
5510,16201,1
15923,3228,1
8501,8508,1
8501,8865,1
8501,8890,1
8501,8970,1
8501,9103,1
8501,9112,1
8501,12324,1
8501,12423,1
8501,5617,1
8501,1887,1
8501,8326,1
8501,8286,1
8501,5550,1
8501,8256,1
8501,8267,1
8508,15744,1
8890,1887,1
8890,15396,1
8890,8633,1
8970,15851,1
9103,13065,1
9112,15798,1
680,1275,1
680,1754,1
680,13167,1
680,288,1
1275,8204,1
1275,8365,1
1275,12349,1
1275,13128,1
1754,8756,1
12374,2871,1
9075,3352,1
9192,3352,1
15369,3352,1
6854,12335,1
6854,16020,1
16020,16143,1
9070,12336,1
9070,12856,1
9070,12867,1
15488,766,1
5617,8267,1
5617,8286,1
5617,8374,1
5617,8459,1
5617,8535,1
5617,8664,1
5617,8798,1
5617,8965,1
5617,9085,1
5617,12346,1
5617,12476,1
5617,12580,1
5617,12618,1
5617,12741,1
5617,12743,1
5617,12824,1
5617,12827,1
5617,12966,1
5617,13065,1
5617,13086,1
5617,13110,1
5617,13179,1
5617,13255,1
5617,15443,1
5617,15503,1
5617,15593,1
5617,15652,1
5617,15833,1
5617,15855,1
5617,15949,1
5617,15967,1
5617,16138,1
5617,16167,1
5617,5616,1
8267,8323,1
8286,13119,1
8459,12741,1
8664,1887,1
8798,15593,1
8965,8907,1
8965,15459,1
9085,20486,1
12476,15930,1
12618,1887,1
12618,8326,1
12741,15993,1
12743,8308,1
12966,8308,1
13086,8907,1
13255,8323,1
15967,8323,1
8256,16283,1
8907,15902,1
8907,16296,1
13274,8308,1
15396,13141,1
15694,16182,1
8384,15896,1
8495,6783,1
12964,15705,1
16188,12843,1
12584,2871,1
12716,8717,1
16037,13269,1
15931,3243,1
2118,5386,1
2118,5433,1
2118,5495,1
2118,5568,1
2118,8480,1
2118,8752,1
2118,8825,1
2118,12730,1
2118,12820,1
2118,13078,1
2118,13118,1
2118,13215,1
2118,13260,1
2118,15757,1
2588,5538,1
2588,8194,1
2588,8206,1
2588,12965,1
2874,3254,1
2874,3301,1
2874,8788,1
2874,13103,1
2874,16132,1
3301,8702,1
3301,15782,1
3301,15893,1
3301,15991,1
3301,16123,1
3301,1729,1
5518,6851,1
5518,8206,1
5518,12443,1
5518,12509,1
5518,12587,1
5518,12957,1
5518,13244,1
5518,15775,1
5518,15827,1
5522,15995,1
6703,3254,1
6703,6886,1
6703,8263,1
6703,15377,1
6703,15461,1
6703,15742,1
6703,15858,1
6795,8574,1
6795,8904,1
6795,12739,1
6795,16118,1
6820,8662,1
6820,12418,1
6820,3277,1
6850,8263,1
6850,12416,1
6850,13078,1
8308,1887,1
8308,12992,1
8308,16182,1
8308,16270,1
12755,15432,1
12755,15718,1
13269,13270,1
12358,12406,1
12769,15450,1
12769,16168,1
16304,16303,1
15853,1241,1
3339,6875,1
3339,8958,1
3339,9117,1
3339,12736,1
3339,15708,1
3339,15975,1
5425,13033,1
5435,8591,1
16229,13033,1
12807,2917,1
8978,9034,1
12551,9034,1
5408,5470,1
5408,5489,1
5408,6744,1
5408,6867,1
5408,8248,1
5408,8278,1
5408,8522,1
5408,8581,1
5408,8611,1
5408,8617,1
5408,8618,1
5408,8643,1
5408,8700,1
5408,8762,1
5408,8991,1
5408,9069,1
5408,12364,1
5408,12402,1
5408,13092,1
5408,15690,1
5408,15948,1
5408,2546,1
5408,3268,1
5408,3323,1
5489,1241,1
8522,1241,1
8581,1241,1
8618,1241,1
15690,2546,1
15948,1241,1
12369,12837,1
12369,16007,1
12369,16070,1
12369,16165,1
12369,6807,1
6807,8592,1
6807,8856,1
8856,3261,1
8856,20516,1
13053,15929,1
12657,12817,1
12657,13233,1
2871,8687,1
2871,8892,1
2871,9181,1
2871,12506,1
2871,15700,1
2871,15838,1
8728,5546,1
16162,16303,1
2831,6782,1
16251,16117,1
13068,12878,1
16153,766,1
6800,12397,1
6800,13227,1
6800,15500,1
6800,15974,1
1309,1708,1
1309,1717,1
1309,2223,1
1309,1301,1
1309,775,1
15628,12843,1
1733,772,1
745,1461,1
745,2650,1
745,5855,1
3146,5972,1
3539,4037,1
5972,1778,1
5972,1317,1
5976,1727,1
64520,523,1
3286,2135,1
3267,3343,1
3267,5495,1
3267,5567,1
3267,6857,1
3267,8753,1
3267,8915,1
3267,9111,1
3267,12416,1
3267,13075,1
3343,1741,1
3343,3351,1
13075,2854,1
5523,2683,1
6856,2854,1
12979,12879,1
13004,8331,1
13099,15815,1
13105,15621,1
13105,3287,1
13118,5572,1
16043,2854,1
8662,8482,1
6726,6803,1
6726,8264,1
6726,12426,1
6726,12904,1
6726,6658,1
12925,2848,1
2643,2683,1
2683,2848,1
2683,2875,1
2683,5387,1
2683,5568,1
2683,8756,1
2683,2148,1
2848,3218,1
2848,5568,1
2848,2148,1
3218,5568,1
5568,2895,1
5568,3058,1
5568,3316,1
5568,5468,1
5568,6671,1
5568,8324,1
5568,8336,1
5568,8411,1
5568,8510,1
5568,8623,1
5568,8663,1
5568,8684,1
5568,8775,1
5568,8981,1
5568,12448,1
5568,15489,1
5568,16308,1
5568,2875,1
5568,5433,1
5568,3325,1
5568,3335,1
5568,5471,1
2895,5558,1
2895,2587,1
3058,6699,1
3058,12724,1
3316,6868,1
3316,8291,1
3316,8370,1
3316,8409,1
3316,16033,1
6868,6880,1
8409,13161,1
8941,3248,1
12432,12882,1
12432,13137,1
12432,13159,1
12432,13195,1
12432,13206,1
12432,15450,1
12432,15603,1
12432,15608,1
13206,3352,1
12640,15597,1
12878,16105,1
12878,16200,1
1887,8633,1
1887,8766,1
1887,12464,1
1887,15665,1
15766,13122,1
12473,8946,1
2854,8331,1
2854,8829,1
2854,8905,1
2854,12487,1
2854,12517,1
2854,12790,1
2854,12879,1
2854,13062,1
2854,13071,1
2854,13225,1
2854,13260,1
2854,15531,1
2854,15632,1
2854,16094,1
2854,16287,1
2854,20483,1
2854,20490,1
8905,6880,1
13062,8482,1
15531,16335,1
15531,13082,1
16094,3575,1
8212,13288,1
8212,15604,1
15604,16022,1
8955,12500,1
9208,2611,1
2860,8458,1
2860,9118,1
2860,12527,1
2860,12603,1
2860,13200,1
9118,3243,1
12527,3243,1
12603,3243,1
13200,3243,1
3243,5516,1
3243,8826,1
3243,12542,1
3243,15749,1
5516,1930,1
3319,3254,1
8813,3254,1
12562,15908,1
15440,15911,1
15440,5479,1
3352,15630,1
3352,15912,1
3352,766,1
15630,766,1
9034,3242,1
8333,16105,1
8333,3278,1
5569,8702,1
12578,15684,1
12578,15721,1
12578,12525,1
12578,12526,1
12578,9091,1
8724,6906,1
8724,16062,1
8724,16279,1
12591,8717,1
8717,8808,1
8717,8860,1
8717,8877,1
8717,13236,1
8717,16127,1
8717,8688,1
3254,5592,1
3254,8192,1
3254,8258,1
3254,12593,1
3254,12792,1
3254,12984,1
3254,13103,1
3254,15458,1
3254,15461,1
3254,15615,1
3254,15800,1
3254,15820,1
3254,16223,1
8258,13027,1
8258,15895,1
15800,3261,1
15820,8788,1
12680,15546,1
8591,12609,1
9119,12778,1
9119,15767,1
9119,15946,1
9119,15994,1
9119,16104,1
16099,8692,1
1741,3221,1
1741,12630,1
1741,1739,1
1741,544,1
1741,565,1
12721,5382,1
15671,16264,1
3261,5598,1
3261,8693,1
3261,9213,1
3261,12681,1
3261,12691,1
3261,12704,1
3261,12706,1
3261,12780,1
3261,13106,1
3261,13107,1
3261,15530,1
9213,6886,1
12681,6886,1
12691,6886,1
13106,6886,1
13107,15416,1
15530,6886,1
6886,12959,1
6886,15586,1
8388,1241,1
15414,1241,1
15536,1241,1
8415,15843,1
15843,8517,1
8574,8533,1
12764,8449,1
5407,6721,1
8923,1547,1
9205,12933,1
2917,8908,1
13268,3245,1
1930,3251,1
1930,12833,1
15797,5422,1
8306,15624,1
8517,8678,1
8517,8466,1
8517,1967,1
8517,2592,1
8517,8456,1
8343,12933,1
3252,12963,1
12965,6906,1
6694,9032,1
16143,11584,1
8788,12986,1
8788,12998,1
8788,13023,1
8788,16002,1
8788,3326,1
6721,13036,1
6818,13117,1
6818,15558,1
6818,15771,1
6702,8690,1
6702,15377,1
13161,9056,1
2614,13210,1
3245,5421,1
16467,19733,1
3857,3663,1
17147,6471,1
18941,6471,1
6114,18928,1
6471,13774,1
6471,15208,1
6471,16780,1
6471,16847,1
6471,19228,1
6471,5795,1
5687,4982,1
4599,18605,1
5855,22,1
9232,4743,1
4808,7467,1
4808,7639,1
4808,9395,1
4808,9803,1
4808,9805,1
4808,9807,1
4808,9818,1
7467,9802,1
18579,20002,1
18579,17255,1
3766,74,1
1241,8951,1
1241,15617,1
1241,16013,1
6822,5422,1
5550,15798,1
8961,9155,1
8961,15802,1
8961,17557,1
1583,1580,1
3253,15898,1
3228,8722,1
3228,16052,1
3228,20487,1
15626,16000,1
5303,3916,1
5872,303,1
5872,2721,1
5881,22,1
2380,16014,1
5513,5596,1
6668,2012,1
8692,6883,1
6828,16179,1
8688,16226,1
5573,16300,1
9912,7721,1
4770,17427,1
4274,4762,1
4274,9486,1
4274,17479,1
4274,17489,1
4762,4621,1
17479,4621,1
4621,4652,1
4621,9411,1
4621,9546,1
4621,9562,1
4621,3839,1
9301,7628,1
4743,17496,1
8756,5387,1
8756,5402,1
559,4128,1
4128,1251,1
760,2494,1
1840,3632,1
2089,779,1
450,419,1
1940,261,1
2012,1955,1
1955,2547,1
1955,3219,1
1955,3314,1
1955,3346,1
1955,6711,1
1955,8512,1
8512,5561,1
8511,8863,1
2193,2060,1
4717,4796,1
288,8519,1
3739,4302,1
3739,5324,1
3739,37,1
3739,646,1
3739,84,1
303,3916,1
303,5978,1
303,22,1
3662,4605,1
3662,3661,1
1237,7622,1
7622,1781,1
400,132,1
1778,4109,1
5103,3389,1
137,5441,1
137,5445,1
137,5457,1
6058,838,1
838,839,1
4780,7534,1
4780,7538,1
4780,7710,1
1292,7408,1
3340,8229,1
6880,5461,1
1659,9916,1
9476,7477,1
9476,9421,1
7656,7708,1
7656,7533,1
3242,8217,1
6888,8320,1
