953,1323,1
953,1370,1
953,1553,1
953,1571,1
953,1078,1
953,1551,1
953,1793,1
953,1605,1
953,1804,1
953,1604,1
953,1163,1
953,1083,1
953,1471,1
953,1621,1
953,1487,1
953,1172,1
953,1191,1
953,1590,1
953,997,1
953,1888,1
953,1675,1
953,1613,1
953,1714,1
953,1662,1
953,484,1
953,1707,1
953,1563,1
953,1056,1
953,1173,1
953,1741,1
953,1610,1
953,1589,1
953,1809,1
953,1331,1
953,1160,1
953,1559,1
953,1868,1
953,1156,1
953,1107,1
953,1086,1
953,1029,1
953,995,1
953,1040,1
953,1391,1
953,1377,1
953,1214,1
953,1256,1
953,1670,1
953,1361,1
953,1359,1
953,1663,1
953,1580,1
953,1736,1
953,1842,1
953,1609,1
953,1665,1
953,1791,1
953,1470,1
953,1201,1
953,1509,1
953,1622,1
953,1222,1
953,1409,1
953,1271,1
953,1389,1
953,1238,1
953,1243,1
953,1685,1
953,1199,1
953,1637,1
953,1722,1
953,1530,1
953,1047,1
953,1059,1
953,1826,1
953,897,1
953,1849,1
953,1330,1
953,932,1
953,1902,1
953,1520,1
953,1861,1
953,978,1
953,1289,1
953,1431,1
953,1230,1
953,1813,1
953,1124,1
953,1483,1
953,1117,1
953,1730,1
953,1280,1
953,1620,1
953,1488,1
953,1336,1
953,1688,1
953,1205,1
953,1898,1
953,1517,1
953,1135,1
953,1619,1
953,1768,1
953,1447,1
953,1800,1
953,1717,1
953,993,1
953,1456,1
953,1390,1
1323,1361,1
1323,897,1
1323,1643,1
1323,1265,1
1323,1891,1
1323,1675,1
1323,1520,1
1323,921,1
1323,1902,1
1323,1047,1
1323,1377,1
1323,1126,1
1323,1811,1
1323,1551,1
1323,1559,1
1323,1447,1
1323,1460,1
1323,1359,1
1323,1214,1
1323,1160,1
1323,1604,1
1323,1753,1
1323,1842,1
1323,1191,1
1323,1617,1
1323,1149,1
1323,1076,1
1323,1554,1
1323,1621,1
1323,906,1
1323,1243,1
1323,1255,1
1323,995,1
1323,1029,1
1323,997,1
1323,1637,1
1323,1669,1
1323,1389,1
1323,925,1
1323,1156,1
1323,1663,1
1323,1839,1
1323,980,1
1323,1117,1
1323,1799,1
1323,1868,1
1323,1570,1
1323,1146,1
1323,1835,1
1323,1610,1
1323,1199,1
1323,1173,1
1323,1768,1
1323,1124,1
1323,1238,1
1323,1530,1
1323,1470,1
1323,1056,1
1323,1335,1
1323,978,1
1323,1330,1
1323,1222,1
1323,1352,1
1323,1662,1
1323,1535,1
1323,1888,1
1323,1813,1
1323,1205,1
1323,1791,1
1323,1407,1
1323,1563,1
1323,1509,1
1323,1078,1
1323,1730,1
1323,1609,1
1789,1707,1
1789,1547,1
1789,1877,1
1789,1598,1
1789,1888,1
1789,1714,1
1789,1480,1
1789,1538,1
1789,1339,1
1789,1712,1
1789,1620,1
1789,1256,1
1789,1185,1
1789,1736,1
1789,1083,1
1789,1796,1
1789,1198,1
1789,1622,1
1789,966,1
1789,1610,1
1789,1717,1
1789,1156,1
1789,1879,1
1789,1184,1
1789,1431,1
1789,1207,1
1789,1024,1
1789,1199,1
1789,1367,1
1789,1800,1
1789,1737,1
1789,1463,1
1789,1250,1
1789,1613,1
1789,1632,1
1789,1559,1
1789,1242,1
1789,1488,1
1789,1331,1
1789,1665,1
1789,1153,1
1789,1078,1
1789,1175,1
1789,1471,1
1789,1652,1
1789,1653,1
1789,1819,1
1789,1004,1
1789,1163,1
1789,1827,1
1789,1621,1
1789,1006,1
1789,1391,1
1789,1344,1
1789,1132,1
1789,1556,1
1789,1416,1
1789,1491,1
1789,1376,1
1789,1604,1
1789,1584,1
1789,1617,1
1789,1572,1
1789,1557,1
1789,1600,1
1789,1101,1
1789,1643,1
1789,1799,1
1789,1668,1
1789,1663,1
1789,1112,1
1789,1390,1
1789,1380,1
1789,1810,1
1789,1059,1
1789,1662,1
1789,1804,1
1789,1214,1
1789,1867,1
1789,1340,1
1789,1180,1
1789,1750,1
1789,1456,1
1789,1746,1
1789,1689,1
1789,1335,1
1789,1341,1
1789,1516,1
1789,1209,1
1789,1612,1
1789,1375,1
1789,960,1
1789,1539,1
1789,1003,1
1789,1291,1
1789,1683,1
1789,1532,1
1789,1833,1
1789,1107,1
1789,1086,1
1789,1125,1
1789,1861,1
1707,1833,1
1707,1864,1
1707,1793,1
1707,1059,1
1707,1416,1
1707,1238,1
1707,1029,1
1707,978,1
1707,1488,1
1707,1124,1
1707,1662,1
1707,1163,1
1707,1621,1
1707,1420,1
1707,1230,1
1707,1126,1
1707,1669,1
1707,1668,1
1707,1211,1
1707,1017,1
1707,1839,1
1707,1746,1
1707,1551,1
1707,1003,1
1707,1604,1
1707,1293,1
1707,1538,1
1707,1886,1
1707,1827,1
1707,1754,1
1707,1006,1
1707,1799,1
1707,1039,1
1707,1160,1
1707,1390,1
1707,1809,1
1707,1750,1
1707,1608,1
1707,1388,1
1707,1597,1
1707,1735,1
1707,1352,1
1707,1083,1
1707,1580,1
1707,1685,1
1707,1772,1
1707,1741,1
1707,1335,1
1707,1530,1
1707,1761,1
1707,1219,1
1707,1399,1
1707,1800,1
1707,1285,1
1707,1879,1
1707,1823,1
1707,1665,1
1707,1250,1
1707,1331,1
1707,1156,1
1707,916,1
1707,1516,1
1707,1845,1
1707,1532,1
1707,1721,1
1707,1074,1
1707,1130,1
1707,1198,1
1707,1302,1
1707,1288,1
1707,1584,1
1707,1849,1
1707,1683,1
1707,1796,1
1707,1079,1
1707,1289,1
1707,946,1
1707,1125,1
1707,1902,1
1707,1457,1
1707,1483,1
1707,1730,1
1707,1267,1
1707,1191,1
1707,1181,1
1707,1256,1
1707,1172,1
1707,1370,1
1707,1622,1
1707,1004,1
1707,1402,1
1707,1132,1
1707,1024,1
1707,1563,1
1707,1557,1
1707,1542,1
1707,1341,1
1707,1199,1
1707,1367,1
1707,1185,1
1707,1810,1
1707,1437,1
1707,1717,1
1707,1068,1
1707,1447,1
1707,1714,1
1707,1712,1
1707,1377,1
1707,1078,1
1707,1117,1
1707,1603,1
1707,1888,1
1707,1214,1
1707,1280,1
1707,1351,1
1707,966,1
1707,1040,1
1707,1471,1
1707,999,1
1707,1605,1
1707,1380,1
1707,1816,1
1707,1842,1
1707,1791,1
1707,1173,1
1707,1101,1
1707,1613,1
1707,1175,1
1707,1632,1
1707,1467,1
1707,1722,1
1707,1393,1
1707,1086,1
1707,1271,1
1707,1149,1
1707,1339,1
1707,1184,1
1707,1376,1
1707,1620,1
1707,1330,1
1707,1826,1
1707,1409,1
1707,934,1
1707,1522,1
1707,1491,1
1707,1623,1
1707,1700,1
1707,1757,1
1707,1612,1
1707,1752,1
1707,1449,1
1707,1391,1
1707,952,1
1707,1520,1
1707,1598,1
1707,1571,1
1707,1153,1
1707,1291,1
1707,960,1
1707,1804,1
1707,1554,1
1707,1107,1
1707,1222,1
1707,1361,1
1707,1610,1
1707,1868,1
1707,1617,1
1707,980,1
1707,1456,1
1707,1619,1
1707,1205,1
1707,1737,1
1707,1123,1
1707,1689,1
1707,1768,1
1707,1054,1
1707,1643,1
1707,1547,1
1707,983,1
1707,1663,1
1707,1736,1
1707,1589,1
1175,1059,1
1175,1180,1
1175,1126,1
1175,1621,1
1175,1622,1
1175,1230,1
1175,1717,1
1175,1480,1
1175,1420,1
1175,1809,1
1175,1214,1
1175,1559,1
1175,1768,1
1175,1156,1
1175,1029,1
1175,1269,1
1175,1376,1
1175,1861,1
1175,1833,1
1175,1902,1
1175,1610,1
1175,1003,1
1175,1457,1
1175,1867,1
1175,1288,1
1175,1485,1
1175,1222,1
1175,1196,1
1175,1863,1
1175,1026,1
1175,934,1
1175,1305,1
1175,1409,1
1175,1652,1
1175,1675,1
1175,1006,1
1175,1851,1
1175,1528,1
1175,1663,1
1175,1620,1
1175,1146,1
1175,1804,1
1175,1879,1
1175,1086,1
1175,1846,1
1175,927,1
1175,1390,1
1175,1842,1
1175,980,1
1175,1280,1
1175,1765,1
1175,1612,1
1175,1431,1
1175,1823,1
1175,1255,1
1175,1888,1
1175,1800,1
1175,993,1
1175,1124,1
1175,1265,1
1175,1078,1
1175,1811,1
1175,1554,1
1175,1101,1
1175,1130,1
1175,1819,1
1175,1398,1
1175,1741,1
1175,1195,1
1175,1312,1
1175,1110,1
1175,1132,1
1175,1380,1
1175,1600,1
1175,1272,1
1175,1891,1
1175,1153,1
1175,1484,1
1175,1471,1
1175,1736,1
1175,1644,1
1175,1377,1
1175,967,1
1175,1724,1
1175,1590,1
1175,1637,1
1175,1185,1
1175,1509,1
1175,1334,1
1175,1391,1
1175,1547,1
1175,1557,1
1175,1331,1
1175,1329,1
1175,1123,1
1175,1570,1
1175,1668,1
1175,1460,1
1175,1076,1
1175,925,1
1175,916,1
1175,1416,1
1175,1540,1
1175,1456,1
1175,1291,1
1175,1827,1
1175,1662,1
1175,1598,1
1175,1617,1
1175,1513,1
1175,960,1
1175,1639,1
1175,1405,1
1175,1614,1
1175,1782,1
1175,1201,1
1175,1075,1
1175,1522,1
1175,1447,1
1175,906,1
1175,1835,1
1175,1608,1
1175,1191,1
1175,1730,1
1175,1774,1
1175,1467,1
1175,1048,1
1175,1352,1
1175,1302,1
1059,1340,1
1059,1075,1
1059,1184,1
1059,925,1
1059,1076,1
1059,1584,1
1059,1849,1
1059,1768,1
1059,1335,1
1059,1509,1
1059,1662,1
1059,1334,1
1059,1644,1
1059,1367,1
1059,1623,1
1059,1652,1
1059,1643,1
1059,1810,1
1059,1746,1
1059,1804,1
1059,1341,1
1059,1238,1
1059,1839,1
1059,1632,1
1059,1003,1
1059,947,1
1059,1823,1
1059,1557,1
1059,1006,1
1059,1712,1
1059,1721,1
1059,1833,1
1059,1589,1
1059,1688,1
1059,1757,1
1059,1717,1
1059,1250,1
1059,1617,1
1059,1689,1
1059,1029,1
1059,1416,1
1059,1730,1
1059,1736,1
1059,1078,1
1059,946,1
1059,1291,1
1059,1683,1
1059,1724,1
1059,1522,1
1059,1380,1
1059,1799,1
1059,1539,1
1059,1079,1
1059,1827,1
1059,1172,1
1059,1752,1
1059,1312,1
1059,1370,1
1059,1551,1
1059,1302,1
1059,1191,1
1059,1214,1
1059,1339,1
1059,1613,1
1059,1620,1
1059,1004,1
1059,1835,1
1059,1669,1
1059,1399,1
1059,1278,1
1059,1653,1
1059,1112,1
1059,1819,1
1059,1800,1
1059,1761,1
1059,1765,1
1059,1376,1
1059,1886,1
1059,906,1
1059,1126,1
1059,1612,1
1059,1523,1
1059,1598,1
1059,1879,1
1059,1467,1
1059,1750,1
1059,1867,1
1059,1559,1
1059,1520,1
1059,1891,1
1059,921,1
1059,1572,1
1059,1420,1
1059,1391,1
1059,1621,1
1059,952,1
1059,1049,1
1059,1107,1
1059,1431,1
1059,1530,1
1059,1795,1
1059,1471,1
1059,1851,1
1059,1547,1
1059,1269,1
1059,1610,1
1059,1516,1
1059,1540,1
1059,1293,1
1059,1255,1
1059,1524,1
1059,1563,1
1059,1796,1
1059,1735,1
1059,1600,1
1059,1435,1
1059,1146,1
1059,1198,1
1059,1110,1
1059,1663,1
1059,960,1
1059,993,1
1059,1054,1
1059,1570,1
1059,1793,1
1059,1211,1
1059,1344,1
1059,1877,1
1059,1149,1
1059,1086,1
1059,1132,1
1059,1180,1
1059,1199,1
1059,1754,1
1059,1290,1
1059,1390,1
1059,1816,1
1059,1737,1
1059,1185,1
1059,1603,1
1059,1377,1
1059,1532,1
1059,1888,1
1059,1128,1
1059,1622,1
1059,1242,1
1059,1488,1
1059,1544,1
1059,1685,1
1059,1375,1
1059,1329,1
1059,1243,1
1059,1017,1
1059,1491,1
1059,1665,1
1059,1352,1
1059,1714,1
1059,999,1
1059,1554,1
1059,1659,1
1329,1559,1
1329,1864,1
1329,1460,1
1329,1393,1
1329,1608,1
1329,967,1
1329,1291,1
1329,1851,1
1329,1388,1
1329,921,1
1329,1528,1
1329,934,1
1329,1376,1
1329,927,1
1329,1409,1
1329,1086,1
1329,1754,1
1329,1685,1
1329,1513,1
1329,1584,1
1329,1753,1
1329,1265,1
1329,1613,1
1329,1620,1
1329,1621,1
1329,1269,1
1329,1637,1
1329,1662,1
1329,1768,1
1329,526,1
1329,1735,1
1329,1509,1
1329,1116,1
1329,1757,1
1329,1407,1
1329,1205,1
1329,1173,1
1329,1519,1
1329,1516,1
1329,1902,1
1329,1182,1
1329,932,1
1329,1554,1
1329,1056,1
1329,1643,1
1329,1214,1
1329,1746,1
1329,947,1
1329,1334,1
1329,1765,1
1329,1405,1
1329,993,1
1329,1804,1
1329,1663,1
1329,1420,1
1329,1389,1
1329,1377,1
1329,1471,1
1329,980,1
1329,1683,1
1329,1431,1
1329,1609,1
1329,1888,1
1329,1164,1
1329,1590,1
1329,1135,1
1329,1195,1
1329,1843,1
1329,1302,1
1329,1101,1
1329,1761,1
1329,1669,1
1329,1191,1
1329,1290,1
1329,1868,1
1329,1352,1
1329,1078,1
1329,1600,1
1329,1467,1
1329,1255,1
1329,1800,1
1329,1819,1
1329,1539,1
1329,1845,1
1329,897,1
1329,1675,1
1329,1617,1
1329,1603,1
1329,1201,1
1329,1199,1
1329,1185,1
1329,1522,1
1329,1076,1
1329,1126,1
1329,1750,1
1329,1823,1
1329,1048,1
1329,1842,1
1329,1074,1
1329,1570,1
1329,1079,1
1329,1272,1
1329,1612,1
1329,1688,1
1329,1551,1
1329,1714,1
1329,1827,1
1329,1723,1
1329,1230,1
1329,1835,1
1329,1861,1
1329,1331,1
1329,1028,1
1329,1799,1
1329,1243,1
1329,1146,1
1329,978,1
1329,1813,1
1329,916,1
1329,1730,1
1329,1833,1
1329,1589,1
1329,1557,1
1329,1049,1
1329,1117,1
1329,1287,1
1329,1774,1
1329,1563,1
1329,1312,1
1329,1734,1
1329,1791,1
1329,1391,1
1329,1639,1
1559,1149,1
1559,1290,1
1559,1813,1
1559,995,1
1559,1334,1
1559,1305,1
1559,1182,1
1559,1399,1
1559,1730,1
1559,1391,1
1559,1256,1
1559,1243,1
1559,1402,1
1559,966,1
1559,1291,1
1559,1597,1
1559,1205,1
1559,1622,1
1559,1868,1
1559,1522,1
1559,1750,1
1559,1668,1
1559,1736,1
1559,1861,1
1559,1431,1
1559,1520,1
1559,1267,1
1559,1735,1
1559,1761,1
1559,1124,1
1559,1107,1
1559,1879,1
1559,1639,1
1559,1485,1
1559,1528,1
1559,1554,1
1559,1712,1
1559,1741,1
1559,1804,1
1559,1598,1
1559,934,1
1559,1222,1
1559,1793,1
1559,1898,1
1559,1439,1
1559,1612,1
1559,1185,1
1559,1370,1
1559,1365,1
1559,1172,1
1559,1782,1
1559,1675,1
1559,1594,1
1559,1589,1
1559,967,1
1559,1377,1
1559,1160,1
1559,1191,1
1559,1689,1
1559,1409,1
1559,1331,1
1559,1772,1
1559,1076,1
1559,1287,1
1559,1621,1
1559,1389,1
1559,946,1
1559,980,1
1559,1230,1
1559,1471,1
1559,1547,1
1559,1613,1
1559,1447,1
1559,1048,1
1559,1791,1
1559,1608,1
1559,1669,1
1559,1849,1
1559,1126,1
1559,1563,1
1559,1352,1
1559,1643,1
1559,1173,1
1559,1891,1
1559,1223,1
1559,1238,1
1559,1420,1
1559,978,1
1559,1604,1
1559,1467,1
1559,1717,1
1559,1757,1
1559,1488,1
1559,1255,1
1559,1184,1
1559,1003,1
1559,1078,1
1559,1723,1
1559,1570,1
1559,1811,1
1559,1816,1
1559,1746,1
1559,1551,1
1559,1341,1
1559,1530,1
1559,1242,1
1559,1083,1
1559,1269,1
1559,1117,1
1559,1800,1
1559,1369,1
1559,1539,1
1559,1827,1
1559,1843,1
1559,1610,1
1559,1833,1
1559,1163,1
1559,1004,1
1559,1330,1
1559,1603,1
1559,916,1
1559,1153,1
1559,1557,1
1559,1810,1
1559,1538,1
1559,1799,1
1559,1839,1
1559,1637,1
1559,1768,1
1559,1491,1
1559,1092,1
1559,1902,1
1559,1826,1
1559,1509,1
1559,1028,1
1559,1561,1
1559,1132,1
1559,1580,1
1559,1211,1
1559,1516,1
1559,925,1
1559,1271,1
1559,1056,1
1559,1335,1
1559,1683,1
1559,1006,1
1559,947,1
1559,1888,1
1559,1535,1
1559,1842,1
1559,1663,1
1559,1714,1
1559,1250,1
1559,1609,1
1559,1584,1
1559,1101,1
1559,1665,1
1559,1864,1
1559,997,1
1559,993,1
1559,1135,1
1559,1272,1
1559,1809,1
1559,1752,1
1559,1662,1
1559,1047,1
1559,1026,1
1559,1146,1
1559,1823,1
1559,1835,1
1559,1376,1
1559,1361,1
1559,1199,1
1559,1214,1
1559,1470,1
1559,1456,1
1559,1753,1
1559,960,1
1559,1359,1
1804,1898,1
1804,1734,1
1804,1352,1
1804,1761,1
1804,1685,1
1804,1799,1
1804,1746,1
1804,980,1
1804,1267,1
1804,1083,1
1804,1580,1
1804,1793,1
1804,1621,1
1804,1772,1
1804,1201,1
1804,1153,1
1804,1796,1
1804,1551,1
1804,1207,1
1804,1622,1
1804,1341,1
1804,1399,1
1804,1288,1
1804,966,1
1804,1125,1
1804,1619,1
1804,925,1
1804,1390,1
1804,1431,1
1804,1584,1
1804,906,1
1804,1620,1
1804,1879,1
1804,1079,1
1804,1833,1
1804,1172,1
1804,1753,1
1804,1721,1
1804,1617,1
1804,1124,1
1804,1590,1
1804,1351,1
1804,1199,1
1804,1344,1
1804,1163,1
1804,1752,1
1804,1185,1
1804,1101,1
1804,916,1
1804,1570,1
1804,1563,1
1804,1398,1
1804,1609,1
1804,1467,1
1804,1652,1
1804,997,1
1804,1608,1
1804,1730,1
1804,1886,1
1804,1791,1
1804,1612,1
1804,1768,1
1804,1126,1
1804,1339,1
1804,1827,1
1804,1524,1
1804,1209,1
1804,1359,1
1804,999,1
1804,1800,1
1804,1269,1
1804,1688,1
1804,1863,1
1804,1024,1
1804,1842,1
1804,978,1
1804,1488,1
1804,1149,1
1804,1180,1
1804,1888,1
1804,1598,1
1804,1665,1
1804,1623,1
1804,1117,1
1804,1367,1
1804,1712,1
1804,1816,1
1804,1331,1
1804,1086,1
1804,1449,1
1804,1637,1
1804,1663,1
1804,1547,1
1804,1782,1
1804,1463,1
1804,1112,1
1804,1522,1
1804,1211,1
1804,1243,1
1804,1723,1
1804,1335,1
1804,1287,1
1804,1491,1
1804,1683,1
1804,1256,1
1804,1160,1
1804,1370,1
1804,1668,1
1804,1471,1
1804,1004,1
1804,1156,1
1804,1302,1
1804,1823,1
1804,1736,1
1804,1416,1
1804,1809,1
1804,1480,1
1804,1029,1
1804,1272,1
1804,993,1
1804,1289,1
1804,947,1
1804,1047,1
1804,1091,1
1804,1173,1
1804,1813,1
1804,1861,1
1804,1835,1
1804,1123,1
1804,1291,1
1804,1238,1
1804,934,1
1804,1250,1
1804,1456,1
1804,1653,1
1804,1006,1
1804,1242,1
1804,1604,1
1804,1610,1
1804,1530,1
1804,1271,1
1804,1128,1
1804,1714,1
1804,1305,1
1804,1182,1
1804,1811,1
1804,1205,1
1804,946,1
1804,1214,1
1804,1181,1
1804,1662,1
1804,1017,1
1804,1439,1
1804,1839,1
1804,1130,1
1804,1516,1
1804,960,1
1804,1675,1
1804,1376,1
1804,1076,1
1804,1849,1
1804,1613,1
1804,1597,1
1804,1669,1
1804,1643,1
1804,1280,1
1804,1509,1
1804,1605,1
1804,1902,1
1804,1589,1
1804,1757,1
1804,1078,1
1804,1389,1
1804,1377,1
1804,1520,1
1804,1868,1
1804,1447,1
1804,1330,1
1804,1191,1
1804,1535,1
1804,1198,1
1804,1603,1
1804,1222,1
1804,1735,1
1804,1600,1
1804,1132,1
1804,1717,1
1898,1380,1
1898,1370,1
1898,1717,1
1898,1359,1
1898,1619,1
1898,1388,1
1898,1285,1
1898,1832,1
1898,1535,1
1898,1040,1
1898,1389,1
1898,1238,1
1898,960,1
1898,1068,1
1898,1605,1
1898,1153,1
1898,1746,1
1898,1191,1
1898,1256,1
1898,1813,1
1898,1361,1
1898,1146,1
1898,1039,1
1898,1083,1
1898,1580,1
1898,1483,1
1898,1117,1
1898,1457,1
1898,1712,1
1898,983,1
1898,1902,1
1898,1456,1
1898,1471,1
1898,1730,1
1898,1669,1
1898,1330,1
1898,1024,1
1898,1086,1
1898,1336,1
1898,1399,1
1898,1816,1
1898,1056,1
1898,1791,1
1898,1517,1
1898,982,1
1898,1207,1
1898,1288,1
1898,1609,1
1898,932,1
1898,1391,1
1898,1488,1
1898,1800,1
1898,1757,1
1898,1879,1
1898,1126,1
1898,1173,1
1898,1598,1
1898,1663,1
1898,1809,1
1898,1006,1
1898,1377,1
1898,1078,1
1898,1125,1
1898,1610,1
1898,966,1
1898,1132,1
1898,1768,1
1898,1668,1
1898,1542,1
1898,1160,1
1898,1551,1
1898,1522,1
1898,1205,1
1898,1447,1
1898,1547,1
1898,1868,1
1898,1156,1
1898,1271,1
1898,997,1
1898,1888,1
1898,1199,1
1898,1604,1
1898,1741,1
1898,1163,1
1898,1402,1
1898,1124,1
1898,1409,1
1898,1341,1
1898,1029,1
1898,1839,1
1898,1431,1
1898,1101,1
1898,959,1
1898,1723,1
1898,1772,1
1898,1352,1
1898,1665,1
1622,1520,1
1622,980,1
1622,1689,1
1622,1849,1
1622,1753,1
1622,1714,1
1622,1669,1
1622,1888,1
1622,1539,1
1622,1851,1
1622,1405,1
1622,1230,1
1622,1643,1
1622,1391,1
1622,1717,1
1622,1367,1
1622,1685,1
1622,1902,1
1622,1813,1
1622,1620,1
1622,1659,1
1622,1768,1
1622,1675,1
1622,1554,1
1622,1255,1
1622,1409,1
1622,993,1
1622,1377,1
1622,1795,1
1622,1652,1
1622,1163,1
1622,1833,1
1622,1597,1
1622,1110,1
1622,1517,1
1622,1741,1
1622,1092,1
1622,1750,1
1622,932,1
1622,1612,1
1622,906,1
1622,1291,1
1622,1352,1
1622,1431,1
1622,1199,1
1622,1456,1
1622,1416,1
1622,1380,1
1622,1420,1
1622,1663,1
1622,1644,1
1622,1819,1
1622,1557,1
1622,1026,1
1622,1604,1
1622,967,1
1622,1290,1
1622,1523,1
1622,997,1
1622,1600,1
1622,952,1
1622,1639,1
1622,1017,1
1622,1302,1
1622,1584,1
1622,1746,1
1622,1086,1
1622,925,1
1622,1126,1
1622,1610,1
1622,1146,1
1622,1289,1
1622,1068,1
1622,1653,1
1622,1156,1
1622,1079,1
1622,1605,1
1622,1288,1
1622,1040,1
1622,1845,1
1622,1460,1
1622,1344,1
1622,1242,1
1622,1117,1
1622,1793,1
1622,1047,1
1622,1823,1
1622,1048,1
1622,1736,1
1622,1879,1
1622,1250,1
1622,1335,1
1622,1214,1
1622,1800,1
1622,947,1
1622,1339,1
1622,1722,1
1622,1267,1
1622,1712,1
1622,1153,1
1622,1330,1
1622,1761,1
1622,1891,1
1622,1184,1
1622,921,1
1622,1513,1
1622,1683,1
1622,1765,1
1622,1621,1
1622,1376,1
1622,1004,1
1622,1003,1
1622,1269,1
1622,1796,1
1622,1124,1
1622,1509,1
1622,1390,1
1622,1340,1
1622,1388,1
1622,1540,1
1622,1222,1
1622,978,1
1622,1791,1
1622,1867,1
1622,1185,1
1622,1843,1
1622,1724,1
1622,1305,1
1622,1688,1
1622,1752,1
1622,1886,1
1622,916,1
1622,1402,1
1622,1435,1
1622,1331,1
1622,1839,1
1622,1632,1
1622,1491,1
1622,1598,1
1622,1149,1
1622,960,1
1622,1603,1
1622,1827,1
1622,1563,1
1622,1730,1
1622,1799,1
1622,1336,1
1622,1399,1
1622,1128,1
1622,1618,1
1622,1447,1
1622,1107,1
1622,1835,1
1622,1076,1
1622,1272,1
1622,1209,1
1622,1861,1
1622,1608,1
1622,1370,1
1622,1312,1
1622,1571,1
1622,1662,1
1622,1842,1
1622,1522,1
1622,1589,1
1622,1516,1
1622,1613,1
1622,1877,1
1622,1457,1
1520,1509,1
1520,1377,1
1520,1683,1
1520,997,1
1520,1557,1
1520,1800,1
1520,921,1
1520,1222,1
1520,1813,1
1520,1173,1
1520,1590,1
1520,1078,1
1520,1816,1
1520,1768,1
1520,1431,1
1520,1750,1
1520,927,1
1520,1391,1
1520,1833,1
1520,1643,1
1520,1195,1
1520,1180,1
1520,1842,1
1520,1184,1
1520,1390,1
1520,1675,1
1520,1584,1
1520,1663,1
1520,1714,1
1520,1028,1
1520,1290,1
1520,1420,1
1520,1003,1
1520,1376,1
1520,1589,1
1520,1367,1
1520,1530,1
1520,1516,1
1520,1835,1
1520,1746,1
1520,1717,1
1520,1523,1
1520,906,1
1520,1827,1
1520,1211,1
1520,1612,1
1520,978,1
1520,1352,1
1520,1467,1
1520,1312,1
1520,1124,1
1520,967,1
1520,1730,1
1520,1554,1
1520,1888,1
1520,1272,1
1520,1361,1
1520,1047,1
1520,1846,1
1520,1126,1
1520,1485,1
1520,1685,1
1520,1600,1
1520,1700,1
1520,1791,1
1520,1861,1
1520,1689,1
1520,1795,1
1520,1613,1
1520,1877,1
1520,1146,1
1520,1551,1
1520,1327,1
1520,1669,1
1520,1752,1
1520,1563,1
1520,1639,1
1520,1075,1
1520,1388,1
1520,1603,1
1520,1076,1
1520,1267,1
1520,1026,1
1520,1156,1
1520,1238,1
1520,1265,1
1520,925,1
1520,1891,1
1520,1334,1
1520,1597,1
1520,1205,1
1520,1662,1
1520,1799,1
1520,980,1
1520,1819,1
1520,1164,1
1520,1765,1
1520,1540,1
1520,1256,1
1520,1761,1
1520,1255,1
1520,1659,1
1520,1793,1
1520,1621,1
1520,1330,1
1520,1411,1
1520,1610,1
1520,1283,1
1520,1185,1
1200,1202,1
1200,1574,1
1200,1268,1
1202,1064,2
1202,1326,1
1202,1858,1
1202,1077,1
1202,1253,1
1202,1268,1
1202,1071,2
1449,1836,1
1449,1488,1
1449,1126,1
1449,1123,1
1449,1153,1
1449,1757,1
1449,1860,1
1449,960,1
1449,1458,1
1449,1185,1
1449,947,1
1449,897,1
1449,1782,1
1449,1132,1
1449,1614,1
1449,1868,1
1449,1663,1
1449,1888,1
1449,1048,1
1449,1467,1
1449,1391,1
1449,1886,1
1449,1612,1
1449,1024,1
1449,1610,1
1449,1589,1
1449,1833,1
1449,1712,1
1449,1107,1
1449,1086,1
1449,1156,1
1449,1603,1
1449,1272,1
1449,1431,1
1449,1207,1
1449,1746,1
1449,980,1
1449,1125,1
1449,1809,1
1449,966,1
1449,1302,1
1449,1823,1
1449,1305,1
1449,922,1
1449,1619,1
1449,1028,1
1449,1456,1
1449,1826,1
1449,1852,1
1449,1130,1
1449,1668,1
1449,946,1
1449,1211,1
1449,1196,1
1449,1714,1
1449,1485,1
1449,1874,1
1449,1101,1
1449,1800,1
1449,1584,1
1449,1336,1
1449,1547,1
1449,1769,1
1449,1199,1
1449,1163,1
1449,1017,1
1449,1598,1
1449,1083,1
1449,1799,1
1449,1735,1
1449,1604,1
1449,1471,1
1449,1863,1
1449,1556,1
1449,1271,1
1449,1377,1
1449,1006,1
1449,1341,1
1449,1370,1
1449,1480,1
1449,925,1
1449,1367,1
1449,1538,1
1449,1736,1
1449,1398,1
1449,1839,1
1449,1352,1
1836,1485,1
1836,1683,1
1836,1735,1
1836,1488,1
1836,946,1
1836,1769,1
1836,1800,1
1836,1774,1
1836,1196,1
1836,1126,1
1836,1618,1
1836,925,1
1836,1123,1
1836,1305,1
1836,1852,1
1836,1563,1
1836,1149,1
1836,1327,1
1836,1718,1
1836,1369,1
1836,1799,1
1836,1612,1
1836,1272,1
1156,1605,1
1156,1632,1
1156,1845,1
1156,1652,1
1156,1288,1
1156,916,1
1156,1437,1
1156,952,1
1156,1124,1
1156,1447,1
1156,1388,1
1156,1483,1
1156,1238,1
1156,1603,1
1156,1653,1
1156,1006,1
1156,1816,1
1156,1391,1
1156,983,1
1156,1868,1
1156,1153,1
1156,1746,1
1156,1517,1
1156,1256,1
1156,1886,1
1156,1799,1
1156,1800,1
1156,1076,1
1156,1557,1
1156,1584,1
1156,1563,1
1156,1609,1
1156,1570,1
1156,1888,1
1156,1668,1
1156,1230,1
1156,1401,1
1156,1370,1
1156,1086,1
1156,1810,1
1156,1390,1
1156,1722,1
1156,1538,1
1156,1619,1
1156,1610,1
1156,1017,1
1156,1211,1
1156,932,1
1156,1470,1
1156,1604,1
1156,1352,1
1156,947,1
1156,1107,1
1156,1612,1
1156,1123,1
1156,1839,1
1156,1488,1
1156,1542,1
1156,1431,1
1156,1291,1
1156,1556,1
1156,1809,1
1156,1078,1
1156,1399,1
1156,1589,1
1156,1331,1
1156,1456,1
1156,1199,1
1156,1172,1
1156,1730,1
1156,1173,1
1156,1551,1
1156,1891,1
1156,1377,1
1156,1823,1
1156,960,1
1156,1669,1
1156,1833,1
1156,1736,1
1156,1375,1
1156,1126,1
1156,1685,1
1156,1271,1
1156,1026,1
1156,1826,1
1156,1068,1
1156,1665,1
1156,1132,1
1605,1610,1
1605,1663,1
1605,1341,1
1605,966,1
1605,1076,1
1605,1153,1
1605,1839,1
1605,1470,1
1605,1800,1
1605,1722,1
1605,1617,1
1605,1199,1
1605,1589,1
1605,1730,1
1605,1361,1
1605,1665,1
1605,1888,1
1605,1675,1
1605,1809,1
1605,1083,1
1605,1207,1
1605,997,1
1605,1352,1
1605,1399,1
1605,1214,1
1605,1768,1
1605,1483,1
1605,1843,1
1605,1126,1
1605,1685,1
1605,1488,1
1605,1092,1
1605,1271,1
1605,1388,1
1605,1554,1
1605,1542,1
1605,1746,1
1605,1184,1
1605,1868,1
1605,1456,1
1605,1280,1
1605,1380,1
1605,926,1
1605,1447,1
1605,1431,1
1605,1409,1
1605,1132,1
1605,916,1
1605,1826,1
1605,1402,1
1605,1205,1
1605,1714,1
1605,1367,1
1605,1604,1
1605,1902,1
1605,1256,1
1605,1288,1
1605,1107,1
1605,1172,1
1605,932,1
1605,1359,1
1605,1331,1
1605,1619,1
1605,1006,1
1605,1163,1
1605,1580,1
1605,1849,1
1605,1084,1
1605,1330,1
1605,1457,1
1605,1173,1
1605,1471,1
1605,1238,1
1605,1547,1
1605,1086,1
1605,1293,1
1605,1160,1
1605,1741,1
1605,1816,1
1605,1437,1
1605,1017,1
1605,1370,1
1605,1757,1
1149,1724,1
1149,1675,1
1149,1714,1
1149,1819,1
1149,1761,1
1149,1665,1
1149,1618,1
1149,1485,1
1149,967,1
1149,952,1
1149,993,1
1149,1750,1
1149,1752,1
1149,1272,1
1149,1613,1
1149,1683,1
1149,1126,1
1149,1643,1
1149,1663,1
1149,946,1
1149,1305,1
1149,1768,1
1149,1267,1
1149,1730,1
1149,1584,1
1149,1816,1
1149,1211,1
1149,1839,1
1149,1199,1
1149,1377,1
1149,1791,1
1149,1774,1
1149,1570,1
1149,1769,1
1149,1209,1
1149,1554,1
1149,1048,1
1149,1827,1
1149,1621,1
1149,1092,1
1149,1107,1
1149,1375,1
1149,1017,1
1149,1845,1
1149,1538,1
1149,1644,1
1149,1146,1
1149,1390,1
1149,1669,1
1149,1376,1
1149,1735,1
1149,1250,1
1149,1835,1
1149,1888,1
1149,1086,1
1149,1603,1
1149,1352,1
1149,1367,1
1149,1563,1
1149,916,1
1149,925,1
1149,1222,1
1149,1810,1
1149,1420,1
1149,1028,1
1149,1467,1
1149,1612,1
1149,1551,1
1149,1617,1
1149,1004,1
1149,1689,1
1149,1653,1
1149,1833,1
1149,1659,1
1149,1800,1
1149,1516,1
1149,1799,1
1149,1196,1
1149,1796,1
1149,1124,1
1149,1185,1
1149,1026,1
1149,1184,1
1149,1078,1
1149,1219,1
1149,1361,1
1149,1879,1
1149,1589,1
1149,1632,1
1149,1181,1
1149,1746,1
1149,1327,1
1149,1128,1
1149,1076,1
1173,1180,1
1173,897,1
1173,1201,1
1173,1153,1
1173,1431,1
1173,1717,1
1173,998,1
1173,1800,1
1173,1768,1
1173,1639,1
1173,1669,1
1173,1074,1
1173,1637,1
1173,1214,1
1173,1117,1
1173,1238,1
1173,1084,1
1173,1172,1
1173,1409,1
1173,1902,1
1173,1191,1
1173,1604,1
1173,1557,1
1173,1730,1
1173,1029,1
1173,1335,1
1173,1553,1
1173,1219,1
1173,1608,1
1173,1772,1
1173,1124,1
1173,484,1
1173,1791,1
1173,1698,1
1173,1517,1
1173,1609,1
1173,1580,1
1173,1056,1
1173,1243,1
1173,1487,1
1173,913,1
1173,1146,1
1173,1377,1
1173,1879,1
1173,1610,1
1173,1391,1
1173,995,1
1173,1447,1
1173,1577,1
1173,1140,1
1173,1688,1
1173,1534,1
1173,1590,1
1173,1722,1
1173,1271,1
1173,1551,1
1173,1222,1
1173,1811,1
1173,1171,1
1173,1389,1
1173,1359,1
1173,1868,1
1173,1135,1
1173,1519,1
1173,1613,1
1173,1199,1
1173,997,1
1173,1126,1
1173,1390,1
1173,1280,1
1173,1460,1
1173,1867,1
1173,1331,1
1173,1665,1
1173,1483,1
1173,1554,1
1173,1813,1
1173,1078,1
1173,1861,1
1173,1620,1
1173,1675,1
1173,1388,1
1173,1509,1
1173,932,1
1173,1330,1
1173,1256,1
1173,1842,1
1173,1663,1
1173,1674,1
1173,1826,1
1173,1584,1
1173,1741,1
1173,1539,1
1173,1888,1
1173,1535,1
1173,1522,1
1173,1793,1
1173,1570,1
1173,1160,1
1173,1470,1
1173,1205,1
1173,1527,1
1173,1900,1
1173,1047,1
1180,1471,1
1180,1879,1
1180,1813,1
1180,1001,1
1180,1600,1
1180,1238,1
1180,995,1
1180,1205,1
1180,1665,1
1180,1741,1
1180,1214,1
1180,1352,1
1180,1483,1
1180,1551,1
1180,1554,1
1180,1598,1
1180,997,1
1180,1888,1
1180,1124,1
1180,1388,1
1180,1730,1
1180,1447,1
1180,1160,1
1180,1663,1
1180,1470,1
1180,1868,1
1180,1330,1
1180,1331,1
1180,1826,1
1180,1835,1
1180,925,1
1180,1793,1
1180,1280,1
1180,1086,1
1180,1685,1
1180,1222,1
1180,1083,1
1180,1377,1
1549,1412,1
1549,1113,1
1549,1228,1
1549,1427,1
1549,1035,1
1549,924,1
1549,1740,1
1549,1010,1
1549,1446,1
1549,1425,1
1549,428,1
1549,1703,1
1549,1844,1
1549,1801,1
1549,475,1
1549,1763,1
1549,1624,1
1549,1294,1
1549,641,1
1549,962,1
1549,1778,1
1549,1671,1
1549,366,1
1549,1565,1
1549,948,1
1549,1695,1
1549,1766,1
1549,1574,1
1549,171,2
1549,1070,1
1549,1773,1
1549,1625,1
1549,915,1
1549,1387,1
1549,1311,1
1549,1318,1
1549,1013,1
1549,1297,1
1549,1210,1
1549,1037,1
1549,1525,1
1549,1142,1
1549,1408,1
1549,1332,1
1549,1109,1
1549,930,1
1549,1170,1
1549,1338,1
1412,1010,1
1412,596,1
1412,1035,1
1412,1830,1
1412,1228,1
1412,941,1
1412,1502,1
1412,1686,1
1412,1273,1
1412,924,1
1412,1500,1
1412,1429,1
1412,1159,1
1412,1745,1
1412,1070,1
1412,1170,1
1412,1037,1
1412,917,1
1412,1781,1
1412,1633,1
1638,942,1
1638,941,1
1638,1373,1
1638,1786,1
1638,1871,1
1638,1018,1
1638,1032,1
1638,1104,1
1638,1066,1
1638,1716,1
1638,1231,1
1638,1824,1
1638,1014,1
1638,1406,1
1638,1345,1
1638,1515,1
1638,1281,1
1638,1893,1
1638,1166,1
1638,1261,1
1638,1578,1
1638,1192,1
1638,896,1
1638,1783,1
1638,1099,1
1638,1396,1
1638,1508,1
1638,483,1
1638,1583,1
1638,1661,1
1638,1742,1
1638,1282,1
1638,1820,1
942,1215,1
942,1786,1
942,1742,1
942,1824,1
942,1032,1
942,1099,1
942,1014,1
942,1495,1
942,917,1
942,1166,1
942,1661,1
942,1899,1
942,1812,1
942,1706,1
942,1582,1
942,971,1
942,1508,1
942,1820,1
942,1066,1
942,1347,1
942,954,1
942,1783,1
942,1324,1
942,1732,1
942,1316,1
942,1148,1
942,1907,1
942,1848,1
942,1502,1
942,1204,1
942,1396,1
942,1451,1
942,1303,1
942,919,1
942,1828,1
942,941,1
942,1404,1
942,1309,1
942,1284,1
942,1245,1
942,933,1
942,984,1
942,1261,1
942,898,1
942,1108,1
942,1595,1
942,1729,1
942,969,1
942,1515,1
942,1020,1
942,1454,1
942,1893,1
942,1406,1
942,483,1
942,1018,1
942,1102,1
942,1373,1
942,1871,1
942,1894,1
942,1751,1
942,1282,1
942,1503,1
942,1081,1
1448,1786,1
1448,1322,1
1448,1347,1
1448,1636,1
1448,988,1
1448,1019,1
1448,1873,1
1448,1104,1
1448,1459,1
1448,1120,1
1448,1404,1
1448,1067,1
1448,1070,1
1448,1893,1
1448,1479,1
1448,1044,1
1448,637,1
1448,1628,1
1448,896,1
1448,1423,1
1448,994,1
1448,1036,1
1448,1475,1
1448,1345,1
1448,902,1
1448,1857,1
1448,641,1
1448,1298,1
1448,1472,1
1448,1277,1
1448,1591,1
1448,1611,1
1448,1231,1
1448,1021,1
1448,1192,1
1448,1462,1
1448,1691,1
1448,975,1
1448,1158,1
1448,1655,1
1448,1596,1
1448,1279,1
1448,1790,1
1448,1426,1
1448,981,1
1448,1573,1
1448,1190,1
1448,1235,1
1448,1227,1
1448,1576,1
1448,1379,1
1786,1298,1
1786,1582,1
1786,1587,1
1786,1279,1
1786,1495,1
1786,1227,1
1786,971,1
1786,975,1
1786,1742,1
1786,1426,1
1786,954,1
1786,1812,1
1786,1871,1
1786,1020,1
1786,1479,1
1786,1282,1
1786,1573,1
1786,1032,1
1786,919,1
1786,1018,1
1786,981,1
1786,1235,1
1786,1316,1
1786,1595,1
1786,1907,1
1786,984,1
1786,1459,1
1786,1848,1
1786,1231,1
1786,1192,1
1786,1099,1
1786,1382,1
1786,1245,1
1786,1820,1
1786,1850,1
1786,1596,1
1786,1857,1
1786,1636,1
1786,1281,1
1786,1583,1
1786,1066,1
1786,1454,1
1786,1706,1
1786,1014,1
1786,1102,1
1786,1872,1
1786,1081,1
1786,898,1
1786,1429,1
1786,1170,1
1786,1508,1
1786,1661,1
1786,1893,1
1786,1732,1
1786,1451,1
1786,1273,1
1786,1873,1
1786,1783,1
1786,1215,1
1786,1396,1
1786,1108,1
1786,1204,1
1786,941,1
1786,969,1
1786,1591,1
1786,1104,1
1786,1824,1
1786,1473,1
1786,1406,1
1786,917,1
1786,1347,1
1786,1373,1
1786,1303,1
1786,1379,1
1786,1894,1
1786,1502,1
1786,1515,1
1786,896,1
1786,1324,1
1786,1475,1
1786,1649,1
1786,1009,1
1786,1828,1
1786,1166,1
1786,1190,1
1786,1729,1
1786,1751,1
1786,483,1
1786,1704,1
1786,1261,1
1786,1309,1
1786,1277,1
1786,1021,1
1768,1092,1
1768,1610,1
1768,1389,1
1768,1637,1
1768,1589,1
1768,1668,1
1768,1222,1
1768,1519,1
1768,1359,1
1768,980,1
1768,1714,1
1768,1407,1
1768,1146,1
1768,1312,1
1768,1280,1
1768,1765,1
1768,1271,1
1768,1198,1
1768,1863,1
1768,1483,1
1768,1553,1
1768,995,1
1768,1339,1
1768,1006,1
1768,1811,1
1768,1735,1
1768,1211,1
1768,1265,1
1768,1447,1
1768,1191,1
1768,1823,1
1768,1376,1
1768,1431,1
1768,1026,1
1768,1250,1
1768,916,1
1768,1352,1
1768,1063,1
1768,1456,1
1768,1795,1
1768,1609,1
1768,1117,1
1768,1632,1
1768,1902,1
1768,1723,1
1768,1571,1
1768,1393,1
1768,1809,1
1768,1651,1
1768,1199,1
1768,946,1
1768,1126,1
1768,1584,1
1768,1757,1
1768,1864,1
1768,1458,1
1768,1420,1
1768,1269,1
1768,1293,1
1768,921,1
1768,1535,1
1768,1688,1
1768,1289,1
1768,1238,1
1768,1734,1
1768,1219,1
1768,1746,1
1768,1124,1
1768,1078,1
1768,1539,1
1768,897,1
1768,1480,1
1768,1791,1
1768,1172,1
1768,1207,1
1768,1230,1
1768,993,1
1768,1570,1
1768,1509,1
1768,1416,1
1768,1528,1
1768,1185,1
1768,1107,1
1768,1891,1
1768,1888,1
1768,1604,1
1768,1522,1
1768,1639,1
1768,1669,1
1768,1842,1
1768,1068,1
1768,1717,1
1768,1900,1
1768,906,1
1768,1388,1
1768,1291,1
1768,1305,1
1768,1551,1
1768,1390,1
1768,1471,1
1768,1643,1
1768,1580,1
1768,1614,1
1768,1685,1
1768,1160,1
1768,1753,1
1768,1554,1
1768,1409,1
1768,947,1
1768,1256,1
1768,1040,1
1768,1800,1
1768,1047,1
1768,1391,1
1768,1623,1
1768,1523,1
1768,1201,1
1768,1612,1
1768,1334,1
1768,1849,1
1768,1029,1
1768,1079,1
1768,1135,1
1768,1813,1
1768,1736,1
1768,925,1
1768,1460,1
1768,1683,1
1768,1054,1
1768,1608,1
1768,1835,1
1768,1255,1
1768,1302,1
1768,1128,1
1768,1182,1
1768,1243,1
1768,1086,1
1768,1827,1
1768,1056,1
1768,1730,1
1768,1074,1
1768,1722,1
1768,1557,1
1768,1675,1
1768,1467,1
1768,978,1
1768,1084,1
1768,1663,1
1768,927,1
1768,1772,1
1768,1868,1
1768,1662,1
1768,1879,1
1768,1600,1
1768,1613,1
1768,1761,1
1768,1530,1
1768,1377,1
1768,967,1
1768,1361,1
1768,934,1
1768,1267,1
1768,1563,1
1768,1909,1
1768,1028,1
1768,1076,1
1768,1470,1
1768,1860,1
1768,1861,1
1768,1799,1
1768,1833,1
1768,1101,1
1768,1620,1
1768,1330,1
1768,1195,1
1768,1774,1
1768,526,1
1768,1399,1
1768,1845,1
1768,1488,1
1768,1516,1
1768,1214,1
1768,1153,1
1768,1590,1
1768,1621,1
1768,1603,1
1768,1205,1
1768,1290,1
1768,1075,1
1768,1331,1
1768,1793,1
1768,1048,1
1768,997,1
1768,1402,1
1092,1214,1
1092,1004,1
1092,1714,1
1092,1603,1
1092,1289,1
1092,1017,1
1092,1078,1
1092,1124,1
1092,1551,1
1092,1846,1
1092,1754,1
1092,1390,1
1092,1864,1
1092,1447,1
1092,1437,1
1092,1753,1
1092,1609,1
1092,1886,1
1092,1795,1
1092,1126,1
1092,1617,1
1092,916,1
1092,1076,1
1092,1398,1
1092,1367,1
1092,1860,1
1092,1054,1
1092,1589,1
1092,1230,1
1092,1669,1
1092,999,1
1092,1827,1
1092,1291,1
1092,946,1
1092,1361,1
1092,1761,1
1092,925,1
1092,1741,1
1092,1909,1
1092,967,1
1092,1250,1
1092,1485,1
1092,1028,1
1092,1199,1
927,1791,1
927,1554,1
927,1290,1
927,1621,1
927,1369,1
927,1724,1
927,1584,1
927,993,1
927,1570,1
927,1782,1
927,1420,1
927,1609,1
927,1214,1
927,1750,1
927,1551,1
927,1048,1
927,1026,1
927,1589,1
927,1663,1
927,1819,1
927,1530,1
927,1376,1
927,1153,1
927,1846,1
927,1827,1
927,967,1
927,1182,1
927,1195,1
927,1255,1
927,1603,1
927,1352,1
927,1639,1
927,1405,1
927,1765,1
927,1467,1
927,1612,1
927,1269,1
927,980,1
927,1799,1
927,1124,1
927,897,1
927,1563,1
927,921,1
927,1669,1
927,1736,1
927,1146,1
927,1460,1
927,1377,1
927,1811,1
927,1265,1
927,1831,1
927,1675,1
927,1513,1
927,1888,1
927,1334,1
927,925,1
927,1590,1
927,1312,1
927,1611,2
927,1185,1
927,947,1
927,1243,1
927,1730,1
927,1528,1
927,946,1
927,1835,1
927,1367,1
927,1613,1
927,1608,1
927,1851,1
1791,1793,1
1791,1757,1
1791,1191,1
1791,1620,1
1791,1470,1
1791,1048,1
1791,1391,1
1791,1823,1
1791,1584,1
1791,1683,1
1791,1669,1
1791,1849,1
1791,1199,1
1791,1276,1
1791,1416,1
1791,1467,1
1791,1243,1
1791,1612,1
1791,1289,1
1791,1352,1
1791,1721,1
1791,1117,1
1791,1280,1
1791,1902,1
1791,1163,1
1791,1826,1
1791,1075,1
1791,1267,1
1791,1580,1
1791,1214,1
1791,1302,1
1791,1006,1
1791,1078,1
1791,1668,1
1791,1639,1
1791,1238,1
1791,1765,1
1791,1554,1
1791,1730,1
1791,1522,1
1791,1868,1
1791,1359,1
1791,1146,1
1791,1209,1
1791,1712,1
1791,1813,1
1791,1101,1
1791,997,1
1791,1291,1
1791,1516,1
1791,1107,1
1791,1888,1
1791,1600,1
1791,1609,1
1791,1553,1
1791,1551,1
1791,1330,1
1791,1079,1
1791,1665,1
1791,1750,1
1791,1603,1
1791,946,1
1791,1056,1
1791,1491,1
1791,1390,1
1791,952,1
1791,1185,1
1791,1290,1
1791,1839,1
1791,1800,1
1791,1205,1
1791,1851,1
1791,1842,1
1791,1835,1
1791,1539,1
1791,993,1
1791,1377,1
1791,1736,1
1791,967,1
1791,1861,1
1791,1110,1
1791,1402,1
1791,1663,1
1791,1637,1
1791,1714,1
1791,1255,1
1791,1613,1
1791,1597,1
1791,934,1
1791,1376,1
1791,1772,1
1791,1399,1
1791,1509,1
1791,916,1
1791,1409,1
1791,1528,1
1791,978,1
1791,1827,1
1791,1367,1
1791,1431,1
1791,1643,1
1791,1361,1
1791,1256,1
1791,1172,1
1791,1513,1
1791,1833,1
1791,1621,1
1791,983,1
1791,1761,1
1791,1604,1
1791,526,1
1791,897,1
1791,1617,1
1791,1723,1
1791,1688,1
1791,1864,1
1791,1557,1
1287,1516,1
1287,1712,1
1287,1816,1
1287,1101,1
1287,1375,1
1287,1833,1
1287,1864,1
1287,1024,1
1287,1250,1
1287,1547,1
1287,1004,1
1287,1554,1
1287,1598,1
1287,1823,1
1287,1621,1
1287,1078,1
1287,1184,1
1287,1730,1
1287,960,1
1287,1714,1
1287,1800,1
1287,1456,1
1287,1867,1
1287,1886,1
1287,1623,1
1287,1610,1
1287,1663,1
1287,947,1
1287,1238,1
1287,1211,1
1287,1153,1
1287,1888,1
1287,1827,1
1287,1293,1
1287,946,1
1287,1799,1
1287,1028,1
1287,1795,1
1287,993,1
1287,1048,1
1287,1390,1
1287,1826,1
1287,1746,1
1287,1367,1
1287,1845,1
1287,1370,1
1287,916,1
1287,1584,1
1287,1757,1
1287,1612,1
1287,1017,1
1287,1199,1
1287,1471,1
1287,1589,1
1287,1557,1
1287,1617,1
1287,1267,1
1287,1331,1
1287,1735,1
1287,1006,1
1287,1399,1
1287,1352,1
1516,1621,1
1516,925,1
1516,1107,1
1516,1714,1
1516,1003,1
1516,1336,1
1516,1600,1
1516,980,1
1516,1793,1
1516,1617,1
1516,1799,1
1516,999,1
1516,1272,1
1516,966,1
1516,1211,1
1516,1761,1
1516,1570,1
1516,1135,1
1516,1782,1
1516,1879,1
1516,1522,1
1516,1717,1
1516,1584,1
1516,1293,1
1516,1335,1
1516,1867,1
1516,1712,1
1516,1185,1
1516,1370,1
1516,1399,1
1516,1610,1
1516,1331,1
1516,1390,1
1516,1028,1
1516,1491,1
1516,1361,1
1516,1816,1
1516,1467,1
1516,1608,1
1516,1132,1
1516,1488,1
1516,1302,1
1516,1391,1
1516,1078,1
1516,1603,1
1516,1230,1
1516,1530,1
1516,1128,1
1516,1557,1
1516,1024,1
1516,1291,1
1516,1597,1
1516,1207,1
1516,1086,1
1516,952,1
1516,1017,1
1516,1420,1
1516,1380,1
1516,1367,1
1516,1613,1
1516,1471,1
1516,921,1
1516,1198,1
1516,1752,1
1516,1352,1
1516,1662,1
1516,1868,1
1516,1255,1
1516,1612,1
1516,1810,1
1516,1614,1
1516,1431,1
1516,1750,1
1516,1305,1
1516,1668,1
1516,1163,1
1516,1827,1
1516,1125,1
1516,1191,1
1516,1267,1
1516,1551,1
1516,1117,1
1516,1199,1
1516,1623,1
1516,1079,1
1516,1839,1
1516,1689,1
1516,1589,1
1516,1376,1
1516,1004,1
1516,1242,1
1516,946,1
1516,978,1
1516,1826,1
1516,1741,1
1516,1539,1
1516,1351,1
1516,1547,1
1516,1665,1
1516,1401,1
1516,947,1
1516,1653,1
1516,1849,1
1516,1757,1
1516,982,1
1516,1126,1
1516,1334,1
1516,1184,1
1516,1663,1
1516,1669,1
1516,1730,1
1516,1675,1
1516,1341,1
1516,1554,1
1516,1736,1
1516,1823,1
1516,1509,1
1516,1721,1
1516,1377,1
1516,1006,1
1516,1819,1
1516,1800,1
1516,916,1
1516,1256,1
1516,1835,1
1516,1619,1
1516,934,1
1516,967,1
1516,1746,1
1516,1416,1
1516,1456,1
1516,1604,1
1516,1735,1
1516,1813,1
1516,1269,1
1516,1181,1
1516,1340,1
1516,1076,1
1516,1598,1
1516,1737,1
1516,1833,1
1516,1101,1
1516,1643,1
1516,1888,1
1516,993,1
1516,1153,1
1044,1235,1
1044,1227,1
1044,1277,1
1044,1857,1
1044,1392,1
1044,1019,1
1044,1322,1
1044,1596,1
1044,981,1
1044,1298,1
1044,896,1
1044,1583,1
1044,1459,1
1044,1158,1
1044,1279,1
1044,1715,1
1044,1221,1
1044,1104,1
1044,1009,1
1044,1636,1
1044,1680,1
1044,1015,1
1044,1315,1
1044,1100,1
1044,1884,1
1044,989,1
1235,1414,1
1235,1432,1
1235,1190,1
1235,1715,1
1235,1192,1
1235,1231,1
1235,1764,1
1235,1716,1
1235,1404,1
1235,941,1
1235,1871,1
1235,896,1
1235,1129,1
1235,1661,1
1235,1032,1
1235,988,1
1235,1647,1
1235,1573,1
1235,1893,1
1235,1277,1
1235,902,1
1235,1227,1
1235,1783,1
1235,1014,1
1235,1859,1
1235,1691,1
1235,1082,1
1235,596,1
1235,1158,1
1235,1423,1
1235,1284,1
1235,1100,1
1235,1115,1
1235,1067,1
1235,1862,1
1235,1257,1
1235,1841,1
1235,1392,1
1235,975,1
1235,1824,1
1235,1108,1
1235,1873,1
1235,1315,1
1235,1381,1
1235,1438,1
1235,1298,1
1235,1899,1
1235,1015,1
1235,1884,1
1235,1009,1
1235,1591,1
1235,1628,1
1235,1596,1
1235,1104,1
1235,1857,1
1235,1086,2
1235,1636,1
1235,1019,1
1235,1036,1
1235,1292,1
1235,1345,1
1235,981,1
1235,1273,1
1235,917,1
1235,1350,1
1235,1322,1
1235,1655,1
1235,1462,1
1235,1120,1
1235,1872,1
1235,989,1
1235,1635,1
1235,1479,1
1235,1583,1
1235,957,1
1235,1413,1
1235,1426,1
1235,1379,1
1235,1204,1
1235,1436,1
1235,994,1
1235,1576,1
1235,1742,1
1235,1578,1
1235,954,1
1235,1221,1
1235,1502,1
1235,962,1
1235,1475,1
1235,1148,1
1235,1830,1
1235,641,1
1235,1903,1
1235,1347,1
1235,1021,1
1235,1611,1
1235,1459,1
1235,1587,1
1235,1682,1
1235,1373,1
1235,1060,1
1235,1680,1
1235,1550,1
1100,1279,1
1100,1129,1
1100,1060,1
1100,981,1
1100,1015,1
1100,1019,1
1100,1221,1
1100,1899,1
1100,1479,1
1100,1257,1
1100,1231,1
1100,1647,1
1100,1591,1
1100,1550,1
1100,896,1
1100,1227,1
1100,1413,1
1100,902,1
1100,1315,1
1100,1158,1
1100,1592,1
1100,1857,1
1100,1423,1
1100,1635,1
1100,1277,1
1100,1728,1
1100,1192,1
1100,1862,1
1100,1432,1
1100,1021,1
1100,1655,1
1100,1459,1
1100,1583,1
1100,1636,1
1100,1841,1
1100,1067,1
1100,1628,1
1100,1009,1
1100,1859,1
1100,1873,1
1100,1576,1
1100,1573,1
1100,1204,1
1100,1322,1
1100,1783,1
1100,1036,1
1100,1475,1
1100,1014,1
1100,1229,1
1100,1812,1
1100,1596,1
1100,1104,1
1100,1715,1
1100,1462,1
1100,1292,1
1100,1350,1
1100,1345,1
1100,1884,1
1100,988,1
1100,1578,1
1100,1680,1
1279,1129,1
1279,1628,1
1279,1204,1
1279,1715,1
1279,1345,1
1279,1104,1
1279,1636,1
1279,1691,1
1279,1587,1
1279,902,1
1279,1728,1
1279,1298,1
1279,1067,1
1279,1379,1
1279,1322,1
1279,1475,1
1279,1148,1
1279,1229,1
1279,1462,1
1279,1347,1
1279,1596,1
1279,1292,1
1279,1857,1
1279,1576,1
1279,1899,1
1279,981,1
1279,1583,1
1279,988,1
1279,1227,1
1279,1459,1
1279,1082,1
1279,1611,1
1279,975,1
1279,1716,1
1279,1432,1
1279,1019,1
1279,1479,1
1279,1221,1
1279,1404,1
1366,1472,1
1366,1042,1
1366,1876,1
1366,1525,1
1366,1225,1
1366,1435,1
1366,1473,1
1366,1634,1
1366,1355,1
1366,924,1
1366,1306,1
1366,1183,1
1366,1569,1
1366,1308,1
1366,1258,1
1366,1310,1
1366,1783,1
1366,1236,1
1366,1338,1
1366,1260,1
1366,1070,1
1366,1492,1
1366,917,1
1366,1299,1
1366,1275,1
1366,1166,1
1366,1159,1
1366,1051,1
1366,1767,2
1366,1496,1
1366,1807,1
1366,1131,1
1366,1311,1
1366,913,1
1366,1482,1
1366,1709,1
1366,1246,1
1366,1536,1
1366,1141,1
1366,1189,1
1366,1504,1
1366,1738,1
1366,974,2
1366,1481,1
1366,1633,1
1366,1630,1
1366,1699,1
1366,1373,1
1366,1304,1
1366,1667,1
1366,1010,1
1366,1093,1
1366,1444,1
1366,1591,1
1366,1127,1
1366,1188,1
1366,944,1
1366,1584,2
1366,1725,1
1366,1703,1
1366,1427,1
1366,994,1
1366,1217,1
1366,1052,1
1366,1152,1
1472,1783,1
1472,1541,1
1472,1507,1
1472,1296,1
1472,1650,1
1472,1167,1
1472,1876,1
1472,1847,1
1472,1415,1
1472,1681,1
1472,1188,1
1472,1869,1
1472,1529,1
1472,1183,1
1472,1091,2
1472,1633,1
1472,1109,1
1472,1308,1
1472,1306,1
1472,1226,1
1472,1035,1
1472,1225,1
1472,1418,1
1472,1906,1
1472,1011,1
1472,1159,1
1472,1259,1
1472,924,1
1472,1166,1
1472,1121,1
1472,1275,1
1472,1500,1
1472,917,1
1472,1436,1
1472,1725,1
1472,1299,1
1472,1311,1
1472,1139,1
1472,1244,1
1472,1444,1
1472,1189,1
1472,1686,1
1472,1504,1
1472,389,1
1472,1634,1
1472,1428,1
1472,1168,1
1472,1672,1
1472,1221,1
1472,1709,1
1472,1781,1
1472,1131,1
1472,1469,1
1472,1127,1
1472,1496,1
1472,1041,1
1472,1310,1
1472,1051,1
1472,1569,1
1472,1807,1
1472,1070,1
1472,1667,1
1472,1738,1
1472,1338,1
1472,1260,1
1472,1815,1
1472,1536,1
1472,1482,1
1472,1052,1
1472,949,1
1472,940,1
1472,1010,1
1472,1699,1
1472,944,1
1472,1904,1
1472,1072,1
1472,1630,1
1472,1770,1
1472,1525,1
1472,1037,1
1472,1348,1
1472,1575,1
1472,1236,1
1472,1624,1
1472,1727,1
1472,1703,1
1472,1355,1
1374,483,1
1374,1574,1
1374,1237,1
1374,376,1
1374,1001,1
1374,1512,1
1374,1400,1
1374,428,1
1374,1320,1
1374,1487,1
1374,1790,1
1374,538,1
1374,475,1
1374,580,1
1374,1767,1
1374,1673,1
1374,1313,1
1374,353,1
1374,1844,1
1374,1645,1
1374,363,1
1374,1616,1
1374,651,1
1374,976,1
1374,1694,1
1374,517,1
1374,1300,1
1374,1358,1
1374,1692,1
1374,1179,1
1374,930,1
1374,606,1
1374,641,1
1374,1122,1
1374,366,1
1374,1349,1
1374,1599,1
1374,1142,1
1374,637,1
1374,936,1
1374,484,1
483,641,1
483,930,1
483,538,1
483,1237,1
483,1155,1
483,1179,1
483,484,2
483,1142,1
483,1595,1
483,1261,1
483,1850,1
483,1875,1
483,1492,1
483,1801,1
483,1766,1
483,596,1
483,1392,1
483,984,1
483,1490,1
483,1373,1
483,1844,1
483,1281,1
483,1408,1
483,1148,1
483,1828,1
483,1742,1
483,1086,2
483,1893,1
483,1870,1
483,1282,1
483,1515,1
483,1018,1
483,563,1
483,1794,1
483,1192,1
483,1210,1
483,420,1
483,366,1
483,954,1
483,1425,1
483,1473,1
483,1358,1
483,1099,1
483,1204,1
483,1543,1
483,1744,1
483,1645,1
483,1881,1
483,1475,1
483,1303,1
483,1720,1
483,1102,1
483,651,1
483,936,1
483,1080,1
483,1848,1
483,1332,1
483,1899,1
483,948,1
483,1487,1
483,637,1
483,1616,1
483,517,1
483,1012,1
483,1695,1
483,1400,1
483,1166,1
483,1694,1
483,1382,1
483,1894,1
483,1682,1
483,1514,1
483,1495,1
483,1692,1
483,1536,1
483,1032,1
483,896,1
483,1277,1
483,1508,1
483,1631,1
483,1661,1
483,1706,1
483,1606,1
483,580,1
483,1545,1
483,933,1
483,1349,1
483,1313,1
483,1820,1
483,376,1
483,1790,1
483,1014,1
483,1158,1
483,1812,1
483,1122,1
483,1654,1
483,1455,1
483,1783,1
483,917,1
483,1114,1
483,1025,1
483,1357,1
483,1732,1
483,1309,1
483,1680,1
483,1429,1
483,1406,1
483,1095,1
483,1660,1
483,1878,1
483,1824,1
483,1871,1
483,526,1
483,1767,1
483,1320,1
483,1324,1
483,1773,1
483,1294,1
483,1677,1
483,1882,1
483,1245,1
483,1273,1
483,475,1
483,1679,1
483,566,1
483,962,1
483,1284,1
483,919,1
483,1512,1
483,1464,1
483,1104,1
483,1318,1
483,1446,1
483,1740,1
483,1001,1
483,1625,1
483,1751,1
483,976,1
483,348,1
483,1582,1
483,1611,1
483,1565,1
483,363,1
483,1113,1
483,1396,1
483,1763,1
483,1108,1
483,1574,1
483,1020,1
483,1397,1
483,1673,1
483,414,1
483,606,1
483,1300,1
483,1427,1
483,353,1
483,1066,1
483,601,1
483,1778,1
483,1729,1
483,1454,1
483,1907,1
1610,1643,1
1610,1813,1
1610,1086,1
1610,1285,1
1610,1339,1
1610,1868,1
1610,1269,1
1610,1207,1
1610,1639,1
1610,934,1
1610,1367,1
1610,1827,1
1610,1146,1
1610,1746,1
1610,1480,1
1610,1842,1
1610,1547,1
1610,1685,1
1610,1542,1
1610,1874,1
1610,1488,1
1610,978,1
1610,1833,1
1610,1849,1
1610,1669,1
1610,1305,1
1610,1117,1
1610,1902,1
1610,925,1
1610,1341,1
1610,1782,1
1610,1811,1
1610,1754,1
1610,1888,1
1610,1201,1
1610,1712,1
1610,1471,1
1610,1376,1
1610,1340,1
1610,1816,1
1610,1456,1
1610,1351,1
1610,1370,1
1610,1603,1
1610,1556,1
1610,1377,1
1610,1551,1
1610,1530,1
1610,1457,1
1610,1668,1
1610,1390,1
1610,1796,1
1610,1563,1
1610,1255,1
1610,1380,1
1610,1028,1
1610,1772,1
1610,1205,1
1610,1402,1
1610,1757,1
1610,1125,1
1610,1185,1
1610,1753,1
1610,1256,1
1610,916,1
1610,1431,1
1610,1609,1
1610,1302,1
1610,1484,1
1610,1752,1
1610,947,1
1610,1336,1
1610,1222,1
1610,1809,1
1610,1517,1
1610,1132,1
1610,1600,1
1610,1079,1
1610,1799,1
1610,1761,1
1610,946,1
1610,1184,1
1610,1130,1
1610,1723,1
1610,1447,1
1610,960,1
1610,1331,1
1610,1653,1
1610,1597,1
1610,1619,1
1610,1621,1
1610,1211,1
1610,1191,1
1610,1800,1
1610,982,1
1610,1509,1
1610,980,1
1610,966,1
1610,1839,1
1610,1608,1
1610,1272,1
1610,1662,1
1610,1153,1
1610,1352,1
1610,1219,1
1610,1330,1
1610,1124,1
1610,1623,1
1610,1047,1
1610,1598,1
1610,1721,1
1610,1126,1
1610,1613,1
1610,1199,1
1610,1675,1
1610,1160,1
1610,1652,1
1610,1181,1
1610,1736,1
1610,1128,1
1610,1665,1
1610,1879,1
1610,1399,1
1610,1083,1
1610,1288,1
1610,1238,1
1610,997,1
1610,1123,1
1610,1439,1
1610,1826,1
1610,1076,1
1610,1416,1
1610,1589,1
1610,1024,1
1610,1886,1
1610,1663,1
1610,1271,1
1610,1243,1
1610,1344,1
1610,1793,1
1610,1335,1
1610,1172,1
1610,1891,1
1610,1361,1
1610,1604,1
1610,1101,1
1610,1554,1
1610,1832,1
1610,1717,1
1610,1006,1
1610,1163,1
1610,1580,1
1610,1730,1
1610,1107,1
1610,1389,1
1610,1198,1
1610,1612,1
1610,1004,1
1610,1250,1
1610,1017,1
1021,1322,1
1021,1229,1
1021,1334,1
1021,1067,1
1021,1459,1
1021,1192,1
1021,1893,1
1021,1129,1
1021,1635,1
1021,1298,1
1021,1691,1
1021,1495,1
1021,1413,1
1021,1715,1
1021,1636,1
1021,1009,1
1021,1462,1
1021,1583,1
1021,1281,1
1021,994,1
1021,1578,1
1021,1899,1
1021,1573,1
1021,1596,1
1021,1115,1
1021,1729,1
1021,1479,1
1021,1903,1
1021,1862,1
1021,1720,1
1021,1060,1
1021,1475,1
1021,1227,1
1021,1859,1
1021,1857,1
1021,1277,1
1021,1019,1
1021,1007,1
1021,1204,1
1021,1036,1
1021,1120,1
1021,1426,1
1021,1221,1
1021,1231,1
1021,1423,1
1021,1628,1
1021,1303,1
1021,896,1
1021,1345,1
1021,1587,1
1021,1432,1
1021,1661,1
1021,1104,1
1021,1015,1
1021,1257,1
1021,1350,1
1322,596,1
1322,957,1
1322,902,1
1322,1636,1
1322,1148,1
1322,1583,1
1322,1316,1
1322,1292,1
1322,1009,1
1322,1611,1
1322,1192,1
1322,1884,1
1322,1392,1
1322,1082,1
1322,1691,1
1322,1479,1
1322,1060,1
1322,896,1
1322,1475,1
1322,1426,1
1322,1286,1
1322,1462,1
1322,1459,1
1322,1315,1
1322,1423,1
1322,1284,1
1322,1221,1
1322,1682,1
1322,1379,1
1322,1246,1
1322,1550,1
1322,1899,1
1322,1742,1
1322,1190,1
1322,1019,1
1322,1309,1
1322,1859,1
1322,1596,1
1322,1257,1
1322,1591,1
1322,1573,1
1322,988,1
1322,1635,1
1322,1576,1
1322,1347,1
1322,1414,1
1322,1381,1
1322,1345,1
1322,1873,1
1322,1862,1
1322,981,1
1322,1841,1
1322,1015,1
1322,989,1
1322,1680,1
1322,975,1
1322,1158,1
1322,1104,1
1322,1277,1
1322,1231,1
1322,1129,1
1322,1716,1
1322,1067,1
1322,1857,1
1322,1014,1
1322,1628,1
1322,1298,1
1322,1569,1
1322,1502,1
1322,1404,1
1322,1872,1
1322,1115,1
1322,1903,1
1322,1715,1
1322,1036,1
1322,1438,1
1322,1592,1
1322,1720,1
1322,1587,1
1322,1413,1
1322,1432,1
1322,1204,1
1322,1227,1
923,1505,1
923,1178,1
923,961,1
923,1193,1
923,1317,1
923,1758,1
923,1369,1
1505,996,1
1505,1317,1
1505,1369,1
1505,1450,1
1505,973,1
1505,990,1
1505,1283,1
1505,1561,1
1505,1552,1
1505,1477,1
1505,1684,1
1505,1666,1
1505,929,1
1505,1534,1
1505,991,1
1505,1165,1
1505,1193,1
1505,1384,1
1505,1098,1
1505,1674,1
1505,1593,1
1505,1656,1
1505,1701,1
1505,1140,1
1505,1461,1
1505,1528,1
1505,1087,1
1505,961,1
1505,1758,1
1505,1445,1
1505,1460,1
1505,1008,1
1761,1566,1
1761,1675,1
1761,1800,1
1761,1026,1
1761,1291,1
1761,1334,1
1761,1420,1
1761,1668,1
1761,1302,1
1761,1126,1
1761,1750,1
1761,1663,1
1761,1471,1
1761,1447,1
1761,1431,1
1761,1467,1
1761,1529,1
1761,1818,1
1761,1612,1
1761,1575,1
1761,1078,1
1761,1305,1
1761,1600,1
1761,1376,1
1761,1162,1
1761,1810,1
1761,1864,1
1761,1389,1
1761,1765,1
1761,1054,1
1761,1584,1
1761,980,1
1761,1076,1
1761,1128,1
1761,1683,1
1761,1843,1
1761,1714,1
1761,946,1
1761,952,1
1761,1551,1
1761,1753,1
1761,1101,1
1761,1243,1
1761,1164,1
1761,1868,1
1761,934,1
1761,1669,1
1761,1712,1
1761,1885,1
1761,1807,1
1761,1757,1
1761,1135,1
1761,1267,1
1761,1269,1
1761,1272,1
1761,1391,1
1761,947,1
1761,1833,1
1761,1608,1
1761,1888,1
1761,1746,1
1761,1146,1
1761,1509,1
1761,1456,1
1761,1599,1
1761,1341,1
1761,1867,1
1761,1377,1
1761,1823,1
1761,1352,1
1761,1696,1
1761,1614,1
1761,1603,1
1761,1597,1
1761,1814,1
1761,1643,1
1761,1211,1
1761,1829,1
1761,1017,1
1761,1399,1
1761,1570,1
1761,1734,1
1761,1637,1
1761,1491,1
1761,1731,1
1761,1557,1
1761,1522,1
1761,1589,1
1761,1897,1
1761,1153,1
1761,1799,1
1761,1735,1
1761,1613,1
1761,921,1
1761,1835,1
1761,1827,1
1761,993,1
1761,1028,1
1761,1185,1
1761,1621,1
1761,1730,1
1761,1079,1
1761,1086,1
1761,1639,1
1761,1199,1
1761,1497,1
1761,1182,1
1566,1407,1
1566,1356,1
1566,1910,1
1566,1599,1
1566,1234,1
1566,1497,1
1566,1814,1
1566,1731,1
1566,1671,1
1566,1831,1
1566,1343,1
1566,1743,1
1566,1478,1
1566,1064,1
1566,939,1
1566,1212,1
1566,1680,1
1566,931,1
1211,1835,1
1211,1341,1
1211,1589,1
1211,1336,1
1211,1125,1
1211,1752,1
1211,1746,1
1211,1551,1
1211,1689,1
1211,1491,1
1211,1267,1
1211,1702,1
1211,1078,1
1211,1230,1
1211,1409,1
1211,916,1
1211,1126,1
1211,1488,1
1211,1376,1
1211,1467,1
1211,1302,1
1211,1367,1
1211,1439,1
1211,1652,1
1211,1004,1
1211,934,1
1211,946,1
1211,1538,1
1211,1858,2
1211,1603,1
1211,1879,1
1211,1547,1
1211,1597,1
1211,1431,1
1211,1839,1
1211,1530,1
1211,1074,1
1211,1741,1
1211,1849,1
1211,1399,1
1211,1293,1
1211,932,1
1211,1198,1
1211,1888,1
1211,1199,1
1211,1351,1
1211,1643,1
1211,1068,1
1211,1683,1
1211,1185,1
1211,1668,1
1211,1750,1
1211,1653,1
1211,1305,1
1211,1352,1
1211,1181,1
1211,1289,1
1211,982,1
1211,1623,1
1211,1563,1
1211,1017,1
1211,1191,1
1211,1604,1
1211,1393,1
1211,983,1
1211,1842,1
1211,1128,1
1211,1335,1
1211,1480,1
1211,1130,1
1211,1269,1
1211,1712,1
1211,1250,1
1211,1086,1
1211,1823,1
1211,993,1
1211,1107,1
1211,1864,1
1211,1509,1
1211,1714,1
1211,952,1
1211,1669,1
1211,1598,1
1211,1416,1
1211,1471,1
1211,1006,1
1211,999,1
1211,1730,1
1211,1816,1
1211,1902,1
1211,1843,1
1211,1243,1
1211,1826,1
1211,1291,1
1211,1757,1
1211,1391,1
1211,1370,1
1211,1620,1
1211,1079,1
1211,1132,1
1211,1608,1
1211,1580,1
1211,1124,1
1211,1613,1
1211,1101,1
1211,1827,1
1211,1331,1
1211,1793,1
1211,1554,1
1211,1458,1
1211,1222,1
1211,1123,1
1211,1330,1
1211,1662,1
1211,1398,1
1211,1570,1
1211,1845,1
1211,1039,1
1211,1172,1
1211,1833,1
1211,1735,1
1211,1117,1
1211,1609,1
1211,1571,1
1211,1721,1
1211,1737,1
1211,1361,1
1211,966,1
1211,1810,1
1211,1617,1
1211,1024,1
1211,1632,1
1211,980,1
1211,1076,1
1211,1799,1
1211,1447,1
1211,1886,1
1211,960,1
1211,1584,1
1211,1663,1
1211,1621,1
1211,925,1
1211,947,1
1211,1665,1
1211,1420,1
1211,1380,1
1211,1821,1
1211,1813,1
1211,1377,1
1211,1083,1
1211,1184,1
1211,1437,1
1211,1214,1
1211,1736,1
1211,1800,1
1211,1863,1
1211,1612,1
1211,1390,1
1211,1522,1
1835,1126,1
1835,1330,1
1835,980,1
1835,1637,1
1835,1483,1
1835,1128,1
1835,1861,1
1835,1003,1
1835,1522,1
1835,1312,1
1835,1590,1
1835,1290,1
1835,1689,1
1835,1557,1
1835,1621,1
1835,1377,1
1835,1612,1
1835,1117,1
1835,1361,1
1835,1827,1
1835,1620,1
1835,1662,1
1835,1513,1
1835,946,1
1835,1467,1
1835,1746,1
1835,1255,1
1835,1331,1
1835,1643,1
1835,1653,1
1835,1902,1
1835,916,1
1835,1613,1
1835,1659,1
1835,1076,1
1835,1833,1
1835,926,1
1835,1845,1
1835,1535,1
1835,1367,1
1835,1191,1
1835,1205,1
1835,1420,1
1835,1267,1
1835,1302,1
1835,978,1
1835,1291,1
1835,967,1
1835,1209,1
1835,1185,1
1835,1222,1
1835,1405,1
1835,1718,1
1835,1721,1
1835,1079,1
1835,1195,1
1835,1604,1
1835,1416,1
1835,1617,1
1835,1146,1
1835,1800,1
1835,925,1
1835,1663,1
1835,1460,1
1835,1735,1
1835,1842,1
1835,1086,1
1835,1485,1
1835,1816,1
1835,1393,1
1835,1883,1
1835,1399,1
1835,1272,1
1835,897,1
1835,1600,1
1835,1124,1
1835,1470,1
1835,1782,1
1835,1563,1
1835,1888,1
1835,1101,1
1835,1243,1
1835,1813,1
1835,1867,1
1835,1359,1
1835,1752,1
1835,1509,1
1835,934,1
1835,1603,1
1835,1352,1
1835,997,1
1835,1305,1
1835,1774,1
1835,1376,1
1835,1026,1
1835,1004,1
1835,1201,1
1835,1388,1
1835,1334,1
1835,1029,1
1835,1528,1
1835,1048,1
1835,1730,1
1835,1006,1
1835,1116,1
1835,1447,1
1835,1110,1
1835,921,1
1835,1758,1
1835,1047,1
1835,1757,1
1835,1431,1
1835,1280,1
1835,1795,1
1835,1523,1
1835,1390,1
1835,1199,1
1835,1551,1
1835,1028,1
1835,1714,1
1835,1793,1
1835,1242,1
1835,1230,1
1835,1344,1
1835,1391,1
1835,1683,1
1835,1135,1
1835,1632,1
1835,1182,1
1835,1891,1
1835,1799,1
1835,1262,1
1835,1669,1
1835,1685,1
1835,1589,1
1835,1256,1
1835,1554,1
1835,1811,1
1835,1269,1
1835,1609,1
1835,1608,1
1835,1639,1
1835,1471,1
1835,1750,1
1835,1823,1
1835,1570,1
1835,947,1
1835,1160,1
1835,1765,1
1835,1293,1
1835,1717,1
1835,1369,1
1835,1184,1
1835,1851,1
1835,1675,1
1835,1864,1
1835,1839,1
1835,1409,1
1835,1819,1
1835,993,1
1835,1584,1
1835,1078,1
1835,1539,1
1835,1341,1
1835,1753,1
896,1479,1
896,1081,1
896,1587,1
896,1115,1
896,1345,1
896,1292,1
896,1303,1
896,1647,1
896,1170,1
896,1204,1
896,1019,1
896,1347,1
896,1324,1
896,1706,1
896,1438,1
896,994,1
896,1015,1
896,1060,1
896,902,1
896,1298,1
896,1728,1
896,1350,1
896,1315,1
896,1221,1
896,1257,1
896,1857,1
896,1404,1
896,1903,1
896,1578,1
896,1102,1
896,1215,1
896,1018,1
896,989,1
896,1192,1
896,1715,1
896,1495,1
896,1764,1
896,1229,1
896,1515,1
896,1104,1
896,975,1
896,1284,1
896,1850,1
896,957,1
896,988,1
896,1751,1
896,1120,1
896,1636,1
896,1790,1
896,1462,1
896,1036,1
896,1454,1
896,1893,1
896,1596,1
896,984,1
896,1872,1
896,1067,1
896,1871,1
896,1583,1
896,1611,1
896,1812,1
896,1396,1
896,1899,1
896,1459,1
896,1502,1
896,1661,1
896,1277,1
896,1824,1
896,1841,1
896,1286,1
896,1716,1
896,1475,1
896,1148,1
896,1273,1
896,1573,1
896,1423,1
896,1373,1
896,1628,1
896,1392,1
896,637,1
896,1379,1
896,1550,1
896,1261,1
896,1381,1
896,1014,1
896,1032,1
896,1007,1
896,1009,1
896,981,1
896,1720,1
896,1732,1
896,1591,1
896,1432,1
896,1129,1
896,1282,1
896,1576,1
896,1417,1
896,954,1
896,1595,1
896,1691,1
896,1108,1
896,1783,1
896,1227,1
896,1413,1
896,1859,1
896,1875,1
896,1862,1
896,1680,1
896,1231,1
896,1742,1
896,1158,1
896,1873,1
896,1635,1
896,1426,1
896,1190,1
896,1082,1
1479,1459,1
1479,1720,1
1479,1475,1
1479,1611,1
1479,1104,1
1479,1060,1
1479,1190,1
1479,957,1
1479,1015,1
1479,1871,1
1479,1423,1
1479,1298,1
1479,1426,1
1479,1129,1
1479,1277,1
1479,1830,1
1479,1204,1
1479,1583,1
1479,1067,1
1479,1661,1
1479,1462,1
1479,1148,1
1479,1715,1
1479,1680,1
1479,1158,1
1479,1392,1
1479,1379,1
1479,1432,1
1479,1587,1
1479,1790,1
1479,981,1
1479,1257,1
1479,1227,1
1479,1502,1
1479,1515,1
1479,1857,1
1479,1716,1
1479,988,1
1479,1192,1
1479,1841,1
1479,1682,1
1479,1903,1
1479,1404,1
1479,975,1
1479,902,1
1479,1018,1
1479,1596,1
1479,1893,1
1479,1292,1
1479,1899,1
1479,1413,1
1479,1578,1
1479,954,1
1479,1576,1
1479,1873,1
1479,1347,1
1479,1345,1
1479,1284,1
1479,1655,1
1479,1315,1
1479,637,1
1479,1628,1
1479,1872,1
1479,1036,1
1479,1636,1
1479,1019,1
1479,1859,1
1479,1221,1
1479,1884,1
1479,1862,1
1479,1120,1
1479,1573,1
1479,1691,1
1479,994,1
1479,1595,1
1215,1649,1
1215,1103,1
1215,1503,1
1215,1661,1
1215,1459,1
1215,933,1
1215,1729,1
1215,1192,1
1215,1893,1
1215,1515,1
1215,1204,1
1215,1907,1
1215,1273,1
1215,1591,1
1215,1143,1
1215,1587,1
1215,1794,1
1215,1871,1
1215,1732,1
1215,596,1
1215,1742,1
1215,1790,1
1215,1489,1
1215,1373,1
1215,1475,1
1215,1158,1
1215,1032,1
1215,1706,1
1215,1783,1
1215,1429,1
1215,1347,1
1215,984,1
1215,1502,1
1215,1828,1
1215,1850,1
1215,1413,1
1215,1014,1
1215,971,1
1215,1495,1
1199,1539,1
1199,997,1
1199,1665,1
1199,999,1
1199,1205,1
1199,1613,1
1199,1612,1
1199,1800,1
1199,1750,1
1199,1130,1
1199,980,1
1199,1659,1
1199,1185,1
1199,1795,1
1199,1191,1
1199,1589,1
1199,1712,1
1199,947,1
1199,1741,1
1199,1653,1
1199,1079,1
1199,1416,1
1199,1289,1
1199,1117,1
1199,1886,1
1199,1377,1
1199,1471,1
1199,1737,1
1199,1888,1
1199,1024,1
1199,1101,1
1199,960,1
1199,1746,1
1199,1879,1
1199,1456,1
1199,1214,1
1199,1359,1
1199,1845,1
1199,1230,1
1199,916,1
1199,1256,1
1199,1291,1
1199,1842,1
1199,1530,1
1199,1668,1
1199,1439,1
1199,1269,1
1199,1128,1
1199,1723,1
1199,906,1
1199,922,1
1199,1267,1
1199,1793,1
1199,1799,1
1199,1736,1
1199,1407,1
1199,983,1
1199,1722,1
1199,1827,1
1199,1816,1
1199,1614,1
1199,1172,1
1199,1132,1
1199,1849,1
1199,1242,1
1199,1336,1
1199,1735,1
1199,1017,1
1199,934,1
1199,1570,1
1199,1617,1
1199,1376,1
1199,1632,1
1199,1076,1
1199,1598,1
1199,1535,1
1199,1810,1
1199,1488,1
1199,1809,1
1199,1833,1
1199,1271,1
1199,1341,1
1199,1522,1
1199,1608,1
1199,1124,1
1199,1351,1
1199,1621,1
1199,1721,1
1199,1669,1
1199,1107,1
1199,1004,1
1199,1658,1
1199,1714,1
1199,1867,1
1199,1620,1
1199,1181,1
1199,1370,1
1199,1584,1
1199,1006,1
1199,1334,1
1199,1402,1
1199,1542,1
1199,1868,1
1199,1597,1
1199,1184,1
1199,1556,1
1199,1125,1
1199,993,1
1199,1675,1
1199,1813,1
1199,1255,1
1199,1662,1
1199,1250,1
1199,921,1
1199,1040,1
1199,1219,1
1199,1623,1
1199,1902,1
1199,1467,1
1199,1083,1
1199,959,1
1199,1126,1
1199,1757,1
1199,1685,1
1199,1864,1
1199,1554,1
1199,925,1
1199,1457,1
1199,1335,1
1199,946,1
1199,1839,1
1199,1551,1
1199,1398,1
1199,1078,1
1199,1782,1
1199,1123,1
1199,1447,1
1199,1826,1
1199,966,1
1199,978,1
1199,1198,1
1199,1339,1
1199,1074,1
1199,1547,1
1199,1153,1
1199,1603,1
1199,1365,1
1199,1201,1
1199,1222,1
1199,1754,1
1199,1163,1
1199,1361,1
1199,1393,1
1199,1380,1
1199,1717,1
1199,1367,1
1199,1352,1
1199,1391,1
1199,1288,1
1199,1331,1
1199,1146,1
1199,1302,1
1199,1238,1
1199,1823,1
1199,1796,1
1199,1619,1
1199,1563,1
1199,1086,1
1199,1409,1
1199,1480,1
1199,1491,1
1199,1557,1
1199,1730,1
1199,1280,1
1199,1399,1
1199,1390,1
1199,1702,1
1199,1509,1
1199,1772,1
1199,1047,1
1199,982,1
1199,1538,1
1199,1207,1
1199,1330,1
1199,1305,1
1199,1609,1
1199,1437,1
1199,1821,1
1199,1663,1
1199,952,1
1199,1604,1
1199,1431,1
1539,1352,1
1539,1076,1
1539,1721,1
1539,1004,1
1539,1238,1
1539,1623,1
1539,1795,1
1539,947,1
1539,1827,1
1539,1075,1
1539,1079,1
1539,1435,1
1539,1376,1
1539,1416,1
1539,1819,1
1539,1608,1
1539,1377,1
1539,1612,1
1539,1861,1
1539,1540,1
1539,1467,1
1539,1632,1
1539,1816,1
1539,1390,1
1539,1724,1
1539,1551,1
1539,1867,1
1539,1331,1
1539,1653,1
1539,946,1
1539,1683,1
1539,1431,1
1539,1491,1
1539,1839,1
1539,1107,1
1539,1128,1
1539,1184,1
1539,1340,1
1539,1584,1
1539,1391,1
1539,1750,1
1539,1456,1
1539,1621,1
1539,1557,1
1539,1132,1
1539,952,1
1539,1255,1
1539,1746,1
1539,1663,1
1539,925,1
1539,1182,1
1539,1146,1
1539,1652,1
1539,1488,1
1539,1603,1
1539,1639,1
1539,1752,1
1539,993,1
1539,1669,1
1539,1214,1
1539,1877,1
1539,1086,1
1539,1620,1
1539,1003,1
1539,1367,1
1539,1126,1
1539,1689,1
1153,1796,1
1153,946,1
1153,1335,1
1153,1902,1
1153,1431,1
1153,1842,1
1153,1399,1
1153,1132,1
1153,1125,1
1153,960,1
1153,1717,1
1153,1604,1
1153,1376,1
1153,1040,1
1153,1816,1
1153,982,1
1153,1617,1
1153,1086,1
1153,1483,1
1153,1201,1
1153,916,1
1153,1341,1
1153,1457,1
1153,1269,1
1153,1663,1
1153,1542,1
1153,1078,1
1153,1302,1
1153,1580,1
1153,1390,1
1153,1491,1
1153,1470,1
1153,1589,1
1153,1126,1
1153,1388,1
1153,1006,1
1153,1370,1
1153,1331,1
1153,1741,1
1153,1181,1
1153,1811,1
1153,1289,1
1153,1621,1
1153,1101,1
1153,1823,1
1153,1757,1
1153,1886,1
1153,1524,1
1153,1447,1
1153,1584,1
1153,1017,1
1153,1117,1
1153,1205,1
1153,1123,1
1153,966,1
1153,1271,1
1153,1480,1
1153,1214,1
1153,1600,1
1153,1810,1
1153,1826,1
1153,1712,1
1153,1736,1
1153,983,1
1153,1772,1
1153,1280,1
1153,1669,1
1153,1230,1
1153,1598,1
1153,997,1
1153,1130,1
1153,1380,1
1153,1083,1
1153,1793,1
1153,1879,1
1153,1391,1
1153,1163,1
1153,1832,1
1153,1288,1
1153,1868,1
1153,1456,1
1153,1665,1
1153,1352,1
1153,1024,1
1153,1714,1
1153,1809,1
1153,1839,1
1153,959,1
1153,1620,1
1153,1471,1
1153,1800,1
1153,1377,1
1153,1619,1
1153,1238,1
1153,1029,1
1153,1547,1
1153,1336,1
1153,1652,1
1153,1172,1
1153,1730,1
1153,1522,1
1153,1185,1
1153,1285,1
1153,1888,1
1153,1330,1
1153,1184,1
1153,1402,1
1153,1723,1
1153,1256,1
1153,1668,1
1153,1849,1
1153,1160,1
1153,1107,1
1153,1845,1
1153,1068,1
1153,1207,1
1153,1488,1
1153,1662,1
1153,1746,1
1153,1833,1
1796,1662,1
1796,1827,1
1796,1737,1
1796,1079,1
1796,1849,1
1796,1653,1
1796,1375,1
1796,906,1
1796,1524,1
1796,925,1
1796,1643,1
1796,1146,1
1796,1339,1
1796,1663,1
1796,1721,1
1796,1589,1
1796,1361,1
1796,1335,1
1796,1714,1
1796,1456,1
1796,1557,1
1796,1293,1
1796,967,1
1796,1613,1
1796,1746,1
1796,1813,1
1796,1359,1
1796,1205,1
1796,993,1
1796,1004,1
1796,1888,1
1796,1833,1
1796,1431,1
1796,1209,1
1796,1112,1
1796,1799,1
1796,1752,1
1796,1632,1
1796,1619,1
1796,1367,1
1796,916,1
1796,1614,1
1796,1416,1
1796,1344,1
1796,1250,1
1796,1076,1
1796,1712,1
1796,1800,1
1796,1242,1
1796,1612,1
1796,1689,1
1796,1256,1
1796,1867,1
1796,1571,1
1796,1390,1
1796,1420,1
1796,1902,1
1796,1107,1
1796,1267,1
1796,1793,1
1796,1290,1
1355,1236,1
1355,1633,1
1355,1304,1
1355,1141,1
1355,1338,1
1355,1070,1
1355,1260,1
1355,1299,1
1355,1167,1
1355,986,1
1355,1310,1
1355,1308,1
1355,924,1
1355,1699,1
1355,1500,1
1355,1051,1
1355,1188,1
1355,1496,1
1355,1159,1
1355,1703,1
1355,1525,1
1355,1876,1
1355,1536,1
1355,1686,1
1355,1131,1
1355,1634,1
1355,1275,1
1355,1225,1
1355,1052,1
1355,1709,1
1355,1228,1
1355,1504,1
1355,1258,1
1355,1473,1
1236,1310,1
1236,1650,1
1236,1260,1
1236,1815,1
1236,1090,1
1236,1703,1
1236,1536,1
1236,943,1
1236,1258,1
1236,1051,1
1236,1299,1
1236,1338,1
1236,1139,1
1236,940,1
1236,1127,1
1236,1709,1
1236,1749,1
1236,924,1
1236,974,1
1236,1188,1
1236,1131,1
1236,1529,1
1236,1633,1
1236,1469,1
1236,1275,1
1236,1308,1
1236,986,1
1236,1869,1
1236,1482,1
1236,1725,1
1236,1228,1
1236,1785,1
1236,1634,1
1236,1141,1
1236,1906,1
1236,1770,1
1236,1304,1
1236,1070,1
1236,1504,1
1899,1884,1
1899,1716,1
1899,1381,1
1899,1284,1
1899,1009,1
1899,1345,1
1899,917,2
1899,1857,1
1899,1907,1
1899,1647,1
1899,1720,1
1899,989,1
1899,1591,1
1899,1583,1
1899,1903,1
1899,981,1
1899,1432,1
1899,1392,1
1899,1404,1
1899,1417,1
1899,1862,1
1899,1691,1
1899,1104,1
1899,1729,1
1899,1148,1
1899,1298,1
1899,1438,1
1899,975,1
1899,1873,1
1899,1611,1
1899,1587,1
1899,957,1
1899,1227,1
1899,1628,1
1899,1082,1
1899,1576,1
1899,1347,1
1899,1060,1
1899,1682,1
1899,1315,1
1899,988,1
1899,1204,1
1899,1423,1
1899,1379,1
1899,1019,1
1899,1475,1
1899,1036,1
1899,1715,1
1899,1158,1
1899,1573,1
1899,1459,1
1899,1277,1
1899,1515,1
1899,1014,1
1899,1636,1
1899,902,1
1899,1115,1
1899,1221,1
1899,1635,1
1899,1015,1
1899,1120,1
1899,1292,1
1899,1887,1
1899,1596,1
1899,1426,1
1899,1018,1
1899,1231,1
1899,1190,2
1899,1462,1
1884,1680,1
1884,1104,1
1884,1583,1
1884,1636,1
1884,1277,1
1884,1576,1
1884,1015,1
1884,1019,1
1884,1221,1
1884,1298,1
1884,1903,1
1884,1682,1
1884,1591,1
1884,1691,1
1884,1423,1
1884,1426,1
1884,1573,1
1884,1462,1
1884,1596,1
1884,1715,1
1884,1315,1
1884,1857,1
1884,1192,1
1884,1148,1
1884,1345,1
1425,475,1
1425,363,1
1425,1743,1
1425,1574,1
1425,940,1
1425,1478,1
1425,1773,1
1425,1545,1
1425,1633,1
1425,1801,1
1425,428,1
1425,1343,1
1425,1356,1
1425,930,1
1425,1625,1
1425,1778,1
1425,1342,1
1425,939,1
1425,962,1
1425,1671,1
1425,1831,1
1425,1210,1
1425,1320,1
1425,641,1
1425,1246,1
1425,1358,1
1425,1212,1
1425,1844,1
1425,1294,1
1425,915,1
1425,353,1
475,1844,1
475,348,1
475,1767,1
475,606,1
475,363,1
475,1882,1
475,1300,1
475,517,1
475,563,1
475,1155,1
475,1427,1
475,1545,1
475,1179,1
475,353,1
475,1313,1
475,1358,1
475,641,1
475,566,1
475,1692,1
475,1332,1
475,428,1
475,930,1
475,1645,1
475,414,1
475,484,1
475,1536,1
475,1122,1
475,1514,1
475,1435,1
475,366,1
475,376,1
475,1320,1
475,1237,1
475,651,1
475,1673,1
475,580,1
1298,1438,1
1298,1345,1
1298,1315,1
1298,1475,1
1298,1728,1
1298,1596,1
1298,975,1
1298,957,1
1298,1862,1
1298,1204,1
1298,1104,1
1298,1611,1
1298,1591,1
1298,1635,1
1298,1628,1
1298,1857,1
1298,1115,1
1298,1587,1
1298,981,1
1298,1583,1
1298,1426,1
1298,1720,1
1298,902,1
1298,1015,1
1298,1873,1
1298,1903,1
1298,1841,1
1298,1716,1
1298,1347,1
1298,1636,1
1298,1284,1
1298,1573,1
1298,1404,1
1298,1192,1
1298,1019,1
1298,1277,1
1298,1227,1
1298,1129,1
1298,1459,1
1298,1120,1
1298,1423,1
1298,1086,1
1298,988,1
1298,1379,1
1298,1060,1
1298,1221,1
1298,1381,1
1298,1413,1
1298,1680,1
1298,1036,1
1298,1158,1
1298,1859,1
1298,1082,1
1298,1691,1
1298,1350,1
1298,1462,1
1298,1292,1
1298,1067,1
1298,1715,1
366,930,1
366,1001,1
366,428,1
366,1514,1
366,1673,1
366,976,1
366,517,1
366,1694,1
366,348,1
366,1408,1
366,1844,1
366,1349,1
366,1631,1
366,606,1
366,1179,1
366,1155,1
366,637,1
366,1446,1
366,538,1
366,1490,1
366,1658,1
366,1313,1
366,1320,1
366,1790,1
366,1692,1
366,1080,1
366,1740,1
366,1512,1
366,1645,1
366,1122,1
366,1878,1
366,1801,1
366,1300,1
366,363,1
366,1358,1
366,1427,1
366,566,1
366,353,1
366,1616,1
366,1767,1
366,1397,1
366,1142,1
366,1882,1
366,484,1
366,1012,1
366,1400,1
366,526,1
366,580,1
366,651,1
366,1237,1
366,376,1
366,1113,1
366,1574,1
366,936,1
930,1514,1
930,1695,1
930,1801,1
930,1671,1
930,1122,1
930,1763,1
930,1660,1
930,1679,1
930,1155,1
930,1870,1
930,1766,1
930,1349,1
930,1694,1
930,1318,1
930,962,1
930,1142,1
930,641,1
930,1882,1
930,915,1
930,1565,1
930,1464,1
930,1526,1
930,1358,1
930,1645,1
930,428,1
930,1844,1
930,1408,1
930,1294,1
930,1574,1
930,1446,1
930,1427,1
930,976,1
930,1616,1
930,580,1
930,1625,1
930,353,1
930,1878,1
930,1332,1
930,1113,1
930,1210,1
930,1400,1
930,1881,1
930,1080,1
930,948,1
930,1773,1
1230,1621,1
1230,1484,1
1230,1128,1
1230,1222,1
1230,1125,1
1230,921,1
1230,1049,1
1230,1723,1
1230,1334,1
1230,1376,1
1230,1107,1
1230,1491,1
1230,1721,1
1230,967,1
1230,1685,1
1230,916,1
1230,1752,1
1230,1146,1
1230,1243,1
1230,1849,1
1230,1754,1
1230,1017,1
1230,1736,1
1230,1078,1
1230,1388,1
1230,966,1
1230,1509,1
1230,1172,1
1230,1839,1
1230,1603,1
1230,1488,1
1230,1409,1
1230,1006,1
1230,1793,1
1230,1608,1
1230,1547,1
1230,1399,1
1230,1864,1
1230,1741,1
1230,1407,1
1230,1563,1
1230,1554,1
1230,1753,1
1230,952,1
1230,1420,1
1230,1522,1
1230,1048,1
1230,1750,1
1230,1335,1
1230,947,1
1230,1124,1
1230,1256,1
1230,1867,1
1230,1662,1
1230,1331,1
1230,1361,1
1230,1557,1
1230,1746,1
1230,1589,1
1230,1551,1
1230,1341,1
1230,1291,1
1230,1800,1
1230,1540,1
1230,1367,1
1230,1391,1
1230,1911,1
1230,1689,1
1230,1431,1
1230,1827,1
1230,1219,1
1230,1669,1
1230,1530,1
1230,1868,1
1230,1888,1
1230,980,1
1230,1352,1
1230,1730,1
1230,1714,1
1230,1116,1
1230,1117,1
1230,1813,1
1230,1688,1
1230,1390,1
1230,1191,1
1230,999,1
1230,1269,1
1230,1879,1
1230,1584,1
1230,1437,1
1230,1290,1
1230,1359,1
1230,1902,1
1230,1620,1
1230,1597,1
1230,1612,1
1230,1609,1
1230,1845,1
1230,1833,1
1230,1842,1
1230,1267,1
1230,1351,1
1230,1289,1
1230,1074,1
1230,1826,1
1230,1393,1
1230,1377,1
1230,1132,1
1230,1617,1
1230,1101,1
1621,1538,1
1621,1589,1
1621,1557,1
1621,1453,1
1621,1614,1
1621,1782,1
1621,1683,1
1621,978,1
1621,1101,1
1621,1302,1
1621,1135,1
1621,1547,1
1621,1736,1
1621,1181,1
1621,1335,1
1621,1457,1
1621,1086,1
1621,1375,1
1621,1172,1
1621,1867,1
1621,1117,1
1621,1551,1
1621,1409,1
1621,1793,1
1621,1554,1
1621,1718,1
1621,966,1
1621,1734,1
1621,1075,1
1621,1620,1
1621,1243,1
1621,999,1
1621,1842,1
1621,1431,1
1621,1570,1
1621,1334,1
1621,1377,1
1621,1256,1
1621,1017,1
1621,1523,1
1621,1399,1
1621,1765,1
1621,1339,1
1621,1201,1
1621,1513,1
1621,1609,1
1621,1662,1
1621,1163,1
1621,1185,1
1621,1580,1
1621,1293,1
1621,1006,1
1621,1561,1
1621,1721,1
1621,1603,1
1621,947,1
1621,1735,1
1621,1195,1
1621,1584,1
1621,1417,1
1621,1004,1
1621,921,1
1621,1714,1
1621,1800,1
1621,1079,1
1621,1669,1
1621,1590,1
1621,1155,1
1621,1361,1
1621,1813,1
1621,1613,1
1621,1868,1
1621,1746,1
1621,1668,1
1621,1483,1
1621,1637,1
1621,1799,1
1621,1809,1
1621,1826,1
1621,1643,1
1621,1439,1
1621,1597,1
1621,1675,1
1621,1222,1
1621,1420,1
1621,1717,1
1621,1305,1
1621,1659,1
1621,1522,1
1621,1752,1
1621,1608,1
1621,1376,1
1621,916,1
1621,1891,1
1621,1509,1
1621,1132,1
1621,1047,1
1621,1819,1
1621,1069,1
1621,1689,1
1621,1753,1
1621,946,1
1621,1471,1
1621,1480,1
1621,1267,1
1621,1291,1
1621,952,1
1621,1126,1
1621,1367,1
1621,1488,1
1621,1652,1
1621,1600,1
1621,980,1
1621,1389,1
1621,1048,1
1621,1849,1
1621,1312,1
1621,925,1
1621,1491,1
1621,1456,1
1621,1341,1
1621,1886,1
1621,1685,1
1621,1184,1
1621,1612,1
1621,1888,1
1621,1823,1
1621,1026,1
1621,1390,1
1621,1330,1
1621,993,1
1621,1391,1
1621,1750,1
1621,1757,1
1621,1352,1
1621,1076,1
1621,1623,1
1621,1741,1
1621,1146,1
1621,1078,1
1621,967,1
1621,1269,1
1621,1663,1
1621,1879,1
1621,1827,1
1621,1617,1
1621,1467,1
1621,1839,1
1621,934,1
1621,1563,1
1621,1255,1
1621,1107,1
1621,1128,1
1621,1083,1
1621,1380,1
1621,1351,1
1621,1049,1
1621,1833,1
1621,1902,1
1621,1288,1
1621,1810,1
1621,1191,1
1621,1730,1
1437,1337,1
1437,1843,1
1437,1074,1
1437,1813,1
1437,1864,1
1437,1702,1
1437,1816,1
1437,1107,1
1437,1080,1
1437,1780,1
1437,1741,1
1437,1662,1
1437,1124,1
1437,1626,1
1437,1721,1
1437,1219,1
1437,1911,1
1437,1341,1
1437,1351,1
1437,1125,1
1437,1352,1
1437,1845,1
1437,1839,1
1437,1289,1
1437,1004,1
1437,1419,1
1437,1793,1
1437,1858,1
1437,999,1
1437,1291,1
1437,1335,1
1437,1849,1
1437,1214,1
1437,1017,1
1437,1006,1
1437,1222,1
1437,1902,1
1437,1594,1
1437,1078,1
1437,1551,1
1437,1398,1
1437,1440,1
1437,1399,1
1437,1663,1
1437,1909,1
1437,1827,1
1437,1730,1
1437,1736,1
1337,1911,1
1337,1327,1
1337,1360,1
1337,1585,1
1337,1863,1
1337,1813,1
1337,1626,1
1337,950,1
1337,1860,1
1337,1077,1
1337,1321,1
1337,1480,1
1337,1858,1
1337,1702,1
1337,1008,1
1337,1618,1
1337,908,1
1337,1593,1
1337,1697,1
1337,1150,1
1337,1909,1
1337,1352,1
1337,1805,1
1337,1567,1
1337,1384,1
1337,1045,1
1337,1441,1
1337,1369,1
1337,1865,1
1337,1161,1
1337,951,1
1337,1561,1
1337,1537,1
1337,1518,1
1801,1695,1
1801,1427,1
1801,1625,1
1801,1773,1
1801,915,1
1801,1766,1
1801,1122,1
1801,1660,1
1801,1844,1
1801,1565,1
1801,948,1
1801,976,1
1801,1645,1
1801,1332,1
1801,1294,1
1801,1514,1
1801,1080,1
1695,1766,1
1695,1660,1
1695,1625,1
1695,1320,1
1695,1332,1
1695,1870,1
1695,1446,1
1695,1844,1
1695,1358,1
1695,1080,1
1695,1881,1
1695,1427,1
1695,1574,1
1695,1565,1
1695,1773,1
1695,1464,1
1695,1882,1
1695,1763,1
1695,1142,1
1695,1606,1
1695,538,1
1695,1318,1
1695,948,1
1695,1113,1
1695,1602,1
1795,1839,1
1795,1242,1
1795,1416,1
1795,1312,1
1795,1420,1
1795,1724,1
1795,1557,1
1795,980,1
1795,1623,1
1795,1746,1
1795,1146,1
1795,1752,1
1795,1717,1
1795,1250,1
1795,1006,1
1795,1267,1
1795,1339,1
1795,1600,1
1795,1117,1
1795,1076,1
1795,1054,1
1795,1819,1
1795,1688,1
1795,1004,1
1795,1563,1
1795,1376,1
1795,1198,1
1795,1665,1
1795,1491,1
1795,1867,1
1795,1589,1
1795,1291,1
1795,1603,1
1795,1522,1
1795,1391,1
1795,1390,1
1795,934,1
1795,1530,1
1795,947,1
1795,1597,1
1795,1375,1
1795,1637,1
1795,1861,1
1795,1554,1
1795,1750,1
1795,1663,1
1795,1352,1
1795,1181,1
1795,925,1
1795,1613,1
1795,1079,1
1795,1003,1
1795,1689,1
1795,1714,1
1795,1523,1
1795,1344,1
1795,1877,1
1795,1721,1
1795,1683,1
1795,1644,1
1795,1330,1
1795,1833,1
1795,1598,1
1795,1827,1
1795,1075,1
1795,1800,1
1795,1608,1
1795,1652,1
1795,1570,1
1795,1799,1
1795,1289,1
1795,1110,1
1795,1891,1
1795,1184,1
1795,1509,1
1795,1125,1
1795,1612,1
1795,1619,1
1795,906,1
1839,1685,1
1839,1416,1
1839,1823,1
1839,1402,1
1839,1341,1
1839,1563,1
1839,1101,1
1839,1530,1
1839,1091,1
1839,1335,1
1839,978,1
1839,1125,1
1839,1584,1
1839,1714,1
1839,1547,1
1839,1538,1
1839,1668,1
1839,1471,1
1839,1390,1
1839,1809,1
1839,1456,1
1839,1608,1
1839,1902,1
1839,1184,1
1839,1376,1
1839,1399,1
1839,1447,1
1839,1909,1
1839,1457,1
1839,1864,1
1839,966,1
1839,1571,1
1839,1361,1
1839,993,1
1839,1736,1
1839,1813,1
1839,1219,1
1839,1222,1
1839,1554,1
1839,1827,1
1839,983,1
1839,1570,1
1839,1800,1
1839,1126,1
1839,1730,1
1839,1285,1
1839,1377,1
1839,1580,1
1839,1604,1
1839,1431,1
1839,1289,1
1839,1359,1
1839,1107,1
1839,946,1
1839,1826,1
1839,1746,1
1839,1663,1
1839,1074,1
1839,1280,1
1839,1017,1
1839,1124,1
1839,1886,1
1839,1132,1
1839,1181,1
1839,1331,1
1839,1793,1
1839,1024,1
1839,1598,1
1839,1589,1
1839,1662,1
1839,980,1
1839,1842,1
1839,1735,1
1839,1799,1
1839,1256,1
1839,1288,1
1839,1665,1
1839,916,1
1839,1207,1
1839,1849,1
1839,1467,1
1839,1522,1
1839,1336,1
1839,1612,1
1839,1723,1
1839,1480,1
1839,1191,1
1839,1205,1
1839,1821,1
1839,1078,1
1839,1810,1
1839,1214,1
1839,1491,1
1839,1712,1
1839,1163,1
1839,1542,1
1839,1267,1
1839,1888,1
1839,1619,1
1839,1832,1
1839,960,1
1839,1339,1
1839,1352,1
1839,1509,1
1839,1367,1
1839,1130,1
1839,1488,1
1839,1845,1
1839,1409,1
1839,982,1
1839,1811,1
1839,1380,1
1839,1551,1
1839,1068,1
1839,1291,1
1839,1238,1
1839,1079,1
1839,1250,1
1839,1420,1
1839,1603,1
1839,1076,1
1839,1117,1
1839,1401,1
1839,999,1
1839,1123,1
1839,1172,1
1839,1816,1
1839,1006,1
1839,1083,1
1839,1242,1
1839,922,1
1839,1330,1
1839,1272,1
1839,1351,1
1839,1833,1
1839,1370,1
1839,1391,1
1839,1302,1
1839,1879,1
1839,1683,1
1839,1639,1
1632,1663,1
1632,1420,1
1632,1447,1
1632,980,1
1632,1198,1
1632,1877,1
1632,1597,1
1632,1604,1
1632,1700,1
1632,1612,1
1632,925,1
1632,1076,1
1632,1867,1
1632,1752,1
1632,1289,1
1632,1028,1
1632,1181,1
1632,1888,1
1632,1391,1
1632,1523,1
1632,1620,1
1632,1623,1
1632,946,1
1632,1746,1
1632,1004,1
1632,1336,1
1632,1557,1
1632,1818,1
1632,1644,1
1632,1339,1
1632,1522,1
1632,1736,1
1632,1617,1
1632,1653,1
1632,1689,1
1632,916,1
1632,1717,1
1632,1376,1
1632,1409,1
1632,1665,1
1632,1341,1
1632,1613,1
1632,1367,1
1632,1589,1
1632,1335,1
1632,1340,1
1632,1331,1
1632,1290,1
1632,1683,1
1632,1532,1
1632,993,1
1632,1730,1
1632,1823,1
1632,1833,1
1632,1086,1
1632,1250,1
1632,1619,1
1632,1390,1
1632,1600,1
1632,1017,1
1632,1483,1
1632,1799,1
1632,1293,1
1632,1800,1
1632,1184,1
1632,1827,1
1370,1900,1
1370,1024,1
1370,1809,1
1370,1271,1
1370,1902,1
1370,1483,1
1370,1663,1
1370,1826,1
1370,1522,1
1370,966,1
1370,1163,1
1370,1868,1
1370,1117,1
1370,1457,1
1370,1256,1
1370,1488,1
1370,1471,1
1370,1589,1
1370,1480,1
1370,1399,1
1370,1288,1
1370,1040,1
1370,1888,1
1370,1517,1
1370,1132,1
1370,1380,1
1370,1542,1
1370,1267,1
1370,1107,1
1370,1662,1
1370,1388,1
1370,946,1
1370,1331,1
1370,1619,1
1370,983,1
1370,1821,1
1370,1800,1
1370,1017,1
1370,1584,1
1370,1391,1
1370,1214,1
1370,1736,1
1370,1600,1
1370,1712,1
1370,1238,1
1370,1746,1
1370,1291,1
1370,1598,1
1370,1330,1
1370,1668,1
1370,1285,1
1370,1078,1
1370,982,1
1370,1390,1
1370,1665,1
1370,1335,1
1370,1617,1
1370,1431,1
1370,1068,1
1370,1336,1
1370,1207,1
1370,1101,1
1370,1816,1
1370,1006,1
1370,932,1
1370,1741,1
1370,1714,1
1370,1849,1
1370,1823,1
1370,1879,1
1370,1827,1
1370,959,1
1370,1832,1
1370,1612,1
1370,1302,1
1370,1083,1
1370,1723,1
1370,1409,1
1370,1086,1
1370,960,1
1370,1456,1
1370,1547,1
1370,1126,1
1370,1793,1
1370,1833,1
1370,1341,1
1370,1125,1
1370,1063,1
1370,1130,1
1370,1886,1
1370,916,1
1370,1757,1
1370,1604,1
1370,1447,1
1340,1341,1
1340,925,1
1340,1877,1
1340,1717,1
1340,1826,1
1340,1075,1
1340,1376,1
1340,1810,1
1340,1250,1
1340,1612,1
1340,1620,1
1340,1003,1
1340,1600,1
1340,1623,1
1340,1293,1
1340,1242,1
1340,1491,1
1340,1146,1
1340,1416,1
1340,1597,1
1340,1390,1
1340,1833,1
1340,1653,1
1340,1652,1
1340,1746,1
1340,1532,1
1340,1799,1
1340,1557,1
1340,1714,1
1340,1688,1
1340,1209,1
1340,1076,1
1340,1867,1
1340,1344,1
1340,1750,1
1340,1547,1
1340,1683,1
1340,1721,1
1340,1888,1
1340,1049,1
1340,1112,1
1340,1800,1
1340,1375,1
1340,1827,1
1340,1572,1
1340,1613,1
1340,1079,1
1340,1538,1
1340,1644,1
1340,1886,1
1340,1198,1
1340,1339,1
1340,1181,1
1340,1819,1
1340,1184,1
1871,954,1
1871,1423,1
1871,1582,1
1871,1502,1
1871,919,1
1871,1716,1
1871,1794,1
1871,1277,1
1871,1099,1
1871,917,1
1871,984,1
1871,1303,1
1871,1066,1
1871,1495,1
1871,1704,1
1871,1848,1
1871,1406,1
1871,1108,1
1871,969,1
1871,1893,1
1871,1324,1
1871,1309,1
1871,1515,1
1871,1783,1
1871,1081,1
1871,1820,1
1871,1812,1
1871,1649,1
1871,1578,1
1871,941,1
1871,1104,1
1871,1508,1
1871,1282,1
1871,1591,1
1871,1316,1
1871,1573,1
1871,933,1
1871,1706,1
1871,1281,1
1871,1742,1
1871,1661,1
1871,1102,1
1871,898,1
1871,1020,1
1871,1261,1
1871,1732,1
1871,1018,1
1871,1824,1
1871,1451,1
1871,1014,1
1871,1392,1
1871,1894,1
1871,1396,1
1871,1170,1
1871,1158,1
1871,1192,1
1871,1245,1
1871,1454,1
1871,1828,1
1871,1067,1
1871,1751,1
1871,1907,1
1871,1729,1
1871,637,1
1871,1373,1
1871,971,1
1871,1273,1
1871,1382,1
1871,1032,1
1871,1583,1
1871,1680,1
1871,1204,1
1871,1166,1
954,1273,1
954,917,1
954,1706,1
954,1108,1
954,1591,1
954,1732,1
954,1515,1
954,1066,1
954,1120,1
954,1281,1
954,1830,1
954,1893,1
954,1303,1
954,1661,1
954,1729,1
954,1245,1
954,1502,1
954,1742,1
954,1495,1
954,1104,1
954,924,2
954,1820,1
954,1783,1
954,1751,1
954,969,1
954,1102,1
954,1812,1
954,1794,1
954,971,1
954,1020,1
954,1824,1
954,1781,1
954,1014,1
954,1324,1
954,1166,1
954,1373,1
954,1277,1
954,1649,1
954,941,1
954,1018,1
954,1382,1
954,1227,1
954,1595,1
954,1282,1
954,1396,1
954,984,1
954,1032,1
1718,1846,1
1718,1327,1
1718,1617,1
1718,1817,1
1718,1440,1
1718,1376,1
1718,1196,1
1718,1165,1
1718,1702,1
1718,1352,1
1718,1361,1
1718,1780,1
1718,1782,1
1718,1626,1
1718,1852,1
1718,1028,1
1718,1197,1
1718,1465,1
1718,1334,1
1718,1863,1
1718,1618,1
1718,1182,1
1718,921,1
1718,1485,1
1718,1509,1
1718,925,1
1718,1522,1
1718,1577,1
1718,1369,1
1718,1312,1
1718,1458,1
1718,1523,1
1718,1911,1
1718,1769,1
1718,1513,1
1718,1590,1
1718,1126,1
1718,916,1
1718,1663,1
1718,951,1
1718,1697,1
1718,1909,1
1718,1540,1
1846,1467,1
1846,946,1
1846,1614,1
1846,1485,1
1846,922,1
1846,1458,1
1846,1420,1
1846,1712,1
1846,1765,1
1846,1714,1
1846,1369,1
1846,897,1
1846,1195,1
1846,1214,1
1846,1161,1
1846,1312,1
1846,1851,1
1846,1272,1
1846,1376,1
1846,1305,1
1846,1817,1
1846,1026,1
1846,1590,1
1846,1434,1
1846,1639,1
1846,1513,1
1846,1255,1
1846,1352,1
1846,1405,1
1846,991,1
1846,1883,1
1846,1819,1
1582,1014,1
1582,1108,1
1582,1324,1
1582,1245,1
1582,1382,1
1582,1020,1
1582,1820,1
1582,1032,1
1582,1728,1
1582,1893,1
1582,1732,1
1582,1848,1
1582,1309,1
1582,1396,1
1582,919,1
1582,1373,1
1582,1812,1
1582,1661,1
1582,1281,1
1582,941,1
1582,1102,1
1582,1783,1
1582,1751,1
1582,1303,1
1582,1099,1
1582,1515,1
1582,917,1
1582,1828,1
1582,984,1
1582,1729,1
1582,1451,1
1582,1066,1
1582,1261,1
1582,1894,1
1582,1742,1
1582,1282,1
1438,1573,1
1438,1082,1
1438,1292,1
1438,1423,1
1438,1611,1
1438,1315,1
1438,981,1
1438,1592,1
1438,1628,1
1438,1859,1
1438,1347,1
1438,1636,1
1438,1277,1
1438,902,1
1438,1459,1
1438,1462,1
1438,957,1
1438,1129,1
1438,1587,1
1438,1432,1
1438,988,1
1438,1345,1
1438,1192,1
1438,1583,1
1438,1067,1
1438,1379,1
1438,1148,1
1438,975,1
1060,1859,1
1060,975,1
1060,1591,1
1060,1578,1
1060,637,1
1060,1715,1
1060,1742,1
1060,1148,1
1060,1475,1
1060,1158,1
1060,1903,1
1060,1067,1
1060,1636,1
1060,1515,1
1060,1152,1
1060,1661,1
1060,1459,1
1060,1347,1
1060,1257,1
1060,1277,1
1060,1716,1
1060,981,1
1060,1423,1
1060,1893,1
1060,1596,1
1060,641,1
1060,1019,1
1060,1104,1
1060,1009,1
1060,1426,1
1060,1227,1
1060,1628,1
1060,957,1
1060,1728,1
1060,1576,1
1060,1432,1
1060,1086,1
1060,1573,1
1060,1229,1
1060,1204,1
1060,917,1
1060,1373,1
1859,1715,1
1859,1661,1
1859,1583,1
1859,1277,1
1859,1680,1
1859,1204,1
1859,1350,1
1859,1596,1
1859,1655,1
1859,1413,1
1859,596,1
1859,957,1
1859,1221,1
1859,1257,1
1859,1192,1
1859,1347,1
1859,1628,1
1859,1426,1
1859,1857,1
1859,1636,1
1859,1229,1
1859,1104,1
1859,1082,1
1859,1820,1
1859,1345,1
1859,1459,1
1859,1019,1
1859,1635,1
1859,1862,1
1859,1148,1
1859,1284,1
1859,1432,1
1859,1067,1
1859,1227,1
1859,1462,1
1859,1036,1
1816,1619,1
1816,1222,1
1816,1003,1
1816,1864,1
1816,1209,1
1816,1597,1
1816,1391,1
1816,1888,1
1816,1269,1
1816,1132,1
1816,1868,1
1816,1653,1
1816,906,1
1816,1126,1
1816,1250,1
1816,1620,1
1816,1810,1
1816,1480,1
1816,1271,1
1816,1184,1
1816,947,1
1816,1125,1
1816,1717,1
1816,1076,1
1816,1663,1
1816,1078,1
1816,1399,1
1816,1344,1
1816,1107,1
1816,1457,1
1816,1006,1
1816,1330,1
1816,1390,1
1816,1367,1
1816,1741,1
1816,1488,1
1816,1377,1
1816,1352,1
1816,1302,1
1816,1547,1
1816,1456,1
1816,1730,1
1816,1712,1
1816,1409,1
1816,1584,1
1816,1867,1
1816,1380,1
1816,1198,1
1816,1075,1
1816,1580,1
1816,1665,1
1816,1617,1
1816,1902,1
1816,1431,1
1816,1688,1
1816,1623,1
1816,1757,1
1816,1238,1
1816,1339,1
1816,1612,1
1816,1600,1
1816,1800,1
1816,1721,1
1816,946,1
1816,1613,1
1816,1185,1
1816,1746,1
1816,1288,1
1816,1207,1
1816,1662,1
1816,1724,1
1816,1242,1
1816,1736,1
1816,1083,1
1816,1471,1
1816,1737,1
1816,1004,1
1816,1827,1
1816,1542,1
1816,1181,1
1816,1331,1
1816,1079,1
1816,1589,1
1816,1017,1
1816,1604,1
1816,1341,1
1816,1886,1
1816,1809,1
1816,1689,1
1816,1335,1
1816,960,1
1816,1668,1
1816,1172,1
1816,1483,1
1816,966,1
1816,1522,1
1816,1376,1
1816,1163,1
1816,1402,1
1816,1048,1
1816,1598,1
1816,1049,1
1816,1793,1
1816,1826,1
1816,1799,1
1816,1256,1
1816,1116,1
1816,1447,1
1816,1024,1
1816,1714,1
1619,1833,1
1619,1471,1
1619,1132,1
1619,1331,1
1619,1380,1
1619,1083,1
1619,1868,1
1619,1086,1
1619,1665,1
1619,960,1
1619,1205,1
1619,1861,1
1619,1823,1
1619,1078,1
1619,1291,1
1619,1335,1
1619,1271,1
1619,1184,1
1619,1341,1
1619,1480,1
1619,966,1
1619,1420,1
1619,1123,1
1619,1101,1
1619,1289,1
1619,1457,1
1619,1125,1
1619,1741,1
1619,959,1
1619,1359,1
1619,1288,1
1619,1024,1
1619,1361,1
1619,1662,1
1619,1849,1
1619,1879,1
1619,1256,1
1619,1207,1
1619,1068,1
1619,946,1
1619,1668,1
1619,1091,1
1619,1185,1
1619,1800,1
1619,983,1
1619,1772,1
1619,1390,1
1619,1040,1
1619,1107,1
1619,1006,1
1619,1351,1
1619,1663,1
1619,1250,1
1619,1302,1
1619,1542,1
1619,1571,1
1619,1736,1
1619,1584,1
1619,1809,1
1619,982,1
1619,1483,1
1619,1712,1
1619,1290,1
1619,916,1
1619,1172,1
1619,1352,1
1619,1886,1
1619,1612,1
1619,1604,1
1619,1238,1
1619,1888,1
1619,1330,1
1619,1402,1
1619,1547,1
1619,1336,1
1619,1793,1
1619,1039,1
1619,1130,1
1619,1399,1
1619,1603,1
1619,1488,1
1619,1683,1
1619,1126,1
1619,1456,1
1619,1826,1
1619,1757,1
1619,1722,1
1619,1431,1
1619,1285,1
1619,1163,1
1619,1146,1
1619,1447,1
1619,1832,1
1619,1714,1
1619,1746,1
1619,1598,1
1431,1734,1
1431,1782,1
1431,1888,1
1431,1721,1
1431,1509,1
1431,1470,1
1431,1079,1
1431,1439,1
1431,1491,1
1431,1554,1
1431,1557,1
1431,1250,1
1431,960,1
1431,1285,1
1431,1267,1
1431,1280,1
1431,1291,1
1431,1078,1
1431,916,1
1431,1612,1
1431,1905,1
1431,1049,1
1431,947,1
1431,1289,1
1431,1409,1
1431,1351,1
1431,934,1
1431,1255,1
1431,1198,1
1431,1886,1
1431,1600,1
1431,1457,1
1431,1195,1
1431,1361,1
1431,1480,1
1431,1590,1
1431,1597,1
1431,1238,1
1431,1402,1
1431,1564,1
1431,1614,1
1431,1849,1
1431,1344,1
1431,1003,1
1431,925,1
1431,1339,1
1431,1222,1
1431,946,1
1431,1163,1
1431,1663,1
1431,1717,1
1431,967,1
1431,1668,1
1431,1547,1
1431,1800,1
1431,1390,1
1431,1813,1
1431,1026,1
1431,1182,1
1431,1877,1
1431,966,1
1431,1305,1
1431,952,1
1431,1117,1
1431,1467,1
1431,1181,1
1431,1266,1
1431,1603,1
1431,1330,1
1431,1604,1
1431,1256,1
1431,1864,1
1431,1712,1
1431,1416,1
1431,1827,1
1431,921,1
1431,1365,1
1431,1191,1
1431,1101,1
1431,1367,1
1431,1335,1
1431,1613,1
1431,1902,1
1431,1746,1
1431,1737,1
1431,1793,1
1431,1845,1
1431,1242,1
1431,1570,1
1431,1006,1
1431,1456,1
1431,995,1
1431,1312,1
1431,1083,1
1431,1017,1
1431,1589,1
1431,1643,1
1431,980,1
1431,1810,1
1431,1135,1
1431,1608,1
1431,1530,1
1431,1376,1
1431,1076,1
1431,1107,1
1431,1662,1
1431,1752,1
1431,1004,1
1431,1675,1
1431,1900,1
1431,1736,1
1431,1879,1
1431,1826,1
1431,1714,1
1431,1302,1
1431,1842,1
1431,1434,1
1431,1471,1
1431,1623,1
1431,1441,1
1431,1683,1
1431,1867,1
1431,999,1
1431,1271,1
1431,1184,1
1431,1538,1
1431,972,1
1431,1447,1
1431,993,1
1431,978,1
1431,1272,1
1431,1341,1
1431,1535,1
1431,1665,1
1431,1146,1
1431,1689,1
1431,1086,1
1431,1055,1
1431,1833,1
1431,1522,1
1431,1269,1
1431,1832,1
1431,1735,1
1431,1757,1
1431,1024,1
1431,1730,1
1431,1544,1
1431,1799,1
1431,1488,1
1431,1331,1
1431,1185,1
1431,1128,1
1431,1243,1
1431,1207,1
1431,1352,1
1431,1483,1
1431,1063,1
1431,1172,1
1431,1779,1
1431,1584,1
1431,1069,1
1431,1125,1
1431,1823,1
1431,1585,1
1431,1551,1
1431,1868,1
1431,1669,1
1431,1598,1
1431,1377,1
1431,1685,1
1431,1380,1
1431,1750,1
1431,906,1
1431,1132,1
1431,1819,1
1431,1334,1
1431,1399,1
1431,1420,1
1431,1288,1
1431,1048,1
1431,1542,1
1431,1209,1
1431,1126,1
1431,1809,1
1431,1391,1
1431,1620,1
1431,1389,1
1431,1741,1
1734,1222,1
1734,1047,1
1734,921,1
1734,1164,1
1734,1334,1
1734,1845,1
1734,1026,1
1734,1800,1
1734,1668,1
1734,1603,1
1734,1554,1
1734,925,1
1734,1409,1
1734,967,1
1734,980,1
1734,1833,1
1734,1589,1
1734,1079,1
1734,1663,1
1734,1570,1
1734,932,1
1734,1861,1
1734,1557,1
1734,1467,1
1734,1146,1
1734,978,1
1734,1888,1
1734,1604,1
1734,1775,1
1734,1185,1
1734,1613,1
1734,1685,1
1734,1551,1
1734,993,1
1734,1669,1
1734,907,1
1734,1312,1
1734,1341,1
1734,1352,1
1734,1746,1
1734,1902,1
1734,1741,1
944,1428,1
944,1504,1
944,1703,1
944,1249,1
944,1725,1
944,1131,1
944,1041,1
944,1709,1
944,1072,1
944,977,1
944,1525,1
944,1536,1
944,1634,1
944,1756,1
944,1876,1
944,1815,1
944,1630,1
944,1260,1
944,1748,1
944,1686,1
944,1070,1
944,1051,1
944,1469,1
944,1738,1
944,1169,1
944,965,1
944,1159,1
944,917,1
944,1338,1
944,1011,1
944,1275,1
944,1770,1
944,1306,1
944,1258,1
1428,1815,1
1428,1249,1
1428,1169,1
1428,949,1
1428,1703,1
1428,1306,1
1428,964,1
1428,1541,1
1428,1041,1
1428,1072,1
1428,1189,1
1428,1244,1
1428,651,1
1428,977,1
1428,1756,1
1428,1348,1
1428,1226,1
1428,1709,1
1428,1109,1
1428,1469,1
1428,1482,1
1428,1052,1
1428,1831,1
1428,389,1
1428,1904,1
1428,1624,1
1097,958,1
1097,1319,1
1097,1452,1
1097,992,1
1097,1378,1
1097,1880,1
1097,1424,1
1097,1648,1
1097,1798,1
1097,1371,1
1097,1837,1
1097,1895,1
1097,1118,1
1097,963,1
1097,1314,1
1097,1533,1
1097,1892,1
1097,1186,1
1097,1747,1
1097,1363,1
1097,1232,1
1097,1216,1
1097,1548,1
1097,903,1
1097,901,1
1097,1568,1
1097,1787,1
1097,1802,1
1097,1601,1
1097,1333,1
1097,1137,1
1097,1468,1
1097,1493,1
1097,938,1
1097,1733,1
958,1798,1
958,1493,1
958,1452,1
958,1648,1
958,1733,1
958,1186,1
958,1319,1
958,1880,1
958,1232,1
958,1216,1
958,1601,1
958,1787,1
958,1468,1
958,1533,1
958,1333,1
958,1895,1
958,1548,1
958,1118,1
958,1137,1
958,901,1
958,1837,1
958,1371,1
1488,1471,1
1488,1868,1
1488,1391,1
1488,1185,1
1488,1271,1
1488,1722,1
1488,960,1
1488,966,1
1488,1782,1
1488,1086,1
1488,1665,1
1488,1377,1
1488,1530,1
1488,1336,1
1488,1293,1
1488,1813,1
1488,1522,1
1488,1447,1
1488,1006,1
1488,932,1
1488,1467,1
1488,1124,1
1488,1542,1
1488,1024,1
1488,1823,1
1488,1879,1
1488,1285,1
1488,1832,1
1488,1184,1
1488,1125,1
1488,1291,1
1488,1288,1
1488,1584,1
1488,1107,1
1488,1380,1
1488,1207,1
1488,1302,1
1488,1746,1
1488,1712,1
1488,1280,1
1488,1402,1
1488,1457,1
1488,1117,1
1488,1399,1
1488,1063,1
1488,1250,1
1488,1272,1
1488,1604,1
1488,946,1
1488,972,1
1488,1352,1
1488,1456,1
1488,1826,1
1488,1078,1
1488,1330,1
1488,1335,1
1488,1359,1
1488,1480,1
1488,1003,1
1488,1668,1
1488,1845,1
1488,1827,1
1488,995,1
1488,1717,1
1488,1689,1
1488,1547,1
1488,1069,1
1488,1361,1
1488,978,1
1488,982,1
1488,1737,1
1488,1331,1
1488,1130,1
1488,1793,1
1488,1809,1
1488,1557,1
1488,1163,1
1488,1663,1
1488,1398,1
1488,1458,1
1488,1598,1
1488,1205,1
1488,1083,1
1488,1256,1
1488,1800,1
1488,1662,1
1488,1752,1
1488,1191,1
1488,1305,1
1488,1367,1
1488,1714,1
1488,1238,1
1488,1101,1
1488,1390,1
1488,1068,1
1488,1160,1
1488,1123,1
1488,1198,1
1488,1126,1
1488,1409,1
1488,1810,1
1488,983,1
1488,1741,1
1488,1554,1
1488,1341,1
1488,1888,1
1488,1833,1
1488,1863,1
1488,1132,1
1471,1530,1
1471,1799,1
1471,934,1
1471,1198,1
1471,1730,1
1471,1888,1
1471,1491,1
1471,1255,1
1471,1614,1
1471,1597,1
1471,1416,1
1471,921,1
1471,1652,1
1471,1126,1
1471,1352,1
1471,1590,1
1471,1185,1
1471,1832,1
1471,947,1
1471,1741,1
1471,1238,1
1471,1339,1
1471,978,1
1471,1184,1
1471,1334,1
1471,1736,1
1471,1556,1
1471,1024,1
1471,1663,1
1471,1800,1
1471,1447,1
1471,1222,1
1471,916,1
1471,1048,1
1471,1659,1
1471,1079,1
1471,1399,1
1471,1643,1
1471,1589,1
1471,1604,1
1471,1809,1
1471,925,1
1471,1083,1
1471,1123,1
1471,1133,1
1471,1612,1
1471,1269,1
1471,1132,1
1471,1580,1
1471,1289,1
1471,1302,1
1471,1376,1
1471,1006,1
1471,1256,1
1471,1668,1
1471,1004,1
1471,1554,1
1471,1207,1
1471,1879,1
1471,1868,1
1471,1278,1
1471,1538,1
1471,1712,1
1471,1793,1
1471,1902,1
1471,1623,1
1471,1214,1
1471,1172,1
1471,1146,1
1471,1551,1
1471,1369,1
1471,1398,1
1471,966,1
1471,1480,1
1471,1863,1
1471,1509,1
1471,1442,1
1471,1717,1
1471,1662,1
1471,1849,1
1471,1335,1
1471,1288,1
1471,1101,1
1471,1757,1
1471,1752,1
1471,1746,1
1471,1285,1
1471,1563,1
1471,1547,1
1471,1242,1
1471,1367,1
1471,1130,1
1471,1390,1
1471,1439,1
1471,1341,1
1471,1909,1
1471,1377,1
1471,1163,1
1471,1028,1
1471,1457,1
1471,1456,1
1471,1291,1
1471,1047,1
1471,1201,1
1471,997,1
1471,1842,1
1471,1271,1
1471,1086,1
1471,1017,1
1471,1584,1
1471,999,1
1471,1107,1
1471,1821,1
1471,1305,1
1471,1561,1
1471,1823,1
1471,1483,1
1471,1833,1
1471,1125,1
1471,1886,1
1471,1826,1
1471,1078,1
1471,993,1
1471,1753,1
1471,1827,1
1471,1600,1
1471,906,1
1471,1735,1
1471,1331,1
1471,1603,1
1471,1683,1
1471,1330,1
1471,1637,1
1471,1598,1
1471,1091,1
1471,1675,1
1471,1772,1
1471,1613,1
1471,960,1
1471,1714,1
1613,1250,1
1613,1376,1
1613,1608,1
1613,921,1
1613,1714,1
1613,1181,1
1613,1509,1
1613,1570,1
1613,1416,1
1613,1409,1
1613,1305,1
1613,1867,1
1613,1040,1
1613,1198,1
1613,1367,1
1613,1352,1
1613,1623,1
1613,1335,1
1613,1879,1
1613,1029,1
1613,1517,1
1613,1590,1
1613,1809,1
1613,1614,1
1613,1269,1
1613,1107,1
1613,1222,1
1613,1238,1
1613,1735,1
1613,1375,1
1613,1182,1
1613,1132,1
1613,1643,1
1613,1079,1
1613,1524,1
1613,1391,1
1613,1652,1
1613,1717,1
1613,1888,1
1613,1302,1
1613,947,1
1613,1267,1
1613,1388,1
1613,1547,1
1613,1612,1
1613,1054,1
1613,1483,1
1613,1272,1
1613,1833,1
1613,1439,1
1613,1028,1
1613,925,1
1613,1255,1
1613,993,1
1613,1447,1
1613,1390,1
1613,1312,1
1613,1003,1
1613,1563,1
1613,1799,1
1613,1712,1
1613,1554,1
1613,1243,1
1613,1689,1
1613,1813,1
1613,1026,1
1613,1334,1
1613,1868,1
1613,1290,1
1613,1800,1
1613,1772,1
1613,1891,1
1613,1402,1
1613,1191,1
1613,1598,1
1613,978,1
1613,1721,1
1613,1584,1
1613,1330,1
1613,1737,1
1613,1048,1
1613,980,1
1613,1291,1
1613,1184,1
1613,1683,1
1613,1668,1
1613,1685,1
1613,1902,1
1613,1653,1
1613,1185,1
1613,1730,1
1613,1076,1
1613,1126,1
1613,1522,1
1613,960,1
1613,1331,1
1613,1665,1
1613,1256,1
1613,1557,1
1613,1467,1
1613,1842,1
1613,1420,1
1613,1603,1
1613,1639,1
1613,1736,1
1613,1006,1
1613,1146,1
1613,1537,1
1613,1827,1
1613,1849,1
1613,1793,1
1613,1101,1
1613,1117,1
1613,1068,1
1613,1491,1
1613,1637,1
1613,1604,1
1613,1135,1
1613,1746,1
1613,1339,1
1613,1528,1
1613,1163,1
1613,1861,1
1613,1086,1
1613,916,1
1613,1752,1
1613,1663,1
1613,1293,1
1613,1675,1
1613,934,1
1613,997,1
1613,1289,1
1613,1765,1
1613,1172,1
1613,1530,1
1613,1620,1
1613,1617,1
1613,1823,1
1613,1644,1
1613,1669,1
1613,1821,1
1613,1757,1
1613,1377,1
1613,1662,1
1613,1242,1
1613,1271,1
1613,1589,1
1613,1753,1
1613,1580,1
1613,1214,1
1613,1811,1
1613,1456,1
1250,906,1
1250,1685,1
1250,1819,1
1250,1522,1
1250,1554,1
1250,1612,1
1250,1597,1
1250,1420,1
1250,1367,1
1250,1771,1
1250,1721,1
1250,1238,1
1250,1209,1
1250,1662,1
1250,1724,1
1250,1086,1
1250,1181,1
1250,1004,1
1250,1185,1
1250,526,1
1250,1746,1
1250,925,1
1250,1335,1
1250,1271,1
1250,1663,1
1250,1402,1
1250,1688,1
1250,1644,1
1250,1714,1
1250,1683,1
1250,1075,1
1250,1375,1
1250,1608,1
1250,1530,1
1250,1584,1
1250,1603,1
1250,1076,1
1250,1833,1
1250,1390,1
1250,1054,1
1250,1256,1
1250,1532,1
1250,1888,1
1250,1524,1
1250,947,1
1250,1380,1
1250,1339,1
1250,1712,1
1250,1620,1
1250,1717,1
1250,1572,1
1250,1079,1
1250,1547,1
1250,1600,1
1250,1589,1
1250,1902,1
1250,1757,1
1250,1416,1
1250,916,1
1250,1810,1
1250,1184,1
1250,1330,1
1250,967,1
1250,1754,1
1250,1078,1
1250,1049,1
1250,1278,1
1250,1877,1
1250,1242,1
1250,1456,1
1250,1652,1
1250,1765,1
1250,1617,1
1250,1750,1
1250,1737,1
1250,1800,1
1250,1435,1
1250,1689,1
1250,1126,1
1250,1879,1
1250,1110,1
1250,1653,1
1250,1255,1
1250,1557,1
1250,1026,1
1250,1861,1
1250,1659,1
1250,1146,1
1250,946,1
1250,1112,1
1250,1399,1
1250,1623,1
1250,952,1
1250,1376,1
1250,1799,1
1250,1752,1
1250,1793,1
1250,1288,1
1250,1827,1
1250,1491,1
1250,1741,1
1250,1352,1
1250,1293,1
1250,1205,1
1250,1198,1
1250,1849,1
1250,1736,1
1250,1730,1
1250,1003,1
1250,1017,1
1250,1867,1
1250,1344,1
1250,1341,1
1833,1242,1
1833,1339,1
1833,980,1
1833,1401,1
1833,1799,1
1833,1198,1
1833,947,1
1833,1782,1
1833,1420,1
1833,1336,1
1833,1617,1
1833,1130,1
1833,1712,1
1833,1736,1
1833,1181,1
1833,1827,1
1833,1402,1
1833,1267,1
1833,1214,1
1833,1416,1
1833,1334,1
1833,1243,1
1833,1467,1
1833,1126,1
1833,1341,1
1833,1819,1
1833,1288,1
1833,946,1
1833,1004,1
1833,1312,1
1833,1669,1
1833,1603,1
1833,1608,1
1833,1291,1
1833,1662,1
1833,1335,1
1833,1086,1
1833,1463,1
1833,1207,1
1833,1377,1
1833,1793,1
1833,1352,1
1833,1255,1
1833,1683,1
1833,1491,1
1833,1612,1
1833,1172,1
1833,1289,1
1833,1351,1
1833,1078,1
1833,1867,1
1833,1580,1
1833,1399,1
1833,1623,1
1833,1017,1
1833,1849,1
1833,1028,1
1833,1480,1
1833,1456,1
1833,1361,1
1833,1375,1
1833,1563,1
1833,1685,1
1833,1191,1
1833,1238,1
1833,1570,1
1833,1571,1
1833,983,1
1833,1367,1
1833,1006,1
1833,1184,1
1833,1598,1
1833,1809,1
1833,1123,1
1833,1076,1
1833,1547,1
1833,1888,1
1833,966,1
1833,967,1
1833,982,1
1833,1741,1
1833,1721,1
1833,1584,1
1833,1509,1
1833,1390,1
1833,1643,1
1833,1554,1
1833,1665,1
1833,1842,1
1833,1398,1
1833,1522,1
1833,1879,1
1833,960,1
1833,999,1
1833,1800,1
1833,1146,1
1833,1457,1
1833,1663,1
1833,1557,1
1833,978,1
1833,1302,1
1833,1737,1
1833,1083,1
1833,1079,1
1833,1668,1
1833,1305,1
1833,1538,1
1833,1752,1
1833,1753,1
1833,1689,1
1833,1886,1
1833,1730,1
1833,1125,1
1833,1391,1
1833,1750,1
1833,1024,1
1833,921,1
1833,1532,1
1833,1823,1
1833,925,1
1833,1237,1
1833,993,1
1833,1256,1
1833,1902,1
1833,1810,1
1833,952,1
1833,934,1
1833,1269,1
1833,1614,1
1833,1330,1
1833,1272,1
1833,1132,1
1833,1290,1
1833,1589,1
1833,1117,1
1833,1271,1
1833,1620,1
1833,1675,1
1833,1746,1
1833,1597,1
1833,1653,1
1833,1107,1
1833,1714,1
1833,1185,1
1833,1128,1
1833,1530,1
1833,1376,1
1833,1163,1
1833,1735,1
1833,1757,1
1833,1551,1
1833,1813,1
1833,1101,1
1085,1518,1
1085,1420,1
1085,1136,1
1085,1360,1
1085,1553,1
1085,1825,1
1085,1410,1
1085,1187,1
1085,1307,1
1085,1567,1
1085,1866,1
1085,1687,1
1085,1165,1
1085,1178,1
1085,1317,1
1085,1555,1
1085,1705,1
1085,1803,1
1085,1847,1
1085,1719,1
1085,1511,1
1085,1328,1
1085,1193,1
1085,1421,1
1085,1588,1
1085,1537,1
1085,1098,1
1085,1088,1
1085,1274,1
1085,1593,1
1085,1806,1
1085,1494,1
1518,908,1
1518,1161,1
1518,1537,1
1518,1683,1
1518,1774,1
1518,1866,1
1518,1567,1
1518,1327,1
1518,1620,1
1518,1038,1
1518,1301,1
1163,1040,1
1163,1185,1
1163,1456,1
1163,1399,1
1163,1589,1
1163,1288,1
1163,1879,1
1163,1580,1
1163,1617,1
1163,1024,1
1163,1117,1
1163,1757,1
1163,1663,1
1163,1668,1
1163,1181,1
1163,1746,1
1163,983,1
1163,1017,1
1163,1068,1
1163,960,1
1163,1480,1
1163,916,1
1163,1335,1
1163,982,1
1163,1172,1
1163,1271,1
1163,1547,1
1163,1126,1
1163,1652,1
1163,1207,1
1163,1380,1
1163,1078,1
1163,1863,1
1163,1888,1
1163,1390,1
1163,1800,1
1163,946,1
1163,1238,1
1163,1125,1
1163,1028,1
1163,966,1
1163,1352,1
1163,1736,1
1163,1006,1
1163,1584,1
1163,1184,1
1163,959,1
1163,1101,1
1163,1083,1
1163,1604,1
1163,1886,1
1163,1665,1
1163,1285,1
1163,1004,1
1163,1123,1
1163,1076,1
1163,1809,1
1163,1331,1
1163,1107,1
1163,1305,1
1163,1714,1
1163,1351,1
1163,1367,1
1163,1598,1
1163,1130,1
1163,1256,1
1163,1832,1
1163,1447,1
1163,997,1
1163,1086,1
1163,1556,1
1163,1132,1
1163,1712,1
1163,1868,1
1163,1826,1
1040,1864,1
1040,1039,1
1040,1288,1
1040,1542,1
1040,1598,1
1040,1868,1
1040,972,1
1040,983,1
1040,1809,1
1040,1125,1
1040,1879,1
1040,1832,1
1040,1238,1
1040,1900,1
1040,1271,1
1040,1078,1
1040,1285,1
1040,1662,1
1040,1107,1
1040,1083,1
1040,960,1
1040,1330,1
1040,1793,1
1040,1069,1
1040,1132,1
1040,1712,1
1040,1519,1
1040,1589,1
1040,1006,1
1040,966,1
1040,1571,1
1040,1584,1
1040,1665,1
1040,1402,1
1040,1604,1
1040,1902,1
1040,1063,1
1040,1409,1
1040,1359,1
1040,1668,1
1040,1380,1
1040,916,1
1040,959,1
1040,1456,1
1040,1457,1
1040,1849,1
1040,1331,1
1040,1823,1
1040,1736,1
1040,1256,1
1040,1390,1
1040,1289,1
1040,1391,1
1040,1547,1
1040,982,1
1900,1101,1
1900,1402,1
1900,1620,1
1900,1809,1
1900,1302,1
1900,1256,1
1900,1736,1
1900,1006,1
1900,972,1
1900,916,1
1900,1330,1
1900,1288,1
1900,1238,1
1900,1359,1
1900,1519,1
1900,1063,1
1900,1710,1
1900,1285,1
1900,1868,1
1900,1069,1
1819,1557,1
1819,1618,1
1819,1689,1
1819,1765,1
1819,1255,1
1819,1737,1
1819,1540,1
1819,1390,1
1819,1600,1
1819,1827,1
1819,925,1
1819,1079,1
1819,1185,1
1819,1076,1
1819,1003,1
1819,1683,1
1819,1652,1
1819,1004,1
1819,1523,1
1819,1659,1
1819,1730,1
1819,1198,1
1819,946,1
1819,1376,1
1819,1736,1
1819,1075,1
1819,1222,1
1819,1112,1
1819,1800,1
1819,1746,1
1819,1678,1
1819,1589,1
1819,1209,1
1819,1128,1
1819,1877,1
1819,1752,1
1819,1639,1
1819,1717,1
1819,978,1
1819,1614,1
1819,1339,1
1819,1644,1
1819,1584,1
1819,1867,1
1819,1352,1
1819,1327,1
1819,1435,1
1819,1312,1
1819,1242,1
1819,1184,1
1819,1554,1
1819,1750,1
1819,1110,1
1819,1590,1
1819,1367,1
1819,1126,1
1819,1054,1
1819,1623,1
1819,1799,1
1819,1754,1
1819,1888,1
1819,1597,1
1819,1721,1
1819,1269,1
1819,1663,1
1819,1049,1
1819,1551,1
1819,1420,1
1819,1612,1
1557,1754,1
1557,1126,1
1557,1359,1
1557,1653,1
1557,1302,1
1557,1344,1
1557,1420,1
1557,1589,1
1557,1184,1
1557,1864,1
1557,1290,1
1557,1335,1
1557,1827,1
1557,1614,1
1557,1609,1
1557,1026,1
1557,1685,1
1557,1867,1
1557,1086,2
1557,1710,1
1557,1181,1
1557,1524,1
1557,1361,1
1557,946,1
1557,1689,1
1557,1004,1
1557,993,1
1557,1054,1
1557,1367,1
1557,1879,1
1557,1620,1
1557,1757,1
1557,1029,1
1557,1075,1
1557,952,1
1557,1888,1
1557,1799,1
1557,526,1
1557,1491,1
1557,1597,1
1557,1456,1
1557,1584,1
1557,1861,1
1557,1365,1
1557,925,1
1557,1669,1
1557,1377,1
1557,980,1
1557,1662,1
1557,1519,1
1557,1407,1
1557,916,1
1557,1663,1
1557,1623,1
1557,1393,1
1557,1746,1
1557,1267,1
1557,1683,1
1557,1339,1
1557,1076,1
1557,1079,1
1557,1644,1
1557,1617,1
1557,1659,1
1557,1523,1
1557,921,1
1557,1390,1
1557,1737,1
1557,1003,1
1557,1540,1
1557,1110,1
1557,1047,1
1557,1598,1
1557,1717,1
1557,1877,1
1557,1600,1
1557,1554,1
1557,978,1
1557,1750,1
1557,1376,1
1557,1736,1
1557,1643,1
1557,1352,1
1557,1242,1
1557,1391,1
1557,1603,1
1557,1772,1
1557,1688,1
1557,1164,1
1557,1886,1
1557,1049,1
1557,1800,1
1557,1612,1
1557,1730,1
1557,1752,1
1557,1522,1
1557,1185,1
1557,1823,1
1557,1399,1
1557,1198,1
1557,1017,1
1557,1793,1
1557,1269,1
1557,1724,1
1557,1128,1
1557,1845,1
1557,906,1
1557,1293,1
1557,967,1
1557,1312,1
1557,1721,1
1557,1048,1
1557,1222,1
1557,1735,1
1557,1375,1
1557,1528,1
1557,1416,1
1557,1209,1
1557,1146,1
1864,1842,2
1864,1222,1
1864,1420,1
1864,1125,1
1864,1849,1
1864,982,1
1864,1547,1
1864,1609,1
1864,1509,1
1864,1335,1
1864,1269,1
1864,1312,1
1864,1617,1
1864,526,1
1864,1623,1
1864,1540,1
1864,1753,1
1864,1722,1
1864,1185,1
1864,1290,1
1864,1110,1
1864,1191,1
1864,1399,1
1864,1522,1
1864,947,1
1864,916,1
1864,1800,1
1864,1723,1
1864,966,1
1864,993,1
1864,1056,1
1864,1116,1
1864,1491,1
1864,1107,1
1864,1813,1
1864,1551,1
1864,1879,1
1864,1528,1
1864,1048,1
1864,1101,1
1864,1730,1
1864,1117,1
1864,1351,1
1864,1049,1
1864,1074,1
1864,932,1
1864,1888,1
1864,1039,1
1864,1388,1
1864,1554,1
1864,999,1
1864,1341,1
1864,1689,1
1864,1571,1
1864,1205,1
1864,1128,1
1864,1614,1
1864,1603,1
1864,1219,1
1864,1331,1
1864,1017,1
1864,1714,1
1864,1289,1
1864,1393,1
1864,1736,1
1864,1827,1
1864,1006,1
1864,1584,1
1864,1688,1
1864,1078,1
1864,1519,1
1864,1793,1
1864,1589,1
1864,1214,1
1864,1845,1
1864,1902,1
1864,1376,1
1864,1407,1
1864,1291,1
1864,1075,1
1864,921,1
1864,983,1
1864,1377,1
1864,1662,1
1864,1620,1
1864,1409,1
1864,1256,1
1864,1754,1
1754,1528,2
1754,1074,1
1754,1393,1
1754,1359,1
1754,1407,1
1754,1617,1
1754,1335,1
1754,1571,1
1754,1048,1
1754,1722,1
1754,1879,1
1754,1116,1
1754,1730,1
1754,1291,1
1754,1688,1
1754,1723,1
1754,932,1
1754,1845,1
1754,1554,1
1754,1530,1
1754,1589,1
1754,1075,1
1754,1484,1
1754,1086,1
1754,947,1
1754,1243,1
1754,1736,1
1754,1049,1
1754,1620,1
1754,1184,1
1754,526,1
1754,1056,1
1754,1388,1
1754,1269,1
1754,1110,1
1754,982,1
1754,1551,1
1754,916,1
1754,1290,1
1754,1800,1
1754,1209,1
1754,1391,1
1754,1126,1
1754,1124,1
1754,1331,1
1813,1135,1
1813,1219,1
1813,1685,1
1813,1665,1
1813,1600,1
1813,1222,1
1813,1688,1
1813,1117,1
1813,1879,1
1813,1255,1
1813,1047,1
1813,1723,1
1813,1861,1
1813,1911,1
1813,1272,1
1813,1146,1
1813,1826,1
1813,1809,1
1813,1885,1
1813,1485,1
1813,1845,1
1813,1056,1
1813,1376,1
1813,1730,1
1813,913,1
1813,1663,1
1813,1079,1
1813,1184,1
1813,1305,1
1813,1049,1
1813,1487,1
1813,1639,1
1813,1086,1
1813,1126,1
1813,1842,1
1813,967,1
1813,1643,1
1813,997,1
1813,1563,1
1813,1811,1
1813,1172,1
1813,1026,1
1813,1335,1
1813,1029,1
1813,1243,1
1813,1389,1
1813,1367,1
1813,1535,1
1813,966,1
1813,1547,1
1813,1689,1
1813,1746,1
1813,1048,1
1813,925,1
1813,1868,1
1813,932,1
1813,1078,1
1813,1584,1
1813,1765,1
1813,1626,1
1813,1702,1
1813,1609,1
1813,995,1
1813,1256,1
1813,1805,1
1813,1800,1
1813,1483,1
1813,1604,1
1813,1420,1
1813,1291,1
1813,1497,1
1813,1388,1
1813,1888,1
1813,1361,1
1813,1110,1
1813,1683,1
1813,1528,1
1813,1006,1
1813,1124,1
1813,1075,1
1813,1393,1
1813,1399,1
1813,1101,1
1813,1551,1
1813,1827,1
1813,1530,1
1813,1554,1
1813,1617,1
1813,1659,1
1813,1799,1
1813,947,1
1813,1214,1
1813,1891,1
1813,921,1
1813,1669,1
1813,1321,1
1813,1646,1
1813,1620,1
1813,1491,1
1813,1589,1
1813,1327,1
1813,993,1
1813,978,1
1813,1391,1
1813,1517,1
1813,1447,1
1813,1280,1
1813,1205,1
1813,1132,1
1813,484,1
1813,1721,1
1813,1352,1
1813,1334,1
1813,1603,1
1813,980,1
1813,1675,1
1813,1160,1
1813,1238,1
1813,1181,1
1813,1359,1
1813,1377,1
1813,1470,1
1813,1570,1
1813,1540,1
1813,1074,1
1813,1076,1
1813,1867,1
1135,1146,1
1135,1746,1
1135,1185,1
1135,1584,1
1135,1688,1
1135,1238,1
1135,921,1
1135,1391,1
1135,1509,1
1135,1885,1
1135,1843,1
1135,1470,1
1135,1086,1
1135,1497,1
1135,1604,1
1135,1128,1
1135,1612,1
1135,1800,1
1135,1714,1
1135,1222,1
1135,1589,1
1135,1160,1
1135,1590,1
1135,1255,1
1135,1570,1
1135,1420,1
1135,1212,1
1135,1377,1
1135,1646,1
1135,1056,1
1135,1522,1
1135,993,1
1135,1130,1
1135,1312,1
1135,1620,1
1135,1675,1
1135,1637,1
1135,1663,1
1135,1483,1
1135,913,1
1135,1376,1
1135,1730,1
1135,1269,1
1135,1467,1
1135,947,1
1135,1881,1
1135,1164,1
1135,1867,1
1135,1888,1
1135,1389,1
1135,1243,1
1135,1723,1
1135,1603,1
1135,1334,1
1135,1352,1
908,1537,1
908,1567,1
908,1433,1
908,1077,1
908,1698,1
908,1274,1
908,1327,1
908,1588,1
908,1033,1
908,1866,1
908,1421,1
908,1465,1
908,1144,1
908,1511,1
908,1136,1
908,1687,1
908,1555,1
908,1806,1
908,950,1
908,1593,1
908,1203,1
908,1325,1
908,1825,1
908,1307,1
908,1615,1
908,1719,1
908,1360,1
908,900,1
908,1187,1
1537,1535,1
1537,998,1
1537,1029,1
1537,1567,1
1537,978,1
1537,950,1
1537,1498,1
1537,1856,1
1537,982,1
1537,1440,1
1537,1220,1
1537,1346,1
1537,1806,1
1612,1652,1
1612,1083,1
1612,1769,1
1612,1132,1
1612,1753,1
1612,946,1
1612,1420,1
1612,897,1
1612,1398,1
1612,1717,1
1612,1528,1
1612,1003,1
1612,978,1
1612,1365,1
1612,1867,1
1612,1721,1
1612,1243,1
1612,1290,1
1612,1597,1
1612,1608,1
1612,1367,1
1612,1522,1
1612,1181,1
1612,1006,1
1612,1675,1
1612,980,1
1612,1653,1
1612,1112,1
1612,1551,1
1612,1312,1
1612,1146,1
1612,1361,1
1612,1004,1
1612,1126,1
1612,1128,1
1612,1877,1
1612,1509,1
1612,1669,1
1612,1289,1
1612,1184,1
1612,1198,1
1612,1485,1
1612,1209,1
1612,1388,1
1612,1617,1
1612,1028,1
1612,952,1
1612,1570,1
1612,1107,1
1612,1391,1
1612,1891,1
1612,1271,1
1612,1750,1
1612,1344,1
1612,993,1
1612,1637,1
1612,1827,1
1612,1849,1
1612,916,1
1612,1668,1
1612,1774,1
1612,1480,1
1612,1662,1
1612,1736,1
1612,1334,1
1612,1335,1
1612,1826,1
1612,1376,1
1612,1589,1
1612,1195,1
1612,1689,1
1612,1746,1
1612,1530,1
1612,1614,1
1612,1730,1
1612,1399,1
1612,1447,1
1612,1305,1
1612,1390,1
1612,1341,1
1612,1799,1
1612,1196,1
1612,1302,1
1612,1026,1
1612,1600,1
1612,1810,1
1612,1757,1
1612,1800,1
1612,1351,1
1612,1752,1
1612,1272,1
1612,1101,1
1612,1339,1
1612,1683,1
1612,1741,1
1612,1663,1
1612,1563,1
1612,1823,1
1612,1267,1
1612,1242,1
1612,1879,1
1612,1123,1
1612,934,1
1612,1076,1
1612,1737,1
1612,1416,1
1612,1185,1
1612,921,1
1612,1255,1
1612,1269,1
1612,1182,1
1612,1590,1
1612,1714,1
1612,1603,1
1612,1886,1
1612,999,1
1612,1457,1
1612,1375,1
1612,1623,1
1612,925,1
1612,1352,1
1612,1238,1
1612,1735,1
1612,1643,1
1612,1079,1
1612,1405,1
1612,1048,1
1612,947,1
1612,1538,1
1612,1782,1
1612,1639,1
1612,1331,1
1612,1554,1
1612,1765,1
1612,1685,1
1612,1377,1
1612,1078,1
1612,1584,1
1612,1491,1
1612,960,1
1612,1888,1
1612,1125,1
1612,1054,1
1612,1467,1
1612,1017,1
1612,1130,1
1612,1851,1
1652,1717,1
1652,1540,1
1652,1746,1
1652,1086,1
1652,1623,1
1652,999,1
1652,1456,1
1652,1683,1
1652,1017,1
1652,1689,1
1652,1339,1
1652,1390,1
1652,1207,1
1652,1101,1
1652,1256,1
1652,1867,1
1652,1076,1
1652,1810,1
1652,1598,1
1652,1600,1
1652,1877,1
1652,1809,1
1652,1416,1
1652,1004,1
1652,1242,1
1652,1653,1
1652,1214,1
1652,1724,1
1652,1668,1
1652,966,1
1652,1132,1
1652,1665,1
1652,1083,1
1652,1344,1
1652,1079,1
1652,1367,1
1652,1737,1
1652,1538,1
1652,1643,1
1652,1879,1
1652,906,1
1652,1800,1
1652,1827,1
1652,1185,1
1652,1644,1
1652,1198,1
1652,1570,1
1652,1125,1
1652,1003,1
1652,1331,1
1652,1888,1
1652,1547,1
1652,1435,1
1652,1480,1
1652,960,1
1652,1184,1
1652,1712,1
1652,1024,1
1652,1662,1
1652,1597,1
1652,1107,1
1389,1377,1
1389,1447,1
1389,1359,1
1389,1330,1
1389,1584,1
1389,993,1
1389,1730,1
1389,1535,1
1389,1201,1
1389,1637,1
1389,1551,1
1389,921,1
1389,1117,1
1389,1609,1
1389,997,1
1389,1570,1
1389,1811,1
1389,1675,1
1389,1222,1
1389,1205,1
1389,978,1
1389,1467,1
1389,1604,1
1389,1391,1
1389,1669,1
1389,1470,1
1389,1888,1
1389,1843,1
1389,1334,1
1389,1663,1
1389,1047,1
1740,1122,1
1740,1113,1
1740,1574,1
1740,1512,1
1740,363,1
1740,1318,1
1740,1358,1
1740,936,1
1740,1179,1
1740,1673,1
1740,1349,1
1740,1565,1
1740,1694,1
1740,1766,1
1740,484,1
1740,566,1
1740,1606,1
1740,1320,1
1740,1778,1
1740,353,1
1740,1677,1
1740,1514,1
1740,1408,1
1740,526,1
1740,1616,1
1740,1300,1
1740,1882,1
1740,580,1
1740,1645,1
1740,428,1
1740,1744,1
1740,1210,1
1740,1001,1
1122,1878,1
1122,1427,1
1122,1574,1
1122,1113,1
1122,1408,1
1122,538,1
1122,1358,1
1122,912,1
1122,1349,1
1122,976,1
1122,1318,1
1122,1743,1
1122,641,1
1122,1677,1
1122,1790,1
1122,1400,1
1122,601,1
1122,1844,1
1122,1744,1
1122,1673,1
1122,651,1
1122,353,1
1122,1313,1
1122,1179,1
1122,1514,1
1122,1679,1
1122,1543,1
1122,363,1
1122,1692,1
1122,1155,1
1122,484,1
1122,606,1
1122,1882,1
1122,1645,1
1122,936,1
1122,1616,1
1122,1237,1
1122,1080,1
1122,1320,1
1122,993,1
1122,580,1
1352,1688,1
1352,1024,1
1352,1659,1
1352,1185,1
1352,1467,1
1352,1741,1
1352,1004,1
1352,1006,1
1352,1662,1
1352,1620,1
1352,1184,1
1352,1810,1
1352,1048,1
1352,1811,1
1352,1879,1
1352,1724,1
1352,1600,1
1352,1827,1
1352,1125,1
1352,1563,1
1352,1750,1
1352,1107,1
1352,1182,1
1352,1861,1
1352,1714,1
1352,1331,1
1352,1542,1
1352,1205,1
1352,1547,1
1352,1049,1
1352,1540,1
1352,1330,1
1352,1367,1
1352,1608,1
1352,1522,1
1352,1570,1
1352,946,1
1352,1614,1
1352,1675,1
1352,1126,1
1352,1772,1
1352,1272,1
1352,1047,1
1352,1456,1
1352,999,1
1352,1026,1
1352,1172,1
1352,1637,1
1352,1752,1
1352,1369,1
1352,952,1
1352,934,1
1352,1845,1
1352,1580,1
1352,1290,1
1352,1132,1
1352,1164,1
1352,1911,1
1352,1280,1
1352,1028,1
1352,1737,1
1352,1554,1
1352,1255,1
1352,1572,1
1352,967,1
1352,925,1
1352,1293,1
1352,1110,1
1352,1886,1
1352,1668,1
1352,1623,1
1352,1823,1
1352,1380,1
1352,1491,1
1352,995,1
1352,1288,1
1352,1376,1
1352,1160,1
1352,1086,1
1352,1078,1
1352,1663,1
1352,1289,1
1352,1849,1
1352,921,1
1352,1485,1
1352,1339,1
1352,1075,1
1352,1201,1
1352,1416,1
1352,1665,1
1352,1842,1
1352,1079,1
1352,1391,1
1352,1003,1
1352,993,1
1352,1146,1
1352,1269,1
1352,1243,1
1352,1447,1
1352,1209,1
1352,1584,1
1352,1683,1
1352,980,1
1352,1669,1
1352,1377,1
1352,1598,1
1352,1334,1
1352,1590,1
1352,966,1
1352,1867,1
1352,1001,1
1352,1219,1
1352,1198,1
1352,1589,1
1352,1717,1
1352,1302,1
1352,1888,1
1352,1891,1
1352,1617,1
1352,1335,1
1352,906,1
1352,1736,1
1352,1375,1
1352,1609,1
1352,1685,1
1352,1509,1
1352,1523,1
1352,1644,1
1352,1271,1
1352,1341,1
1352,1076,1
1352,1535,1
1352,1782,1
1352,1083,1
1352,1344,1
1352,1128,1
1352,1361,1
1352,1528,1
1352,1780,1
1352,1530,1
1352,1753,1
1352,1643,1
1352,1181,1
1352,1799,1
1352,947,1
1352,1746,1
1352,1390,1
1352,1420,1
1352,1439,1
1352,978,1
1352,1902,1
1352,1597,1
1352,1312,1
1352,1730,1
1352,1017,1
1352,1327,1
1352,1868,1
1352,1765,1
1352,1793,1
1352,1860,1
1352,1222,1
1352,1735,1
1352,1351,1
1352,1603,1
1352,1809,1
1352,1399,1
1352,1604,1
1352,1689,1
1352,1826,1
1352,1639,1
1352,1191,1
1352,1484,1
1352,1712,1
1352,1124,1
1352,1305,1
1352,1291,1
1352,1267,1
1352,1551,1
1352,1242,1
1352,1757,1
1352,1800,1
1352,1195,1
1352,1721,1
1483,959,1
1483,1736,1
1483,1456,1
1483,1879,1
1483,1220,1
1483,997,1
1483,1201,1
1483,1388,1
1483,1826,1
1483,1665,1
1483,1584,1
1483,1238,1
1483,1117,1
1483,1289,1
1483,1330,1
1483,1331,1
1483,1842,1
1483,1271,1
1483,1280,1
1483,1604,1
1483,1730,1
1483,1172,1
1483,1800,1
1483,1793,1
1483,1597,1
1483,1074,1
1483,1663,1
1483,1570,1
1483,1205,1
1483,1637,1
1483,1868,1
1483,1741,1
1483,1470,1
1483,1598,1
1483,1256,1
1483,1267,1
1483,1902,1
1483,932,1
1483,1849,1
1483,1723,1
1483,1772,1
1483,1809,1
1483,1083,1
1483,1409,1
1483,1214,1
1483,1832,1
1483,1402,1
1483,1243,1
1483,1589,1
1483,1714,1
1483,1609,1
1483,1746,1
1483,1685,1
1483,1517,1
1483,1551,1
1483,1535,1
1483,1722,1
1483,1420,1
1483,916,1
1483,1056,1
1483,1086,1
1483,1669,1
1483,1498,1
1483,1447,1
1483,1465,1
1483,1160,1
1483,1580,1
1483,1335,1
1483,1359,1
1483,1377,1
1483,1888,1
1483,897,1
1483,1571,1
1483,1029,1
1483,995,1
959,1809,1
959,1271,1
959,1551,1
959,1456,1
959,1006,1
959,1447,1
959,1868,1
959,1832,1
959,1029,1
959,1069,1
959,960,1
959,1519,1
959,1207,1
959,1063,1
959,1132,1
959,1380,1
959,1285,1
959,1598,1
959,1409,1
959,1256,1
959,1391,1
959,1107,1
959,1604,1
959,1205,1
959,1457,1
959,1201,1
959,1288,1
959,983,1
959,1663,1
959,972,1
959,1330,1
959,1078,1
959,1238,1
959,1039,1
959,1359,1
959,1402,1
959,1160,1
1569,1903,1
1569,994,1
1569,1093,1
1569,1167,1
1569,1418,1
1569,1051,1
1569,1699,1
1569,1703,1
1569,1364,1
1569,1745,1
1569,1818,1
1569,1444,1
1569,1630,1
1569,1473,1
1569,1635,1
1569,1646,1
1569,1525,1
1569,1334,1
1569,1481,1
1569,1258,1
1569,1807,1
1569,1611,1
1569,1183,1
1569,1540,1
1569,1221,1
1569,1159,1
1569,1862,1
1569,1650,1
1569,1106,1
1569,1591,1
1569,1529,1
1569,1435,1
1569,1781,1
1569,1496,1
1569,1783,1
1569,1709,1
1569,1658,1
1569,1872,1
1569,917,1
1569,1217,1
1569,1343,1
1569,1738,1
1569,1492,1
1569,1246,1
1903,1015,1
1903,1104,1
1903,1459,1
1903,1432,1
1903,1611,1
1903,1628,1
1903,1246,1
1903,1379,1
1903,1158,1
1903,1221,1
1903,1862,1
1903,1715,1
1903,975,1
1903,1204,1
1903,1009,1
1903,1082,1
1903,1583,1
1903,1426,1
1903,1596,1
1903,1872,1
1903,1277,1
1903,1423,1
1903,1873,1
1903,1315,1
1903,1345,1
1903,1636,1
1903,1682,1
1903,1462,1
1903,1635,1
641,1625,1
641,629,1
641,1778,1
641,1273,1
641,1830,1
641,353,1
641,1763,1
641,1070,1
641,414,1
641,962,1
641,1606,1
641,1400,1
641,1767,1
641,428,1
641,1565,1
641,1231,1
641,1313,1
641,1881,1
641,637,1
641,651,1
641,1436,1
641,1300,1
641,1358,1
641,1844,1
641,1882,1
641,1616,1
641,1766,1
641,1459,1
641,1210,1
641,915,1
641,580,1
641,1446,1
641,1113,1
641,1320,1
641,1179,1
641,1237,1
641,1318,1
641,1744,1
641,1573,1
641,606,1
641,1114,1
641,1475,1
641,1574,1
641,1671,1
641,1086,1
641,1332,1
1625,1574,1
1625,1660,1
1625,1766,1
1625,1763,1
1625,948,1
1625,1878,1
1625,1113,1
1625,1320,1
1625,1142,1
1625,1332,1
1625,1773,1
1625,1565,1
1625,1427,1
1625,915,1
1625,1294,1
1625,1844,1
1625,1318,1
1444,1876,2
1444,913,1
1444,1738,1
1444,1540,1
1444,1217,1
1444,526,1
1444,1699,1
1444,1630,1
1444,1258,1
1444,1183,1
1444,1500,1
1444,1783,1
1444,1051,1
1444,1807,1
1444,1703,1
1444,968,1
1444,606,1
1444,1435,1
1444,1052,1
1444,1536,1
1444,1436,1
1444,1713,1
1444,1343,1
1444,1409,1
1444,1062,1
1444,1159,1
1444,1620,1
1444,917,1
1876,1139,1
1876,1338,1
1876,1310,1
1876,1062,1
1876,1634,1
1876,1770,1
1876,1525,1
1876,1738,1
1876,1787,1
1876,1051,1
1876,1159,1
1876,1507,1
1876,1633,1
1876,1166,1
1876,1703,1
1876,1531,1
1876,1275,1
1876,1241,1
1876,1225,1
1876,1481,1
1876,1041,1
1876,1299,1
1876,1469,1
1876,1070,1
1876,1482,1
1876,1686,1
1876,1536,1
1876,1504,1
1876,1268,1
1876,1260,1
1876,1699,1
1876,1709,1
1876,1183,1
1876,1037,1
1876,1739,1
1876,1188,1
1876,1304,1
1876,1725,1
1876,1167,1
1876,1727,1
1876,917,1
1876,1906,1
1876,1052,1
1876,606,1
1876,964,1
1876,1664,1
1876,924,1
1876,1630,1
1876,1042,1
1876,1373,1
1192,1129,1
1192,1682,1
1192,1345,1
1192,1655,1
1192,637,1
1192,1691,1
1192,1515,1
1192,1462,1
1192,1459,1
1192,1857,1
1192,1628,1
1192,981,1
1192,1229,1
1192,1190,1
1192,975,1
1192,1227,1
1192,1592,1
1192,1596,1
1192,1790,1
1192,1257,1
1192,1647,1
1192,957,1
1192,1104,1
1192,1715,1
1192,1018,1
1192,915,1
1192,994,1
1192,1067,1
1192,1841,1
1192,1066,1
1192,1032,1
1192,1591,1
1192,1423,1
1192,1502,1
1192,1661,1
1192,1347,1
1192,984,1
1192,1292,1
1192,1082,1
1192,1576,1
1192,1716,1
1192,1204,1
1192,1587,1
1192,902,1
1192,1873,1
1192,1086,1
1192,988,1
1192,1379,1
1192,1019,1
1192,1611,1
1192,1649,1
1192,1872,1
1192,1742,1
1192,1231,1
1192,1862,1
1192,1680,1
1192,1413,1
1192,1573,1
1192,1284,1
1192,1893,1
1192,1720,1
1192,1282,1
1192,1277,1
1192,1120,1
1192,1036,1
1192,1432,1
1192,1583,1
1192,1764,1
1192,1148,1
1192,1315,1
1192,1015,1
1192,1578,1
1192,1706,1
1192,1636,1
1192,1550,1
1192,1426,1
1192,1014,1
1192,1115,1
1192,1595,1
1192,1158,1
1129,1404,1
1129,1158,1
1129,1576,1
1129,1014,1
1129,1082,1
1129,1550,1
1129,1872,1
1129,1720,1
1129,1587,1
1129,1592,1
1129,1277,1
1129,981,1
1129,1862,1
1129,1347,1
1129,1728,1
1129,1459,1
1129,1350,1
1129,1655,1
1129,1413,1
1129,1015,1
1129,1596,1
1129,1647,1
1129,1257,1
1129,1636,1
1129,596,1
1129,1229,1
1129,1611,1
1129,1764,1
1129,1857,1
1129,1691,1
1129,1573,1
1129,1231,1
1129,1873,1
1129,1583,1
1129,1716,1
1129,1292,1
1129,1019,1
1129,1462,1
1129,975,1
1129,1120,1
1129,1345,1
1129,1227,1
1129,1475,1
1129,1036,1
1129,902,1
1129,1204,1
1129,1104,1
1129,1628,1
1129,1841,1
1078,1420,1
1078,1823,1
1078,1377,1
1078,1390,1
1078,1809,1
1078,1886,1
1078,1185,1
1078,1752,1
1078,1256,1
1078,1793,1
1078,999,1
1078,1086,1
1078,1124,1
1078,1393,1
1078,1399,1
1078,1391,1
1078,1849,1
1078,1603,1
1078,1735,1
1078,526,1
1078,1608,1
1078,1367,1
1078,1730,1
1078,1842,1
1078,1668,1
1078,1219,1
1078,960,1
1078,1600,1
1078,1288,1
1078,1467,1
1078,1243,1
1078,1029,1
1078,1339,1
1078,1717,1
1078,1538,1
1078,1547,1
1078,1146,1
1078,1665,1
1078,1861,1
1078,1255,1
1078,1522,1
1078,1238,1
1078,1832,1
1078,1447,1
1078,1160,1
1078,1902,1
1078,1076,1
1078,1643,1
1078,1056,1
1078,1181,1
1078,1359,1
1078,1888,1
1078,1530,1
1078,1821,1
1078,1683,1
1078,1107,1
1078,1867,1
1078,952,1
1078,1004,1
1078,1198,1
1078,1409,1
1078,966,1
1078,1125,1
1078,1843,1
1078,1330,1
1078,1341,1
1078,1580,1
1078,1336,1
1078,1868,1
1078,947,1
1078,1335,1
1078,1598,1
1078,1172,1
1078,1083,1
1078,1551,1
1078,1302,1
1078,1380,1
1078,1662,1
1078,1028,1
1078,1285,1
1078,1331,1
1078,921,1
1078,1117,1
1078,1750,1
1078,1554,1
1078,1741,1
1078,1597,1
1078,1810,1
1078,1272,1
1078,983,1
1078,1456,1
1078,1289,1
1078,916,1
1078,1675,1
1078,1584,1
1078,1604,1
1078,1416,1
1078,1663,1
1078,1006,1
1078,1361,1
1078,1721,1
1078,1132,1
1078,1074,1
1078,1191,1
1078,1753,1
1078,1214,1
1078,1271,1
1078,1714,1
1078,1653,1
1078,906,1
1078,1800,1
1078,1017,1
1078,1267,1
1078,1669,1
1078,1799,1
1078,1376,1
1078,1757,1
1078,1291,1
1078,1222,1
1078,1736,1
1078,1101,1
1078,1620,1
1078,1746,1
1078,1184,1
1078,1542,1
1078,1024,1
1078,1126,1
1078,1826,1
1078,946,1
1078,1845,1
1078,1879,1
1078,1617,1
1078,1351,1
1078,1491,1
1078,1589,1
1078,982,1
1078,1457,1
1078,980,1
1078,1079,1
1420,1048,1
1420,921,1
1420,1376,1
1420,1523,1
1420,967,1
1420,1399,1
1420,1669,1
1420,1117,1
1420,1330,1
1420,947,1
1420,934,1
1420,1879,1
1420,1124,1
1420,1665,1
1420,1522,1
1420,1184,1
1420,1380,1
1420,1580,1
1420,1590,1
1420,1597,1
1420,1243,1
1420,993,1
1420,1390,1
1420,1331,1
1420,925,1
1420,1076,1
1420,1195,1
1420,897,1
1420,946,1
1420,1867,1
1420,1736,1
1420,1571,1
1420,1146,1
1420,1509,1
1420,1172,1
1420,1026,1
1420,1730,1
1420,1017,1
1420,1003,1
1420,1334,1
1420,1291,1
1420,1004,1
1420,1367,1
1420,1422,1
1420,1128,1
1420,1683,1
1420,1369,1
1420,1765,1
1420,907,1
1420,1365,1
1420,1675,1
1420,1800,1
1420,1721,1
1420,1589,1
1420,1269,1
1420,1456,1
1420,1341,1
1420,1028,1
1420,1746,1
1420,1584,1
1420,1305,1
1420,1902,1
1420,1467,1
1420,1735,1
1420,1361,1
1420,1659,1
1420,1530,1
1420,1750,1
1420,1101,1
1420,1290,1
1420,1255,1
1420,1554,1
1420,1237,1
1420,1752,1
1420,1185,1
1420,1551,1
1420,1603,1
1420,1538,1
1420,1714,1
1420,1238,1
1420,1891,1
1420,1182,1
1420,1272,1
1420,1491,1
1420,1782,1
1420,1799,1
1420,1112,1
1420,1823,1
1420,952,1
1420,1886,1
1420,1614,1
1420,1753,1
1420,1663,1
1420,1888,1
1420,1126,1
1420,1377,1
1420,1717,1
1420,1772,1
1420,1391,1
1420,1409,1
1420,1155,1
1420,1563,1
1420,932,1
1420,1827,1
1420,1570,1
1420,1637,1
1420,1312,1
1420,1485,1
1420,1513,1
1420,1689,1
1420,1047,1
1360,1579,1
1360,1187,1
1360,1593,1
1360,1203,1
1360,1144,1
1360,1708,1
1360,1045,1
1360,1698,1
1360,1678,1
1360,1098,1
1360,1325,1
1360,1433,1
1360,1719,1
1360,970,1
1360,1847,1
1360,1588,1
1360,1687,1
1360,1803,1
1360,1705,1
1360,1806,1
1360,1033,1
1360,1494,1
1360,1561,1
1360,1136,1
1360,1555,1
1360,1615,1
1360,1553,1
1360,1410,1
1360,1307,1
1360,1726,1
1360,1567,1
1360,1866,1
1360,1511,1
1579,1098,1
1579,1555,1
1579,1553,1
1794,1334,1
1794,1104,1
1794,968,1
1794,1575,1
1794,1658,1
1794,1515,1
1794,1364,1
1794,941,1
1794,1357,1
1794,1451,1
1794,1436,1
1794,987,1
1794,1850,1
1794,1429,1
1794,1818,1
1794,1503,1
1794,1183,1
1794,1350,1
1794,1273,1
1794,1807,1
1794,1910,1
1794,1217,1
1794,1489,1
1794,933,1
1794,1487,1
1794,1706,1
1794,1526,1
1794,1894,1
1794,1729,1
1794,969,1
1794,1427,1
1794,1725,1
1794,1598,1
1794,1464,1
1794,1704,1
1794,971,1
1794,1649,1
1794,1081,1
1794,1373,1
1794,1897,1
1794,1025,1
1794,1502,1
1794,1095,1
1794,1103,1
1794,1881,1
1794,1223,1
1794,1844,1
1794,1062,1
1794,1783,1
1794,1699,1
1794,1686,1
1794,1247,1
1334,1765,1
1334,1554,1
1334,1551,1
1334,1570,1
1334,1377,1
1334,1735,1
1334,1409,1
1334,1473,1
1334,1361,1
1334,1608,1
1334,1243,1
1334,526,1
1334,1185,1
1334,1182,1
1334,1492,1
1334,1584,1
1334,1391,1
1334,1897,1
1334,1563,1
1334,1255,1
1334,1753,1
1334,920,1
1334,1620,1
1334,1026,1
1334,1269,1
1334,1603,1
1334,1376,1
1334,1217,1
1334,967,1
1334,1222,1
1334,1807,1
1334,1630,1
1334,1658,1
1334,934,1
1334,968,1
1334,1675,1
1334,1525,1
1334,1509,1
1334,980,1
1334,1291,1
1334,1393,1
1334,1823,1
1334,1888,1
1334,1535,1
1334,1782,1
1334,1341,1
1334,1827,1
1334,606,1
1334,1663,1
1334,1164,1
1334,1146,1
1334,925,1
1334,1435,1
1334,1891,2
1334,1669,1
1334,1685,1
1334,1730,1
1334,995,1
1334,1793,1
1334,1048,1
1334,1637,1
1334,1258,1
1334,1467,1
1334,1124,1
1334,921,1
1334,1589,1
1334,1844,1
1334,1025,1
1334,1540,1
1334,1343,1
1334,1818,1
1716,1018,1
1716,1636,1
1716,1862,1
1716,1413,1
1716,1345,1
1716,1067,1
1716,1596,1
1716,1104,1
1716,989,1
1716,1628,1
1716,1392,1
1716,1432,1
1716,1379,1
1716,1591,1
1716,1611,1
1716,1459,1
1716,1158,1
1716,1841,1
1716,975,1
1716,637,1
1716,1292,1
1716,1573,1
1716,957,1
1716,1120,1
1716,1661,1
1716,1115,1
1716,1720,1
1716,1715,1
1716,1824,1
1716,1655,1
1716,1872,1
1716,1082,1
1716,1462,1
1716,1576,1
1716,1414,1
1716,1404,1
1716,1578,1
1716,1647,1
1716,1277,1
1716,1204,1
1716,1691,1
1716,1583,1
1716,1009,1
1716,1148,1
1716,1066,1
1716,1475,1
1716,1682,1
1765,1460,1
1765,1782,1
1765,1501,1
1765,1123,1
1765,1376,1
1765,1405,1
1765,1026,1
1765,1528,1
1765,1003,1
1765,1675,1
1765,1312,1
1765,1513,1
1765,1590,1
1765,947,1
1765,1048,1
1765,921,1
1765,1589,1
1765,1779,1
1765,1164,1
1765,1810,1
1765,1075,1
1765,1243,1
1765,1584,1
1765,1570,1
1765,1883,1
1765,1255,1
1765,1614,1
1765,1195,1
1765,1644,1
1765,897,1
1765,1522,1
1765,1272,1
1765,1670,1
1765,1637,1
1765,1842,1
1765,1480,1
1765,1730,1
1765,1639,1
1765,980,1
1765,1467,1
1765,1377,1
1765,1851,1
1765,1643,1
1765,1509,1
1765,1126,1
1703,1686,1
1703,1134,1
1703,1011,1
1703,1159,1
1703,1308,1
1703,1225,1
1703,1090,1
1703,1725,1
1703,1000,1
1703,1221,1
1703,1630,1
1703,1709,1
1703,913,1
1703,1037,1
1703,1304,1
1703,1258,1
1703,1699,1
1703,1131,1
1703,1167,1
1703,1469,1
1703,1041,1
1703,1299,1
1703,1640,1
1703,965,1
1703,1306,1
1703,1188,1
1703,1584,2
1703,977,1
1703,1748,1
1703,1338,1
1703,1310,1
1703,1373,1
1703,1496,1
1703,924,1
1703,1228,1
1703,1249,1
1703,1807,1
1703,1152,1
1703,1275,1
1703,1634,1
1703,1051,1
1703,1169,1
1703,1010,1
1703,1840,1
1703,1504,1
1703,1166,1
1703,1141,1
1703,1473,1
1703,1244,1
1703,974,1
1703,1139,1
1703,1260,1
1703,1525,1
1703,1482,1
1703,917,1
1703,1127,1
1703,1536,1
1703,1183,1
1703,1070,1
1686,1225,1
1686,1525,1
1686,1052,1
1686,1167,1
1686,1720,1
1686,1500,1
1686,1299,1
1686,1436,1
1686,1630,1
1686,1634,1
1686,1310,1
1686,965,1
1686,917,1
1686,1373,1
1686,1131,1
1686,1070,1
1686,1536,1
1686,1704,1
1686,1183,1
1686,1699,1
1686,1338,1
1686,1241,1
1686,1042,1
1686,1260,1
1686,1051,1
1686,1159,1
1686,1633,1
924,1260,1
924,1228,1
924,1310,1
924,1109,1
924,1725,1
924,974,1
924,1745,1
924,1037,1
924,1781,1
924,1709,1
924,1051,1
924,1258,1
924,1500,1
924,1000,1
924,1469,1
924,1496,1
924,1170,1
924,940,1
924,1906,1
924,1308,1
924,1127,1
924,1482,1
924,1830,1
924,1120,1
924,1070,1
924,1304,1
924,1536,1
924,1159,1
924,1525,1
924,1338,1
924,1188,1
924,1141,1
924,1010,1
924,1035,1
924,1275,1
1260,1815,1
1260,1070,1
1260,977,1
1260,1259,1
1260,1139,1
1260,1052,1
1260,1258,1
1260,1299,1
1260,1630,1
1260,1188,1
1260,1504,1
1260,1225,1
1260,1011,1
1260,1131,1
1260,1159,1
1260,1275,1
1260,1338,1
1260,1633,1
1260,1634,1
1260,1469,1
1260,1051,1
1260,1304,1
1260,917,1
1260,1709,1
1260,1167,1
1260,1725,1
1260,1525,1
1260,1308,1
1285,916,1
1285,1288,1
1285,1457,1
1285,1380,1
1285,1256,1
1285,1668,1
1285,1662,1
1285,1271,1
1285,1069,1
1285,1125,1
1285,1391,1
1285,1736,1
1285,960,1
1285,1336,1
1285,1006,1
1285,1086,1
1285,1238,1
1285,1888,1
1285,1832,1
1285,983,1
1285,1083,1
1285,1063,1
1285,1547,1
1285,1207,1
1285,1868,1
1285,972,1
1285,1665,1
1285,1793,1
1285,1849,1
1285,1879,1
1285,1456,1
1285,1447,1
1285,1399,1
1285,1809,1
1285,1712,1
1285,1024,1
1285,966,1
1285,1598,1
1285,1132,1
916,1331,1
916,1302,1
916,1402,1
916,1079,1
916,1028,1
916,1849,1
916,946,1
916,1172,1
916,1509,1
916,1390,1
916,1290,1
916,1750,1
916,1269,1
916,1207,1
916,1524,1
916,1879,1
916,1376,1
916,1125,1
916,1409,1
916,925,1
916,1006,1
916,1456,1
916,967,1
916,1184,1
916,1584,1
916,978,1
916,1255,1
916,1563,1
916,1823,1
916,1800,1
916,1312,1
916,1365,1
916,1238,1
916,947,1
916,1637,1
916,1662,1
916,1827,1
916,1643,1
916,966,1
916,1735,1
916,1063,1
916,1888,1
916,982,1
916,1665,1
916,999,1
916,1076,1
916,1868,1
916,983,1
916,1571,1
916,1753,1
916,1717,1
916,1668,1
916,1730,1
916,1267,1
916,1861,1
916,1712,1
916,1551,1
916,1736,1
916,1288,1
916,1214,1
916,1663,1
916,1047,1
916,952,1
916,1271,1
916,1617,1
916,1294,1
916,1589,1
916,1752,1
916,1598,1
916,1330,1
916,1380,1
916,1004,1
916,1597,1
916,1623,1
916,1256,1
916,1191,1
916,993,1
916,1530,1
916,1017,1
916,1361,1
916,1547,1
916,1902,1
916,1069,1
916,1222,1
916,1305,1
916,1289,1
916,1793,1
916,1182,1
916,1335,1
916,1522,1
916,1523,1
916,1746,1
916,1580,1
916,1614,1
916,1554,1
916,960,1
916,1809,1
916,1026,1
916,1293,1
916,1086,1
916,1685,1
916,1280,1
916,1399,1
916,972,1
916,1799,1
1714,952,1
1714,1608,1
1714,1737,1
1714,1125,1
1714,1086,1
1714,1570,1
1714,1665,1
1714,1126,1
1714,1639,1
1714,1267,1
1714,1554,1
1714,1365,1
1714,1902,1
1714,1827,1
1714,1409,1
1714,1076,1
1714,1344,1
1714,1800,1
1714,1769,1
1714,934,1
1714,1457,1
1714,1712,1
1714,960,1
1714,1589,1
1714,1112,1
1714,1547,1
1714,1017,1
1714,1185,1
1714,1117,1
1714,1447,1
1714,1243,1
1714,966,1
1714,1741,1
1714,1617,1
1714,1128,1
1714,1821,1
1714,925,1
1714,1198,1
1714,1336,1
1714,1597,1
1714,1402,1
1714,1339,1
1714,1305,1
1714,1736,1
1714,1584,1
1714,1675,1
1714,1752,1
1714,1456,1
1714,1293,1
1714,982,1
1714,1101,1
1714,1590,1
1714,1291,1
1714,1530,1
1714,1238,1
1714,1849,1
1714,1083,1
1714,1598,1
1714,1242,1
1714,947,1
1714,1879,1
1714,1146,1
1714,1289,1
1714,1604,1
1714,1826,1
1714,1799,1
1714,1491,1
1714,1717,1
1714,1867,1
1714,980,1
1714,1079,1
1714,1603,1
1714,921,1
1714,1004,1
1714,1669,1
1714,1182,1
1714,1376,1
1714,993,1
1714,1730,1
1714,1272,1
1714,1689,1
1714,1341,1
1714,1312,1
1714,1330,1
1714,1538,1
1714,1361,1
1714,1391,1
1714,1335,1
1714,1623,1
1714,1006,1
1714,1416,1
1714,1722,1
1714,1375,1
1714,1750,1
1714,1205,1
1714,1399,1
1714,1662,1
1714,1380,1
1714,1823,1
1714,1028,1
1714,1886,1
1714,1723,1
1714,1793,1
1714,946,1
1714,1746,1
1714,1388,1
1714,1390,1
1714,1643,1
1714,1757,1
1714,1600,1
1714,1184,1
1714,1377,1
1714,1255,1
1714,999,1
1714,1668,1
1714,1721,1
1714,1269,1
1714,1522,1
1714,1637,1
1714,1467,1
1714,1551,1
1714,1888,1
1714,1172,1
1714,1288,1
1714,1663,1
1714,1735,1
1714,1809,1
1714,1256,1
1714,1868,1
1714,1367,1
1714,1653,1
1714,1331,1
1714,1810,1
1714,1181,1
1714,1359,1
1714,1024,1
1714,1302,1
1714,1271,1
1714,1026,1
1714,1107,1
952,1746,1
952,934,1
952,1391,1
952,946,1
952,1128,1
952,1291,1
952,1554,1
952,1589,1
952,993,1
952,1086,1
952,1491,1
952,1028,1
952,1530,1
952,1752,1
952,1584,1
952,1823,1
952,1757,1
952,1341,1
952,1399,1
952,1735,1
952,1717,1
952,1800,1
952,1689,1
952,1603,1
952,1522,1
952,921,1
952,1736,1
952,1799,1
952,1810,1
952,1793,1
952,1376,1
952,1467,1
952,1750,1
952,1267,1
952,1730,1
952,1054,1
952,967,1
952,1888,1
952,1076,1
952,1185,1
952,1290,1
952,1662,1
952,1365,1
952,1184,1
952,1390,1
952,1377,1
952,1302,1
952,1269,1
952,1367,1
952,1017,1
952,1608,1
952,1827,1
952,1849,1
952,1886,1
952,1663,1
952,1597,1
952,1004,1
952,1617,1
952,1126,1
952,1572,1
1332,1210,1
1332,1881,1
1332,1878,1
1332,1446,1
1332,1464,1
1332,637,1
1332,1565,1
1332,1763,1
1332,1870,1
1332,1660,1
1332,1113,1
1332,948,1
1332,1318,1
1332,1645,1
1332,1427,1
1332,1080,1
1332,1901,1
1332,1773,1
1332,1320,1
1332,1358,1
1332,1237,1
1332,1487,1
1332,1882,1
1332,1766,1
1332,1147,1
1332,580,1
1332,1025,1
1332,1543,1
1332,1142,1
1332,1628,1
1332,1844,1
1332,1606,1
1332,363,1
1210,1446,1
1210,1574,1
1210,1844,1
1210,1113,1
1210,1212,1
1210,1744,1
1210,1778,1
1210,606,1
1210,428,1
1210,1358,1
1210,580,1
1210,1268,1
1210,1095,1
1210,1671,1
1210,1743,1
1210,1767,1
1210,1320,1
1210,1408,1
1210,1318,1
1210,1294,1
1210,1300,1
1210,1766,1
1210,1179,1
1210,1606,1
1210,1080,1
1210,1226,1
1210,1114,1
1210,962,1
1210,1427,1
1210,1692,1
1210,1831,1
1210,1565,1
1459,1680,1
1459,1857,1
1459,1426,1
1459,1495,1
1459,1392,1
1459,1190,1
1459,1204,1
1459,1282,1
1459,1036,1
1459,1893,1
1459,1475,1
1459,1550,1
1459,1502,1
1459,902,1
1459,1015,1
1459,1592,1
1459,1067,1
1459,1862,1
1459,975,1
1459,1872,1
1459,1583,1
1459,1315,1
1459,1515,1
1459,1783,1
1459,957,1
1459,1227,1
1459,1292,1
1459,1661,1
1459,1875,1
1459,1587,1
1459,1381,1
1459,1742,1
1459,1020,1
1459,1720,1
1459,994,1
1459,1229,1
1459,1649,1
1459,1345,1
1459,1019,1
1459,1715,1
1459,1231,1
1459,1636,1
1459,1082,1
1459,1706,1
1459,1576,1
1459,1404,1
1459,1591,1
1459,1873,1
1459,1489,1
1459,1120,1
1459,1573,1
1459,1423,1
1459,1647,1
1459,1066,1
1459,988,1
1459,1655,1
1459,984,1
1459,1277,1
1459,1611,1
1459,1848,1
1459,1014,1
1459,1102,1
1459,981,1
1459,1841,1
1459,1009,1
1459,1691,1
1459,1286,1
1459,1257,1
1459,1284,1
1459,1347,1
1459,1221,1
1459,1462,1
1459,1148,1
1459,1887,1
1459,1379,1
1459,1596,1
1459,1628,1
1459,1158,1
1459,1682,1
1459,1373,1
1680,1682,1
1680,1873,1
1680,1204,1
1680,941,1
1680,1413,1
1680,1345,1
1680,935,1
1680,902,1
1680,1872,1
1680,1432,1
1680,1691,1
1680,1587,1
1680,1082,1
1680,1636,1
1680,1231,1
1680,1284,1
1680,1857,1
1680,596,1
1680,1426,1
1680,1661,1
1680,1764,1
1680,1036,1
1680,1115,1
1680,1591,1
1680,1583,1
1680,1728,1
1680,1462,1
1680,1019,1
1680,1315,1
1680,1655,1
1680,1277,1
1680,1347,1
1680,1257,1
1680,1862,1
1680,975,1
1680,1227,1
1680,1596,1
1680,1086,1
1680,1104,1
1680,1009,1
1680,1067,1
1680,1715,1
1680,1893,1
1680,1576,1
1680,989,1
1680,1221,1
1222,1124,1
1222,1399,1
1222,1367,1
1222,1659,1
1222,1609,1
1222,1255,1
1222,1086,1
1222,1256,1
1222,1369,1
1222,1029,1
1222,1280,1
1222,1289,1
1222,1487,1
1222,1126,1
1222,1861,1
1222,1879,1
1222,1736,1
1222,1620,1
1222,1849,1
1222,1336,1
1222,1580,1
1222,1800,1
1222,1891,1
1222,1377,1
1222,1075,1
1222,1272,1
1222,1074,1
1222,1214,1
1222,997,1
1222,1717,1
1222,1675,1
1222,1793,1
1222,1006,1
1222,906,1
1222,1132,1
1222,1608,1
1222,1056,1
1222,1589,1
1222,1393,1
1222,1341,1
1222,1669,1
1222,1117,1
1222,1201,1
1222,1678,1
1222,1827,1
1222,1551,1
1222,1361,1
1222,921,1
1222,1243,1
1222,1603,1
1222,1584,1
1222,1753,1
1222,1570,1
1222,1663,1
1222,1238,1
1222,1811,1
1222,1509,1
1222,1331,1
1222,1359,1
1222,1185,1
1222,1291,1
1222,980,1
1222,1547,1
1222,1730,1
1222,1172,1
1222,1330,1
1222,1513,1
1222,913,1
1222,1447,1
1222,1049,1
1222,1590,1
1222,1267,1
1222,1772,1
1222,1047,1
1222,1867,1
1222,1688,1
1222,1604,1
1222,1245,1
1222,1702,1
1222,1881,1
1222,1017,1
1222,1888,1
1222,1439,1
1222,1160,1
1222,1076,1
1222,978,1
1222,1146,1
1222,1191,1
1222,1219,1
1222,1683,1
1222,1497,1
1222,1205,1
1222,1902,1
1222,1327,1
1222,1107,1
1222,1842,1
1222,1885,1
1222,966,1
1222,925,1
1222,1351,1
1222,1335,1
1222,1662,1
1222,1845,1
1222,1554,1
1222,1563,1
1222,999,1
1124,1191,1
1124,1702,1
1124,1305,1
1124,967,1
1124,1842,1
1124,1289,1
1124,999,1
1124,1843,1
1124,1665,1
1124,1398,1
1124,1799,1
1124,1683,1
1124,1626,1
1124,1440,1
1124,1160,1
1124,1563,1
1124,1554,1
1124,1827,1
1124,1006,1
1124,1219,1
1124,1858,1
1124,1501,1
1124,978,1
1124,1126,1
1124,1774,1
1124,1736,1
1124,1542,1
1124,1001,1
1124,1522,1
1124,1589,1
1124,1570,1
1124,1214,1
1124,1735,1
1124,1377,1
1124,1117,1
1124,1639,1
1124,1470,1
1124,1146,1
1124,1048,1
1124,1608,1
1124,1017,1
1124,1911,1
1124,1662,1
1124,1047,1
1124,1321,1
1124,1538,1
1124,1076,1
1124,1164,1
1124,1361,1
1124,1879,1
1124,1388,1
1124,1509,1
1124,1205,1
1124,1458,1
1124,1609,1
1124,1811,1
1124,1793,1
1124,1810,1
1124,1335,1
1124,1849,1
1124,1341,1
1124,1255,1
1124,1056,1
1124,1637,1
1124,1909,1
1124,1551,1
1124,1689,1
1124,1604,1
1124,1888,1
1124,1125,1
1124,1201,1
1124,1172,1
1124,997,1
1124,980,1
1124,1675,1
1124,1330,1
1124,1243,1
1124,1327,1
1124,1447,1
1124,1772,1
1124,1861,1
1124,925,1
1124,1028,1
1124,1753,1
1124,1359,1
1124,1902,1
1124,1659,1
1124,1485,1
1124,1184,1
1124,1580,1
1124,1663,1
1124,921,1
1124,1399,1
1124,1669,1
1124,1107,1
1124,1845,1
1124,1891,1
1124,1800,1
1399,1377,1
1399,1509,1
1399,932,1
1399,1402,1
1399,1867,1
1399,999,1
1399,1821,1
1399,1902,1
1399,1721,1
1399,1126,1
1399,1535,1
1399,1447,1
1399,1376,1
1399,1554,1
1399,1242,1
1399,1336,1
1399,1827,1
1399,1048,1
1399,1117,1
1399,1712,1
1399,1271,1
1399,1004,1
1399,1083,1
1399,1603,1
1399,1398,1
1399,1746,1
1399,1737,1
1399,1741,1
1399,1049,1
1399,1130,1
1399,921,1
1399,1289,1
1399,1107,1
1399,1730,1
1399,1256,1
1399,1181,1
1399,1662,1
1399,1017,1
1399,978,1
1399,1267,1
1399,1547,1
1399,1810,1
1399,983,1
1399,1388,1
1399,1006,1
1399,1826,1
1399,1335,1
1399,1079,1
1399,947,1
1399,1146,1
1399,1879,1
1399,1191,1
1399,946,1
1399,1683,1
1399,960,1
1399,1269,1
1399,1663,1
1399,1339,1
1399,1750,1
1399,1668,1
1399,1182,1
1399,1888,1
1399,982,1
1399,1736,1
1399,934,1
1399,1456,1
1399,1530,1
1399,1302,1
1399,1467,1
1399,1491,1
1399,925,1
1399,1556,1
1399,1457,1
1399,1584,1
1399,1076,1
1399,1380,1
1399,1351,1
1399,1522,1
1399,1367,1
1399,1086,1
1399,1604,1
1399,1532,1
1399,1344,1
1399,1563,1
1399,1172,1
1399,1669,1
1399,1849,1
1399,1101,1
1399,1845,1
1399,1473,1
1399,1198,1
1399,1390,1
1399,1799,1
1399,1185,1
1399,980,1
1399,1501,1
1399,1800,1
1399,1623,1
1399,1331,1
1399,1752,1
1399,993,1
1399,1809,1
1399,1125,1
1399,1793,1
1399,922,1
1399,1391,1
1399,1659,1
1399,1823,1
1399,1702,1
1399,1219,1
1399,1291,1
1399,1597,1
1399,1757,1
1399,1184,1
1399,1551,1
1399,1132,1
1399,1665,1
1399,1243,1
1399,1589,1
1399,1239,1
1399,1255,1
1399,1330,1
1399,1617,1
1399,1288,1
1399,1689,1
1399,1517,1
1399,1128,1
1399,1361,1
1399,1416,1
1399,966,1
1399,1074,1
1399,1341,1
1399,1868,1
1377,1447,1
1377,1753,1
1377,1811,1
1377,1028,1
1377,1669,1
1377,1800,1
1377,967,1
1377,1563,1
1377,1047,1
1377,1868,1
1377,1376,1
1377,947,1
1377,1793,1
1377,1256,1
1377,1535,1
1377,1603,1
1377,1076,1
1377,1079,1
1377,1029,1
1377,1219,1
1377,1597,1
1377,1609,1
1377,1842,1
1377,921,1
1377,1757,1
1377,1110,1
1377,1584,1
1377,1146,1
1377,1509,1
1377,526,1
1377,1659,1
1377,1600,1
1377,1195,1
1377,1843,1
1377,1663,1
1377,1623,1
1377,1881,1
1377,1238,1
1377,1497,1
1377,1335,1
1377,1056,1
1377,1331,1
1377,1620,1
1377,1269,1
1377,1675,1
1377,1554,1
1377,1302,1
1377,906,1
1377,1867,1
1377,1885,1
1377,980,1
1377,1470,1
1377,1886,1
1377,1128,1
1377,1185,1
1377,1551,1
1377,1799,1
1377,1255,1
1377,1646,1
1377,1589,1
1377,997,1
1377,1851,1
1377,1730,1
1377,934,1
1377,1570,1
1377,1132,1
1377,1823,1
1377,1416,1
1377,1130,1
1377,1388,1
1377,1741,1
1377,1126,1
1377,1861,1
1377,1614,1
1377,978,1
1377,1191,1
1377,1746,1
1377,1685,1
1377,1782,1
1377,1608,1
1377,1590,1
1377,1265,1
1377,1359,1
1377,1513,1
1377,1643,1
1377,1391,1
1377,1467,1
1377,1491,1
1377,1330,1
1377,1723,1
1377,1721,1
1377,1604,1
1377,995,1
1377,1049,1
1377,1528,1
1377,1086,1
1377,1201,1
1377,1688,1
1377,1291,1
1377,993,1
1377,1487,1
1377,1689,1
1377,1361,1
1377,1540,1
1377,1902,1
1377,1683,1
1377,1048,1
1377,1888,1
1377,1164,1
1377,1662,1
1377,1160,1
1377,1026,1
1377,1750,1
1377,1827,1
1377,925,1
1377,913,1
1377,1205,1
1377,1367,1
1377,1879,1
1377,1182,1
1377,1409,1
1377,1075,1
1377,1522,1
1377,1267,1
1377,1617,1
1377,1637,1
1377,946,1
1377,1598,1
1377,1717,1
1377,1117,1
1377,1639,1
1377,1341,1
1377,1290,1
1377,1214,1
1377,1243,1
1377,1891,1
975,1277,1
975,1473,1
975,1682,1
975,1345,1
975,1379,1
975,1611,1
975,902,1
975,1231,1
975,1655,1
975,1841,1
975,1862,1
975,1596,1
975,1404,1
975,1475,1
975,1347,1
975,1872,1
975,1587,1
975,1104,1
975,1423,1
975,1628,1
975,1573,1
975,1873,1
975,988,1
975,957,1
975,1636,1
975,1426,1
975,1502,1
975,1292,1
975,1591,1
975,1576,1
975,1227,1
975,1857,1
975,1583,1
975,1204,1
975,981,1
975,1462,1
1256,926,1
1256,1902,1
1256,972,1
1256,1361,1
1256,1447,1
1256,1547,1
1256,1331,1
1256,1736,1
1256,1809,1
1256,1083,1
1256,1160,1
1256,1006,1
1256,1351,1
1256,1359,1
1256,1289,1
1256,1849,1
1256,1480,1
1256,1456,1
1256,1214,1
1256,1288,1
1256,1390,1
1256,1271,1
1256,1123,1
1256,1457,1
1256,1132,1
1256,1551,1
1256,1757,1
1256,1207,1
1256,983,1
1256,1086,1
1256,1126,1
1256,1076,1
1256,1879,1
1256,1367,1
1256,1712,1
1256,1101,1
1256,1663,1
1256,1024,1
1256,1563,1
1256,1741,1
1256,1868,1
1256,1598,1
1256,1388,1
1256,1863,1
1256,1832,1
1256,1068,1
1256,1668,1
1256,1130,1
1256,966,1
1256,1637,1
1256,1826,1
1256,1335,1
1256,1665,1
1256,1800,1
1256,960,1
1256,906,1
1256,1117,1
1256,993,1
1256,1125,1
1256,997,1
1256,1380,1
1256,1639,1
1256,1409,1
1256,1620,1
1256,1172,1
1256,1341,1
1256,1330,1
1256,1302,1
1256,982,1
1256,1722,1
1256,897,1
1256,1458,1
1256,1717,1
1256,1746,1
1256,1589,1
1256,1470,1
1256,1509,1
1256,1336,1
1256,1524,1
1256,1107,1
1256,1029,1
1256,1888,1
1256,1662,1
1256,1238,1
1256,1542,1
1256,1554,1
1256,932,1
1256,1604,1
1256,1063,1
926,1056,1
926,1810,1
926,1191,1
926,1026,1
926,1151,1
926,1509,1
926,1608,1
926,1409,1
926,1722,1
926,1782,1
926,997,1
926,960,1
926,1255,1
926,946,1
926,1604,1
926,1280,1
926,1663,1
1345,1190,1
1345,1715,1
1345,1720,1
1345,1392,1
1345,1857,1
1345,1742,1
1345,1655,1
1345,1036,1
1345,1812,1
1345,1872,1
1345,1691,1
1345,1148,1
1345,1379,1
1345,1578,1
1345,1014,1
1345,1309,1
1345,1661,1
1345,1284,1
1345,1277,1
1345,1462,1
1345,1591,1
1345,1204,1
1345,1611,1
1345,1019,1
1345,1120,1
1345,1404,1
1345,1841,1
1345,1636,1
1345,1495,1
1345,1583,1
1345,1231,1
1345,1413,1
1345,1875,1
1345,1115,1
1345,1728,1
1345,1592,1
1345,902,1
1345,1783,1
1345,1009,1
1345,1229,1
1345,1862,1
1345,1292,1
1345,1595,1
1345,1221,1
1345,1587,1
1345,1015,1
1345,1764,1
1345,1628,1
1345,596,1
1345,1067,1
1345,1515,1
1345,1257,1
1345,957,1
1345,1381,1
1345,1432,1
1345,1550,1
1345,1635,1
1345,1315,1
1345,1873,1
1345,1573,1
1345,1158,1
1345,988,1
1345,1647,1
1345,1261,1
1345,1082,1
1345,1426,1
1345,1104,1
1345,989,1
1345,1893,1
1345,1596,1
1345,1576,1
1345,1347,1
1345,1475,1
1345,1227,1
1345,1350,1
1126,1456,1
1126,934,1
1126,1683,1
1126,1255,1
1126,1535,1
1126,1380,1
1126,1737,1
1126,1736,1
1126,1562,2
1126,1117,1
1126,1685,1
1126,1076,1
1126,1485,1
1126,1554,1
1126,1330,1
1126,1048,1
1126,1730,1
1126,1809,1
1126,1271,1
1126,1867,1
1126,1752,1
1126,1017,1
1126,1886,1
1126,1782,1
1126,1302,1
1126,1868,1
1126,925,1
1126,1522,1
1126,1376,1
1126,1288,1
1126,1480,1
1126,947,1
1126,1735,1
1126,1125,1
1126,1128,1
1126,1391,1
1126,1746,1
1126,1843,1
1126,921,1
1126,1669,1
1126,1623,1
1126,1006,1
1126,1523,1
1126,1196,1
1126,1185,1
1126,1712,1
1126,1547,1
1126,980,1
1126,1668,1
1126,1198,1
1126,1341,1
1126,993,1
1126,906,1
1126,1678,1
1126,1793,1
1126,1305,1
1126,1028,1
1126,1826,1
1126,1101,1
1126,1083,1
1126,1584,1
1126,1741,1
1126,1470,1
1126,1879,1
1126,1278,1
1126,1509,1
1126,1024,1
1126,1335,1
1126,1590,1
1126,1842,1
1126,1132,1
1126,1810,1
1126,1047,1
1126,1589,1
1126,1280,1
1126,982,1
1126,1327,1
1126,1849,1
1126,1242,1
1126,1563,1
1126,1351,1
1126,1207,1
1126,1336,1
1126,1191,1
1126,1361,1
1126,1079,1
1126,1827,1
1126,1663,1
1126,1107,1
1126,1201,1
1126,1447,1
1126,1753,1
1126,1146,1
1126,1721,1
1126,1551,1
1126,1659,1
1126,1689,1
1126,1467,1
1126,1821,1
1126,1662,1
1126,1665,1
1126,946,1
1126,1291,1
1126,1799,1
1126,1184,1
1126,1289,1
1126,1375,1
1126,1608,1
1126,1390,1
1126,1439,1
1126,1243,1
1126,1717,1
1126,1675,1
1126,1331,1
1126,999,1
1126,1603,1
1126,1604,1
1126,1617,1
1126,1598,1
1126,1086,1
1126,978,1
1126,1902,1
1126,1614,1
1126,1003,1
1126,1888,1
1126,1339,1
1126,966,1
1126,1269,1
1126,1909,1
1126,1267,1
1126,967,1
1126,1272,1
1126,960,1
1126,1823,1
1126,1800,1
1126,1195,1
1126,1643,1
1126,1757,1
1126,1344,1
1126,1402,1
1126,1491,1
1126,1367,1
1596,1432,1
1596,957,1
1596,1413,1
1596,941,1
1596,981,1
1596,1064,1
1596,1277,1
1596,1636,1
1596,1578,1
1596,1576,1
1596,1036,1
1596,1148,1
1596,1841,1
1596,1583,1
1596,902,1
1596,1190,1
1596,1204,1
1596,1347,1
1596,1257,1
1596,1475,1
1596,1502,1
1596,1611,1
1596,1862,1
1596,1158,1
1596,1873,1
1596,1573,1
1596,1426,1
1596,1550,1
1596,1221,1
1596,1229,1
1596,1227,1
1596,1082,1
1596,1009,1
1596,1373,1
1596,1292,1
1596,1115,1
1596,1872,1
1596,1231,1
1596,1682,1
1596,1104,1
1596,1587,1
1596,1379,1
1596,1628,1
1596,1691,1
1596,1857,1
1596,1404,1
1596,1120,1
1596,988,1
1596,1019,1
1596,1462,1
1596,1591,1
1596,1783,1
1596,1067,1
1432,1857,1
1432,1578,1
1432,1862,1
1432,1841,1
1432,1495,1
1432,1824,1
1432,1257,1
1432,1231,1
1432,1611,1
1432,1413,1
1432,1104,1
1432,1082,1
1432,1715,1
1432,1204,1
1432,1019,1
1432,1647,1
1432,1115,1
1432,1190,1
1432,1635,1
1432,1229,1
1432,1392,1
1432,1661,1
1432,1036,1
1432,1158,1
1432,1583,1
1432,1067,1
1432,1573,1
1432,989,1
1432,1347,1
1432,1462,1
1432,1350,1
1432,957,1
1432,1875,1
1432,1273,1
1432,1628,1
1432,1221,1
1432,1277,1
1414,1277,1
1414,1573,1
1414,1872,1
1414,1862,1
1752,1344,1
1752,1524,1
1752,1491,1
1752,1867,1
1752,1091,1
1752,1209,1
1752,1737,1
1752,1255,1
1752,1054,1
1752,1886,1
1752,1683,1
1752,1721,1
1752,1717,1
1752,1799,1
1752,1584,1
1752,1663,1
1752,1181,1
1752,1563,1
1752,1302,1
1752,1017,1
1752,1480,1
1752,1004,1
1752,1083,1
1752,1623,1
1752,1509,1
1752,1049,1
1752,1572,1
1752,925,1
1752,1079,1
1752,1614,1
1752,1390,1
1752,1198,1
1752,1861,1
1752,1597,1
1752,1688,1
1752,1522,1
1752,1184,1
1752,999,1
1752,1101,1
1752,1891,1
1752,1003,1
1752,1603,1
1752,1800,1
1752,1888,1
1752,1290,1
1752,1589,1
1752,1367,1
1752,1375,1
1752,1291,1
1752,1456,1
1752,1724,1
1752,1668,1
1752,1267,1
1752,1554,1
1752,1076,1
1752,1644,1
1752,1669,1
1752,967,1
1752,1376,1
1752,1750,1
1752,1746,1
1752,1868,1
1752,1416,1
1752,1600,1
1752,1365,1
1752,1132,1
1752,1024,1
1752,1339,1
1752,1530,1
1752,1827,1
1752,1735,1
1752,1242,1
1752,946,1
1752,1659,1
1752,1757,1
1752,1689,1
1752,1185,1
1752,947,1
1752,1075,1
1752,1112,1
1344,1746,1
1344,1079,1
1344,1146,1
1344,1390,1
1344,1663,1
1344,1861,1
1344,1184,1
1344,1075,1
1344,906,1
1344,1572,1
1344,1524,1
1344,1659,1
1344,1724,1
1344,1685,1
1344,1620,1
1344,1721,1
1344,1198,1
1344,1717,1
1344,1623,1
1344,1771,1
1344,1757,1
1344,1185,1
1344,1339,1
1344,1597,1
1344,1827,1
1344,1888,1
1344,1589,1
1344,925,1
1344,1653,1
1344,1600,1
1344,1004,1
1344,1710,1
1344,1730,1
1344,1416,1
1344,1538,1
1344,1181,1
1344,1570,1
1344,526,1
1344,1644,1
1344,1132,1
1344,1116,1
1344,1112,1
1344,1689,1
1344,1735,1
1344,1800,1
1344,1683,1
1344,1209,1
1344,1532,1
1344,1054,1
1344,1554,1
1344,1750,1
1344,1688,1
1344,1799,1
1344,1128,1
1344,1049,1
1344,1278,1
1344,1376,1
1344,1737,1
1344,1375,1
1344,1867,1
1344,1491,1
1344,1242,1
1344,1367,1
1344,1810,1
1344,946,1
1344,1669,1
1344,980,1
1344,1086,1
1344,1076,1
1344,1110,1
1402,1101,1
1402,1826,1
1402,1823,1
1402,1361,1
1402,1722,1
1402,1331,1
1402,1083,1
1402,1272,1
1402,1542,1
1402,1447,1
1402,1809,1
1402,1238,1
1402,1305,1
1402,1604,1
1402,1160,1
1402,1086,1
1402,946,1
1402,1888,1
1402,1280,1
1402,1267,1
1402,1868,1
1402,1617,1
1402,1390,1
1402,1827,1
1402,1117,1
1402,1757,1
1402,1456,1
1402,1746,1
1402,967,1
1402,1184,1
1402,1359,1
1402,1665,1
1402,1388,1
1402,1380,1
1402,1271,1
1402,1663,1
1402,1571,1
1402,1598,1
1402,1609,1
1402,1800,1
1402,1006,1
1402,1580,1
1402,983,1
1402,1391,1
1402,1772,1
1402,997,1
1402,1288,1
1101,1547,1
1101,1849,1
1101,1393,1
1101,1868,1
1101,1341,1
1101,1597,1
1101,1736,1
1101,1219,1
1101,1376,1
1101,1302,1
1101,1663,1
1101,1330,1
1101,1662,1
1101,960,1
1101,1522,1
1101,972,1
1101,1004,1
1101,1271,1
1101,1741,1
1101,1554,1
1101,1793,1
1101,982,1
1101,1390,1
1101,1289,1
1101,1083,1
1101,1398,1
1101,1809,1
1101,1589,1
1101,1827,1
1101,1902,1
1101,1712,1
1101,983,1
1101,1185,1
1101,1551,1
1101,966,1
1101,1842,1
1101,1874,1
1101,1456,1
1101,1207,1
1101,1132,1
1101,1746,1
1101,1086,1
1101,1598,1
1101,1888,1
1101,1107,1
1101,1800,1
1101,1845,1
1101,1335,1
1101,1191,1
1101,1079,1
1101,1017,1
1101,1288,1
1101,1665,1
1101,1069,1
1101,997,1
1101,1361,1
1101,1584,1
1101,1391,1
1101,1668,1
1101,1879,1
1101,1757,1
1101,1006,1
1101,1799,1
1101,1556,1
1101,947,1
1101,1637,1
1101,1278,1
1101,1535,1
1101,1416,1
1101,1063,1
1101,1125,1
1101,1480,1
1101,993,1
1101,1024,1
1101,1351,1
1101,1604,1
1101,1214,1
1101,1172,1
1101,1205,1
1101,1336,1
1837,1424,1
1837,1186,1
1837,903,1
1837,1363,1
1837,1533,1
1837,1802,1
1837,901,1
1837,1568,1
1837,1601,1
1837,1784,1
1837,1895,1
1837,1314,1
1837,1758,1
1837,1232,1
1837,1319,1
1837,1629,1
1837,1493,1
1837,1548,1
1837,1648,1
1837,1880,1
1837,992,1
1837,938,1
1837,1468,1
1837,1733,1
1837,1798,1
1837,1787,1
1837,1216,1
1837,1137,1
1837,1378,1
1837,963,1
1837,1118,1
1837,1747,1
1837,1333,1
1837,1452,1
1837,1371,1
1424,1216,1
1424,1896,1
1424,1733,1
1424,1880,1
1424,992,1
1424,1747,1
1424,1314,1
1424,1177,1
1424,1787,1
1424,938,1
1424,1889,1
1424,1895,1
1424,1601,1
1424,1798,1
1424,1339,1
1424,1548,1
1730,1074,1
1730,1243,1
1730,1393,1
1730,1390,1
1730,1750,1
1730,1639,1
1730,1467,1
1730,1330,1
1730,1006,1
1730,1205,1
1730,1239,1
1730,1447,1
1730,1723,1
1730,1604,1
1730,1823,1
1730,1416,1
1730,1741,1
1730,1047,1
1730,1551,1
1730,1289,1
1730,1827,1
1730,947,1
1730,1675,1
1730,1272,1
1730,1185,1
1730,1535,1
1730,1331,1
1730,1845,1
1730,1849,1
1730,1879,1
1730,1107,1
1730,1375,1
1730,1391,1
1730,993,1
1730,1774,1
1730,1644,1
1730,1209,1
1730,1132,1
1730,1547,1
1730,997,1
1730,1721,1
1730,1888,1
1730,906,1
1730,1164,1
1730,1665,1
1730,1242,1
1730,1291,1
1730,1886,1
1730,1584,1
1730,1861,1
1730,1753,1
1730,1689,1
1730,1757,1
1730,1509,1
1730,1775,1
1730,1800,1
1730,1214,1
1730,1685,1
1730,995,1
1730,1530,1
1730,1554,1
1730,1293,1
1730,1290,1
1730,932,1
1730,1736,1
1730,934,1
1730,1600,1
1730,1359,1
1730,1075,1
1730,1620,1
1730,1172,1
1730,1269,1
1730,1637,1
1730,1376,1
1730,1116,1
1730,1589,1
1730,1603,1
1730,1710,1
1730,1608,1
1730,1422,1
1730,982,1
1730,1238,1
1730,1609,1
1730,1470,1
1730,1491,1
1730,1110,1
1730,1267,1
1730,1146,1
1730,1683,1
1730,1614,1
1730,1517,1
1730,946,1
1730,1219,1
1730,1351,1
1730,925,1
1730,1028,1
1730,1722,1
1730,1617,1
1730,1563,1
1730,1540,1
1730,526,1
1730,1522,1
1730,1407,1
1730,1572,1
1730,1891,1
1730,1026,1
1730,1867,1
1730,1643,1
1730,1528,1
1730,980,1
1730,1255,1
1730,978,1
1730,1826,1
1730,1184,1
1730,1048,1
1730,1868,1
1730,1460,1
1730,1771,1
1730,1717,1
1730,1367,1
1730,966,1
1730,1341,1
1730,1017,1
1730,1117,1
1730,1086,1
1730,1312,1
1730,1737,1
1730,1388,1
1730,1659,1
1730,1842,1
1730,1305,1
1730,1128,1
1730,1278,1
1730,1380,1
1730,967,1
1730,1004,1
1730,1029,1
1730,1810,1
1730,1746,1
1730,1335,1
1730,1191,1
1730,907,1
1730,1662,1
1730,1651,1
1730,1571,1
1730,1793,1
1730,1485,1
1730,1049,1
1730,1688,1
1730,1902,1
1730,1079,1
1730,1663,1
1730,1195,1
1730,1513,1
1730,1524,1
1730,1409,1
1730,1799,1
1730,1811,1
1730,921,1
1730,1570,1
1730,1538,1
1730,1182,1
1730,1669,1
1730,1361,1
1730,1125,1
1074,1470,1
1074,1577,1
1074,1107,1
1074,1849,1
1074,1048,1
1074,1341,1
1074,1185,1
1074,1845,1
1074,1793,1
1074,1553,1
1074,1171,1
1074,1393,1
1074,1269,1
1074,1084,1
1074,1376,1
1074,1522,1
1074,1842,1
1074,1017,1
1074,1902,1
1074,980,1
1074,1331,1
1074,1617,1
1074,1736,1
1074,1012,1
1074,526,1
1074,1861,1
1074,897,1
1074,1407,1
1074,1551,1
1074,1570,1
1074,1620,1
1074,1685,1
1074,1662,1
1074,1519,1
1074,995,1
1074,1460,1
1074,1409,1
1074,1219,1
1074,1191,1
1074,932,1
1074,1554,1
1074,1465,1
1074,1116,1
1074,1888,1
1074,1029,1
980,1888,1
980,1603,1
980,1902,1
980,1675,1
980,1800,1
980,1683,1
980,921,1
980,1774,1
980,1422,1
980,1017,1
980,1547,1
980,1393,1
980,1049,1
980,1460,1
980,1128,1
980,1086,1
980,1827,1
980,1116,1
980,1717,1
980,1367,1
980,1563,1
980,1669,1
980,1331,1
980,907,1
980,1659,1
980,932,1
980,1467,1
980,1026,1
980,1305,1
980,995,1
980,1721,1
980,978,1
980,1891,1
980,967,1
980,1842,1
980,1484,1
980,1047,1
980,1351,1
980,1146,1
980,1491,1
980,1312,1
980,1823,1
980,1243,1
980,1793,1
980,1663,1
980,1079,1
980,1589,1
980,1269,1
980,1164,1
980,1191,1
980,934,1
980,1272,1
980,1376,1
980,1643,1
980,1775,1
980,1879,1
980,1195,1
980,1242,1
980,1662,1
980,1637,1
980,1570,1
980,1753,1
980,1551,1
980,1874,1
980,1746,1
980,1048,1
980,1584,1
980,1182,1
980,1685,1
980,1608,1
980,925,1
980,1239,1
980,1185,1
980,1845,1
980,1644,1
980,1861,1
980,1750,1
980,1782,1
980,1361,1
980,1267,1
980,1689,1
980,1554,1
980,1209,1
980,1290,1
980,993,1
1341,1376,1
1341,1547,1
1341,1390,1
1341,1184,1
1341,1823,1
1341,1879,1
1341,1736,1
1341,1800,1
1341,1886,1
1341,1735,1
1341,1538,1
1341,1267,1
1341,1006,1
1341,1888,1
1341,1048,1
1341,1530,1
1341,1185,1
1341,1351,1
1341,1663,1
1341,922,1
1341,1721,1
1341,1551,1
1341,1172,1
1341,966,1
1341,1685,1
1341,1584,1
1341,1361,1
1341,1608,1
1341,1712,1
1341,1821,1
1341,1255,1
1341,921,1
1341,1219,1
1341,1335,1
1341,1810,1
1341,1076,1
1341,1598,1
1341,1393,1
1341,1132,1
1341,1107,1
1341,1125,1
1341,1207,1
1341,983,1
1341,1380,1
1341,1668,1
1341,1128,1
1341,1123,1
1341,1242,1
1341,1563,1
1341,1491,1
1341,1842,1
1341,1845,1
1341,1589,1
1341,1603,1
1341,993,1
1341,1665,1
1341,1683,1
1341,1702,1
1341,947,1
1341,1750,1
1341,1416,1
1341,1117,1
1341,1305,1
1341,1017,1
1341,1467,1
1341,1827,1
1341,1367,1
1341,1826,1
1341,1746,1
1341,1331,1
1341,1391,1
1341,1542,1
1341,1799,1
1341,1291,1
1341,1214,1
1868,1391,1
1868,1757,1
1868,1668,1
1868,1132,1
1868,1130,1
1868,1069,1
1868,1665,1
1868,1207,1
1868,1598,1
1868,1722,1
1868,1530,1
1868,1580,1
1868,1331,1
1868,1409,1
1868,1330,1
1868,1380,1
1868,1663,1
1868,1547,1
1868,1772,1
1868,1288,1
1868,1793,1
1868,946,1
1868,1522,1
1868,1238,1
1868,1185,1
1868,966,1
1868,1086,1
1868,1535,1
1868,972,1
1868,1842,1
1868,1723,1
1868,1589,1
1868,1117,1
1868,1542,1
1868,1271,1
1868,1205,1
1868,1125,1
1868,1584,1
1868,1083,1
1868,1717,1
1868,995,1
1868,983,1
1868,1039,1
1868,1267,1
1868,1810,1
1868,1809,1
1868,1359,1
1868,1361,1
1868,1191,1
1868,1832,1
1868,1447,1
1868,1888,1
1868,997,1
1868,1741,1
1868,1746,1
1868,1551,1
1868,1457,1
1868,1390,1
1868,1172,1
1868,1902,1
1868,1470,1
1868,1800,1
1868,1712,1
1868,1006,1
1868,1826,1
1868,1160,1
1868,1280,1
1868,1388,1
1868,1201,1
1868,1456,1
1868,1604,1
1868,1063,1
1868,1024,1
1086,1391,1
1086,1302,1
1086,1291,1
1086,1830,1
1086,1207,1
1086,1022,1
1086,1075,1
1086,1185,1
1086,1675,1
1086,1665,1
1086,606,2
1086,1757,1
1086,1201,1
1086,1668,1
1086,993,1
1086,1271,1
1086,1375,1
1086,1243,1
1086,1679,1
1086,925,1
1086,1024,1
1086,1427,1
1086,1842,1
1086,1746,1
1086,1330,1
1086,1480,1
1086,1517,1
1086,1832,1
1086,1418,1
1086,1416,1
1086,947,1
1086,1727,1
1086,1143,1
1086,1522,1
1086,1339,1
1086,1068,1
1086,1589,1
1086,1447,1
1086,1598,1
1086,1273,1
1086,1335,1
1086,1049,1
1086,1509,1
1086,978,1
1086,1741,1
1086,1717,1
1086,1823,1
1086,1255,1
1086,1267,1
1086,1128,1
1086,960,1
1086,1849,1
1086,1125,1
1086,1608,1
1086,1164,1
1086,1827,1
1086,1288,1
1086,1032,1
1086,1130,1
1086,1809,1
1086,1198,1
1086,1867,1
1086,1879,1
1086,934,1
1086,1617,1
1086,1091,1
1086,1146,1
1086,1877,1
1086,1003,1
1086,1902,1
1086,1643,1
1086,1457,1
1086,1659,1
1086,1214,1
1086,1688,1
1086,1456,1
1086,1079,1
1086,1888,1
1086,1351,1
1086,1436,2
1086,1467,1
1086,1861,1
1086,1006,1
1086,1620,1
1086,1750,1
1086,1737,1
1086,1715,1
1086,1367,1
1086,1886,1
1086,1547,1
1086,1083,1
1086,1054,1
1086,1289,1
1086,1689,1
1086,1844,1
1086,1603,1
1086,1565,1
1086,1312,1
1086,1674,1
1086,1029,1
1086,1563,1
1086,1423,1
1086,1736,1
1086,1132,1
1086,1907,1
1086,1238,1
1086,1571,1
1086,1600,1
1086,1080,1
1086,1662,1
1086,1753,1
1086,637,1
1086,1800,1
1086,1810,1
1086,966,1
1086,1556,1
1086,596,1
1086,1429,1
1086,1123,1
1086,1117,1
1086,1604,1
1086,1721,1
1086,1390,1
1086,983,1
1086,1318,1
1086,1463,1
1086,1184,1
1086,1663,1
1086,1735,1
1086,1376,1
1086,1799,1
1086,1358,1
1086,1660,1
1086,946,1
1086,917,2
1086,1112,1
1086,1570,1
1086,1076,1
1086,1722,1
1086,1172,1
1391,1003,1
1391,1826,1
1391,1530,1
1391,1029,1
1391,1006,1
1391,1712,1
1391,1039,1
1391,1639,1
1391,1083,1
1391,1238,1
1391,1130,1
1391,1330,1
1391,1288,1
1391,1280,1
1391,1376,1
1391,1181,1
1391,1845,1
1391,1663,1
1391,1750,1
1391,1877,1
1391,1107,1
1391,1886,1
1391,1843,1
1391,1600,1
1391,1160,1
1391,1305,1
1391,1004,1
1391,1603,1
1391,1271,1
1391,1867,1
1391,1388,1
1391,1683,1
1391,1272,1
1391,1608,1
1391,1849,1
1391,1361,1
1391,982,1
1391,1205,1
1391,1827,1
1391,1125,1
1391,1746,1
1391,1832,1
1391,1662,1
1391,1782,1
1391,978,1
1391,1467,1
1391,946,1
1391,1597,1
1391,1312,1
1391,1017,1
1391,1048,1
1391,1799,1
1391,1184,1
1391,1584,1
1391,1470,1
1391,1128,1
1391,1685,1
1391,1079,1
1391,1269,1
1391,1076,1
1391,1669,1
1391,1522,1
1391,1675,1
1391,1409,1
1391,1056,1
1391,934,1
1391,1594,1
1391,1457,1
1391,1689,1
1391,1598,1
1391,1589,1
1391,1800,1
1391,947,1
1391,1570,1
1391,1535,1
1391,1540,1
1391,1164,1
1391,1049,1
1391,1509,1
1391,1604,1
1391,1351,1
1391,1267,1
1391,1554,1
1391,1336,1
1391,1551,1
1391,1668,1
1391,1182,1
1391,1390,1
1391,1717,1
1391,1026,1
1391,1291,1
1391,1491,1
1391,1123,1
1391,1255,1
1391,1185,1
1391,1367,1
1391,1809,1
1391,1735,1
1391,1380,1
1391,1793,1
1391,1888,1
1391,1810,1
1391,1447,1
1391,1339,1
1391,921,1
1391,1335,1
1391,1823,1
1391,1614,1
1391,1359,1
1391,1302,1
1391,1736,1
1391,1547,1
1391,997,1
1391,1146,1
1391,1116,1
1391,993,1
1391,1665,1
1771,1685,1
1771,1867,1
1771,1724,1
1771,1688,1
1771,1416,1
1771,1390,1
1771,1375,1
1771,1339,1
1771,906,1
1771,1800,1
1771,1112,1
1771,1710,1
1771,925,1
1771,1827,1
1771,1750,1
1771,1278,1
1685,993,1
1685,1312,1
1685,1775,1
1685,1722,1
1685,1376,1
1685,1017,1
1685,1056,1
1685,1026,1
1685,1570,1
1685,1861,1
1685,978,1
1685,1048,1
1685,1902,1
1685,1269,1
1685,1447,1
1685,1736,1
1685,1551,1
1685,1600,1
1685,1146,1
1685,1746,1
1685,1467,1
1685,1184,1
1685,1669,1
1685,921,1
1685,1603,1
1685,1407,1
1685,967,1
1685,1799,1
1685,1522,1
1685,1185,1
1685,1517,1
1685,1888,1
1685,1535,1
1685,1845,1
1685,1079,1
1685,1809,1
1685,1331,1
1685,1879,1
1685,907,1
1685,1272,1
1685,1800,1
1685,1528,1
1685,1367,1
1685,1164,1
1685,1380,1
1685,932,1
1685,1205,1
1685,1741,1
1685,1753,1
1685,1675,1
1685,1409,1
1685,1589,1
1685,1604,1
1685,1330,1
1039,1388,1
1039,1359,1
1039,1842,1
1039,1280,1
1039,1271,1
1039,1832,1
1039,1608,1
1039,1809,1
1039,1331,1
1039,1736,1
1039,1006,1
1039,1214,1
1039,1160,1
1039,1551,1
1039,1447,1
1039,1107,1
1039,1205,1
1081,1729,1
1081,1020,1
1081,1099,1
1081,1751,1
1081,1396,1
1081,1032,1
1081,1495,1
1081,1704,1
1081,941,1
1081,1282,1
1081,1261,1
1081,1277,1
1081,969,1
1081,1732,1
1081,1894,1
1081,1067,1
1081,1783,1
1081,1824,1
1081,1820,1
1081,898,1
1081,1742,1
1081,1515,1
1081,1573,1
1081,917,1
1003,1075,1
1003,1724,1
1003,1598,1
1003,1076,1
1003,1737,1
1003,1376,1
1003,1079,1
1003,1540,1
1003,1563,1
1003,1779,1
1003,1689,1
1003,925,1
1003,1523,1
1003,1184,1
1003,946,1
1003,1600,1
1003,1827,1
1003,1663,1
1003,1659,1
1003,1721,1
1003,1435,1
1003,1004,1
1003,967,1
1003,1683,1
1003,1367,1
1003,1331,1
1003,1589,1
1003,1888,1
1003,1851,1
1003,1293,1
1003,1712,1
1003,1741,1
1003,1750,1
1003,1255,1
1003,1867,1
1003,1653,1
1003,1242,1
1003,1480,1
1003,1272,1
1003,1639,1
1003,1644,1
1003,1623,1
1003,1305,1
1003,1618,1
1003,1877,1
1003,1637,1
1003,1614,1
1003,1191,1
1003,1054,1
1003,1809,1
1003,1416,1
1003,1717,1
1003,1843,1
1003,1513,1
1003,1484,1
1003,1800,1
1003,906,1
1003,1641,1
1003,1112,1
1003,1746,1
1003,1662,1
1003,1799,1
1003,1339,1
1003,1380,1
1003,1597,1
1003,1390,1
1823,1467,1
1823,1289,1
1823,1335,1
1823,999,1
1823,1172,1
1823,1750,1
1823,1584,1
1823,1589,1
1823,1663,1
1823,1028,1
1823,1401,1
1823,1879,1
1823,1185,1
1823,1269,1
1823,1597,1
1823,1598,1
1823,1643,1
1823,1068,1
1823,1810,1
1823,1302,1
1823,1107,1
1823,1207,1
1823,1267,1
1823,1712,1
1823,1644,1
1823,1509,1
1823,960,1
1823,1242,1
1823,1827,1
1823,1793,1
1823,921,1
1823,1128,1
1823,1547,1
1823,1818,1
1823,1191,1
1823,1017,1
1823,1736,1
1823,1146,1
1823,1491,1
1823,1886,1
1823,1390,1
1823,1608,1
1823,1365,1
1823,1683,1
1823,1746,1
1823,1570,1
1823,1620,1
1823,1125,1
1823,1662,1
1823,1571,1
1823,1184,1
1823,1331,1
1823,1272,1
1823,934,1
1823,1741,1
1823,1603,1
1823,1658,1
1823,1530,1
1823,1849,1
1823,1330,1
1823,1006,1
1823,1735,1
1823,1800,1
1823,1826,1
1823,966,1
1823,1522,1
1823,1305,1
1823,993,1
1823,1799,1
1823,947,1
1823,1376,1
1823,1291,1
1823,1902,1
1823,1888,1
1823,1367,1
1823,1669,1
1823,1214,1
1823,1668,1
1823,946,1
1191,993,1
1191,1331,1
1191,1570,1
1191,1669,1
1191,1554,1
1191,1589,1
1191,1243,1
1191,1172,1
1191,1800,1
1191,1219,1
1191,1861,1
1191,1056,1
1191,1393,1
1191,1205,1
1191,997,1
1191,1517,1
1191,1528,1
1191,1827,1
1191,1842,1
1191,1182,1
1191,1238,1
1191,1291,1
1191,978,1
1191,1290,1
1191,1811,1
1191,1620,1
1191,1048,1
1191,1643,1
1191,1736,1
1191,1584,1
1191,1639,1
1191,1447,1
1191,1609,1
1191,1663,1
1191,1888,1
1191,1863,1
1191,1195,1
1191,1388,1
1191,1267,1
1191,1280,1
1191,1006,1
1191,526,1
1191,1125,1
1191,1563,1
1191,1376,1
1191,1214,1
1191,1470,1
1191,1604,1
1191,1047,1
1191,1110,1
1191,1390,1
1191,1117,1
1191,1160,1
1191,897,1
1191,1107,1
1191,1879,1
1191,1571,1
1191,1551,1
1191,1049,1
1191,1491,1
1191,1359,1
1191,1608,1
1191,1407,1
1191,966,1
1191,932,1
1191,1335,1
1191,1361,1
1191,1675,1
1721,1584,1
1721,1375,1
1721,1800,1
1721,1643,1
1721,993,1
1721,1867,1
1721,1447,1
1721,1416,1
1721,1663,1
1721,1110,1
1721,1269,1
1721,1181,1
1721,1741,1
1721,1530,1
1721,1480,1
1721,1879,1
1721,1172,1
1721,1547,1
1721,1644,1
1721,1717,1
1721,1079,1
1721,1076,1
1721,1390,1
1721,966,1
1721,1849,1
1721,1683,1
1721,1112,1
1721,1184,1
1721,1688,1
1721,978,1
1721,967,1
1721,1799,1
1721,1600,1
1721,1026,1
1721,1049,1
1721,1185,1
1721,925,1
1721,1888,1
1721,1902,1
1721,1603,1
1721,1146,1
1721,946,1
1721,1659,1
1721,1491,1
1721,1623,1
1721,947,1
1721,1209,1
1721,1290,1
1721,1132,1
1721,1750,1
1721,1597,1
1721,1554,1
1721,1239,1
1721,1653,1
1721,1367,1
1721,1376,1
1721,1724,1
1721,934,1
1721,1017,1
1721,1827,1
1721,1736,1
1721,1331,1
1721,1746,1
1721,1243,1
1721,1004,1
1721,1198,1
1721,1589,1
1721,1054,1
1721,1255,1
1721,1107,1
1721,1689,1
1721,1551,1
1721,999,1
1721,1047,1
1721,1335,1
1584,1302,1
1584,934,1
1584,1617,1
1584,1380,1
1584,1205,1
1584,1152,1
1584,1741,1
1584,1416,1
1584,1243,1
1584,1902,1
1584,1614,1
1584,1753,1
1584,1554,1
1584,1800,1
1584,1750,1
1584,1457,1
1584,1658,2
1584,1799,1
1584,1547,1
1584,1879,1
1584,1590,1
1584,1589,1
1584,1146,1
1584,1598,1
1584,994,1
1584,993,1
1584,1185,1
1584,1736,1
1584,960,1
1584,1491,1
1584,1810,1
1584,1849,1
1584,1757,1
1584,1335,1
1584,1172,1
1584,1653,1
1584,637,1
1584,1269,1
1584,1600,1
1584,1712,1
1584,1639,1
1584,1289,1
1584,1238,1
1584,1051,1
1584,1330,1
1584,1184,1
1584,1595,2
1584,1024,1
1584,1181,1
1584,1669,1
1584,1663,1
1584,1056,1
1584,920,1
1584,1390,1
1584,1540,1
1584,1826,1
1584,921,1
1584,1894,1
1584,1242,1
1584,1435,1
1584,1312,1
1584,1867,1
1584,1076,1
1584,1376,1
1584,1305,1
1584,1258,2
1584,1026,1
1584,1017,1
1584,1604,1
1584,1538,1
1584,1473,1
1584,1683,1
1584,1509,1
1584,1159,1
1584,1365,1
1584,1048,1
1584,1886,1
1584,1522,1
1584,1182,1
1584,1456,1
1584,1608,1
1584,1793,1
1584,1746,1
1584,1207,1
1584,1827,1
1584,1164,1
1584,1467,1
1584,1427,1
1584,1267,1
1584,1125,1
1584,1272,1
1584,1809,1
1584,1339,1
1584,1117,1
1584,966,1
1584,1217,2
1584,968,1
1584,1006,1
1584,1198,1
1584,1343,1
1584,1128,1
1584,1735,1
1584,1675,1
1584,1807,1
1584,1255,1
1584,1551,1
1584,1107,1
1584,1845,1
1584,1877,1
1584,1530,1
1584,925,1
1584,946,1
1584,1513,1
1584,1331,1
1584,1668,1
1584,1597,1
1584,1717,1
1584,1375,1
1584,1079,1
1584,947,1
1584,1367,1
1584,1028,1
1584,1447,1
1584,1570,1
1584,1291,1
1584,1662,1
1584,1563,1
1584,1843,1
1584,1818,1
1584,999,1
1584,1603,1
1584,1409,1
1584,1271,1
1584,1361,1
1584,967,1
1584,1665,1
1584,1130,1
1584,1643,1
1584,526,1
1584,1888,1
1584,1004,1
1832,1083,1
1832,1542,1
1832,1409,1
1832,1809,1
1832,983,1
1832,1288,1
1832,1107,1
1832,1132,1
1832,1457,1
1832,1207,1
1832,1598,1
1832,1380,1
1832,1888,1
1832,1547,1
1832,966,1
1832,1068,1
1832,1280,1
1832,1712,1
1832,960,1
1832,1886,1
1832,1456,1
1832,1238,1
1832,1271,1
1832,1519,1
1832,947,1
1083,1331,1
1083,1132,1
1083,1800,1
1083,897,1
1083,1185,1
1083,1741,1
1083,1589,1
1083,1330,1
1083,1130,1
1083,1551,1
1083,1598,1
1083,1302,1
1083,1662,1
1083,1547,1
1083,1902,1
1083,1336,1
1083,1160,1
1083,1480,1
1083,1207,1
1083,1668,1
1083,1639,1
1083,1125,1
1083,983,1
1083,1809,1
1083,1888,1
1083,1736,1
1083,1172,1
1083,1722,1
1083,1184,1
1083,1205,1
1083,1390,1
1083,1757,1
1083,1799,1
1083,1238,1
1083,1663,1
1083,1447,1
1083,1826,1
1083,1746,1
1083,960,1
1083,1604,1
1083,1107,1
1083,1280,1
1083,1398,1
1083,1091,1
1083,982,1
1083,1513,1
1083,1076,1
1083,1456,1
1083,1288,1
1083,1271,1
1083,1851,1
1083,1024,1
1083,946,1
1083,1006,1
1083,1457,1
1083,1460,1
1083,997,1
1083,995,1
1083,966,1
1083,1470,1
1083,1063,1
1083,1380,1
1083,1665,1
1083,1712,1
1317,929,1
1317,1098,1
1317,1561,1
1317,1534,1
1317,1140,1
1317,991,1
1317,1641,1
1317,1087,1
1317,1564,1
1317,1803,1
1317,1701,1
1317,1656,1
1317,1838,1
1317,1165,1
1317,1369,1
1317,1049,1
1317,1567,1
929,1701,1
929,1838,1
946,960,1
946,1485,1
946,967,1
946,1547,1
946,1598,1
946,1196,1
946,1467,1
946,1398,1
946,1750,1
946,1580,1
946,1185,1
946,1589,1
946,1028,1
946,1782,1
946,1886,1
946,1305,1
946,1668,1
946,922,1
946,1182,1
946,1238,1
946,1637,1
946,1608,1
946,1746,1
946,1827,1
946,1048,1
946,1006,1
946,1026,1
946,1209,1
946,1079,1
946,1125,1
946,1146,1
946,1590,1
946,1614,1
946,1800,1
946,1312,1
946,1717,1
946,1267,1
946,1330,1
946,1181,1
946,1888,1
946,1849,1
946,1509,1
946,1793,1
946,968,1
946,1867,1
946,1243,1
946,1132,1
946,1689,1
946,1375,1
946,1123,1
946,1339,1
946,1653,1
946,1902,1
946,1390,1
946,1024,1
946,1741,1
946,1623,1
946,1331,1
946,1735,1
946,993,1
946,1737,1
946,1530,1
946,1597,1
946,1538,1
946,1753,1
946,1617,1
946,1376,1
946,1456,1
946,1184,1
946,1683,1
946,1416,1
946,1369,1
946,1289,1
946,991,1
946,1272,1
946,1826,1
946,1255,1
946,966,1
946,1491,1
946,925,1
946,1207,1
946,1712,1
946,1112,1
946,1879,1
946,947,1
946,1563,1
946,1076,1
946,1799,1
946,1242,1
946,1302,1
946,1757,1
946,1532,1
946,1810,1
946,1554,1
946,1603,1
946,1405,1
946,1480,1
946,1367,1
946,1662,1
946,1004,1
946,1172,1
946,1522,1
946,1365,1
946,1700,1
946,1736,1
946,1663,1
946,1570,1
946,1361,1
960,1571,1
960,1006,1
960,1409,1
960,1291,1
960,997,1
960,1799,1
960,1800,1
960,1107,1
960,1456,1
960,1888,1
960,1024,1
960,1617,1
960,1238,1
960,1863,1
960,972,1
960,1123,1
960,1271,1
960,1130,1
960,1668,1
960,1132,1
960,1480,1
960,1519,1
960,1547,1
960,1551,1
960,1793,1
960,1879,1
960,1809,1
960,998,1
960,1069,1
960,1068,1
960,1736,1
960,1289,1
960,1272,1
960,1447,1
960,1091,1
960,1712,1
960,1331,1
960,1207,1
960,966,1
960,1288,1
960,1827,1
960,1603,1
960,1665,1
960,1125,1
960,1214,1
960,1336,1
960,1663,1
960,982,1
960,1305,1
960,1542,1
960,1302,1
960,1398,1
960,1388,1
960,1390,1
960,1527,1
960,1604,1
960,1598,1
960,1017,1
1380,1662,1
1380,1331,1
1380,1712,1
1380,1623,1
1380,1570,1
1380,966,1
1380,1665,1
1380,1547,1
1380,1117,1
1380,1160,1
1380,1367,1
1380,1879,1
1380,1288,1
1380,1388,1
1380,1132,1
1380,1741,1
1380,1107,1
1380,1826,1
1380,1457,1
1380,1271,1
1380,1598,1
1380,1600,1
1380,1809,1
1380,1604,1
1380,1888,1
1380,1689,1
1380,983,1
1380,982,1
1380,1746,1
1380,1006,1
1380,1207,1
1380,1554,1
1380,1125,1
1380,1456,1
1380,1523,1
1380,1800,1
1380,1238,1
1380,1390,1
1380,1017,1
1380,1522,1
1380,1447,1
1380,1336,1
1662,1447,1
1662,1491,1
1662,1551,1
1662,1255,1
1662,1604,1
1662,1842,1
1662,1004,1
1662,1351,1
1662,1132,1
1662,1017,1
1662,1571,1
1662,1480,1
1662,1563,1
1662,1079,1
1662,1799,1
1662,1809,1
1662,1456,1
1662,966,1
1662,1238,1
1662,1800,1
1662,1467,1
1662,1712,1
1662,1547,1
1662,1542,1
1662,1554,1
1662,1735,1
1662,1683,1
1662,1538,1
1662,1006,1
1662,1160,1
1662,1746,1
1662,1623,1
1662,1293,1
1662,1757,1
1662,1460,1
1662,1272,1
1662,1603,1
1662,1665,1
1662,1810,1
1662,1219,1
1662,1376,1
1662,1117,1
1662,1617,1
1662,1879,1
1662,1668,1
1662,922,1
1662,1076,1
1662,1130,1
1662,1146,1
1662,1736,1
1662,1845,1
1662,1335,1
1662,1068,1
1662,1774,1
1662,983,1
1662,993,1
1662,1772,1
1662,1750,1
1662,1243,1
1662,1390,1
1662,1669,1
1662,1123,1
1662,1580,1
1662,1361,1
1662,1888,1
1662,978,1
1662,1530,1
1662,1598,1
1662,1639,1
1662,1214,1
1662,1185,1
1662,1181,1
1662,1125,1
1662,1827,1
1662,1172,1
1662,1267,1
1662,1280,1
1662,1388,1
1662,1689,1
1662,1184,1
1662,1331,1
1662,1589,1
1662,1107,1
1662,1891,1
1689,1746,1
1689,1524,1
1689,1290,1
1689,1540,1
1689,1665,1
1689,1663,1
1689,1198,1
1689,1554,1
1689,1617,1
1689,1184,1
1689,1004,1
1689,1367,1
1689,1888,1
1689,1523,1
1689,1750,1
1689,1683,1
1689,1736,1
1689,1181,1
1689,1608,1
1689,1390,1
1689,1688,1
1689,1597,1
1689,1509,1
1689,967,1
1689,1620,1
1689,1849,1
1689,1339,1
1689,1737,1
1689,1891,1
1689,1130,1
1689,1530,1
1689,1047,1
1689,1867,1
1689,1799,1
1689,1589,1
1689,1049,1
1689,1793,1
1689,1842,1
1689,1659,1
1689,1327,1
1689,1753,1
1689,1644,1
1689,1128,1
1689,1172,1
1689,1079,1
1689,1600,1
1689,993,1
1689,925,1
1689,1491,1
1689,1827,1
1689,906,1
1689,921,1
1689,1902,1
1689,1809,1
1689,1717,1
1689,1800,1
1689,1879,1
1689,1614,1
1689,1877,1
1689,1365,1
1689,1293,1
1689,1735,1
1689,1267,1
1689,1522,1
1689,1826,1
1689,1242,1
1689,1376,1
1689,1551,1
1689,1076,1
1689,1563,1
1689,1623,1
1689,1054,1
1689,1724,1
1689,1238,1
1689,1201,1
1689,1146,1
932,1238,1
932,1330,1
932,1620,1
932,1388,1
932,1409,1
932,997,1
932,1172,1
932,1029,1
932,1675,1
932,1571,1
932,1659,1
932,1604,1
932,1665,1
932,1775,1
932,1447,1
932,1589,1
932,1722,1
932,1827,1
932,995,1
932,1663,1
932,1517,1
932,1026,1
932,1741,1
932,982,1
932,1440,1
932,1056,1
932,1205,1
932,1331,1
932,1107,1
932,1535,1
932,1845,1
932,1594,1
932,1509,1
932,1302,1
932,1843,1
932,1902,1
932,1669,1
932,1580,1
932,1269,1
1238,1849,1
1238,1604,1
1238,1888,1
1238,1024,1
1238,1457,1
1238,1571,1
1238,1668,1
1238,1359,1
1238,1132,1
1238,1542,1
1238,1107,1
1238,1551,1
1238,1530,1
1238,966,1
1238,1722,1
1238,1335,1
1238,1675,1
1238,1717,1
1238,1842,1
1238,1056,1
1238,1688,1
1238,1517,1
1238,1280,1
1238,995,1
1238,1172,1
1238,1547,1
1238,967,1
1238,1125,1
1238,1881,1
1238,1361,1
1238,1146,1
1238,997,1
1238,1331,1
1238,1207,1
1238,1608,1
1238,1063,1
1238,1160,1
1238,1741,1
1238,1006,1
1238,1289,1
1238,1117,1
1238,1535,1
1238,1029,1
1238,1376,1
1238,1902,1
1238,1826,1
1238,1288,1
1238,484,1
1238,1793,1
1238,1809,1
1238,1845,1
1238,1255,1
1238,1800,1
1238,1867,1
1238,1205,1
1238,972,1
1238,1271,1
1238,1336,1
1238,1637,1
1238,1663,1
1238,1772,1
1238,1580,1
1238,1068,1
1238,1330,1
1238,1509,1
1238,1757,1
1238,1712,1
1238,1302,1
1238,1293,1
1238,1409,1
1238,1665,1
1238,1598,1
1238,1522,1
1238,1879,1
1238,1487,1
1238,1214,1
1238,1456,1
1238,1723,1
1238,1620,1
1238,1589,1
1238,913,1
1238,1388,1
1238,1069,1
1238,1746,1
1238,983,1
1238,1497,1
1238,1609,1
1238,1447,1
1238,1201,1
1238,1614,1
1238,1470,1
1608,997,1
1608,1509,1
1608,1753,1
1608,1800,1
1608,1861,1
1608,1643,1
1608,1369,1
1608,1746,1
1608,1663,1
1608,925,1
1608,1116,1
1608,1456,1
1608,993,1
1608,1590,1
1608,1603,1
1608,1182,1
1608,1339,1
1608,1079,1
1608,1530,1
1608,947,1
1608,1267,1
1608,934,1
1608,1201,1
1608,1736,1
1608,1409,1
1608,1554,1
1608,1293,1
1608,1269,1
1608,1195,1
1608,1280,1
1608,1551,1
1608,1390,1
1608,1772,1
1608,1902,1
1608,921,1
1608,1331,1
1608,1735,1
1608,1827,1
1608,1524,1
1608,1054,1
1608,1535,1
1608,1330,1
1608,1117,1
1608,1888,1
1608,1255,1
1608,1205,1
1608,1146,1
1608,1359,1
1608,1185,1
1608,1637,1
1608,1265,1
1608,1291,1
1608,1447,1
1608,1048,1
1608,1243,1
1608,1522,1
1608,1491,1
1608,1617,1
1608,1528,1
1608,1335,1
1608,1570,1
1608,1675,1
1608,1160,1
1608,1376,1
1608,1589,1
1608,1580,1
1608,1669,1
1608,1842,1
1608,1029,1
997,1551,1
997,1132,1
997,1361,1
997,1214,1
997,1535,1
997,1024,1
997,1172,1
997,1447,1
997,1675,1
997,1201,1
997,1637,1
997,1280,1
997,1580,1
997,1571,1
997,1570,1
997,1509,1
997,1409,1
997,1722,1
997,1331,1
997,1125,1
997,1336,1
997,1330,1
997,1267,1
997,1665,1
997,995,1
997,1563,1
997,1359,1
997,1517,1
997,1620,1
997,1604,1
997,1902,1
997,1255,1
997,1480,1
997,1146,1
997,1056,1
997,1243,1
997,1861,1
997,1029,1
997,1842,1
997,1006,1
997,1160,1
997,1205,1
997,1811,1
997,1663,1
997,1668,1
997,1809,1
997,1470,1
997,1609,1
997,1888,1
997,1741,1
997,1712,1
997,1772,1
997,1117,1
997,1793,1
997,1456,1
997,1669,1
997,1388,1
1530,1365,1
1530,1024,1
1530,1737,1
1530,1076,1
1530,1017,1
1530,1185,1
1530,1554,1
1530,1827,1
1530,1331,1
1530,1826,1
1530,1006,1
1530,1522,1
1530,1125,1
1530,1849,1
1530,1181,1
1530,1668,1
1530,1184,1
1530,1735,1
1530,1810,1
1530,1669,1
1530,1597,1
1530,1888,1
1530,999,1
1530,1800,1
1530,1291,1
1530,1580,1
1530,1746,1
1530,1563,1
1530,1289,1
1530,1243,1
1530,1107,1
1530,1491,1
1530,1617,1
1530,1598,1
1530,1367,1
1530,1132,1
1530,993,1
1530,1335,1
1530,1663,1
1530,1172,1
1530,1750,1
1530,925,1
1530,1603,1
1530,1339,1
1530,1589,1
1530,1267,1
1530,1198,1
1530,1643,1
1530,1793,1
1530,1416,1
1530,1902,1
1530,1809,1
1530,897,1
1530,1736,1
1530,1390,1
1530,1214,1
1530,1079,1
1530,1867,1
1530,1879,1
1583,1099,1
1583,1764,1
1583,1227,1
1583,1158,1
1583,1436,1
1583,1221,1
1583,1573,1
1583,1691,1
1583,1082,1
1583,1067,1
1583,1315,1
1583,1595,1
1583,1857,1
1583,1379,1
1583,1720,1
1583,1592,1
1583,981,1
1583,1350,1
1583,1392,1
1583,1413,1
1583,1655,1
1583,1015,1
1583,1257,1
1583,1204,1
1583,1261,1
1583,1682,1
1583,1728,1
1583,1812,1
1583,1841,1
1583,1783,1
1583,957,1
1583,1404,1
1583,1426,1
1583,1587,1
1583,1309,1
1583,1229,1
1583,988,1
1583,1381,1
1583,1190,1
1583,1382,1
1583,1423,1
1583,1873,1
1583,989,1
1583,1635,1
1583,1014,1
1583,1862,1
1583,1284,1
1583,1148,1
1583,1104,1
1583,1647,1
1583,1120,1
1583,1009,1
1583,1347,1
1583,1036,1
1583,1292,1
1583,1231,1
1583,1611,1
1583,1550,1
1583,1576,1
1583,1286,1
1583,1462,1
1583,1872,1
1583,1636,1
1583,1715,1
1583,1277,1
1583,1628,1
1583,1591,1
1583,1019,1
1583,1316,1
1583,1495,1
1099,1907,1
1099,1066,1
1099,1396,1
1099,1783,1
1099,1812,1
1099,984,1
1099,1032,1
1099,1515,1
1099,1508,1
1099,1273,1
1099,917,1
1099,1661,1
1099,1893,1
1099,1277,1
1099,1261,1
1099,1894,1
1099,1595,1
1099,1495,1
1099,1282,1
1099,1020,1
1099,1373,1
1099,1204,1
1099,1824,1
1099,1108,1
1099,1303,1
1099,919,1
1099,1751,1
1099,969,1
1099,1451,1
1099,1406,1
1099,1166,1
1099,1454,1
1099,1828,1
1099,1324,1
1099,898,1
1099,1018,1
1099,1014,1
1099,1820,1
1099,1848,1
1099,1245,1
1099,1309,1
1099,1729,1
1099,1382,1
1099,1316,1
1099,1102,1
1099,1732,1
1099,1742,1
1291,1741,1
1291,1302,1
1291,1028,1
1291,934,1
1291,1128,1
1291,1590,1
1291,1879,1
1291,1376,1
1291,1185,1
1291,947,1
1291,1800,1
1291,1390,1
1291,1842,1
1291,1547,1
1291,1603,1
1291,1637,1
1291,1255,1
1291,1643,1
1291,1668,1
1291,1597,1
1291,999,1
1291,1289,1
1291,1793,1
1291,1271,1
1291,1467,1
1291,1004,1
1291,1827,1
1291,1401,1
1291,1269,1
1291,1810,1
1291,1209,1
1291,1267,1
1291,1107,1
1291,1712,1
1291,1416,1
1291,1589,1
1291,1125,1
1291,1242,1
1291,1570,1
1291,1746,1
1291,925,1
1291,1398,1
1291,982,1
1291,921,1
1291,1132,1
1291,1736,1
1291,1598,1
1291,1146,1
1291,1491,1
1291,966,1
1291,1663,1
1291,993,1
1291,1335,1
1291,1675,1
1291,1750,1
1291,1017,1
1291,1024,1
1291,1551,1
1291,1888,1
1741,995,1
1741,1280,1
1741,1388,1
1741,1205,1
1741,1663,1
1741,1571,1
1741,1867,1
1741,1669,1
1741,1675,1
1741,1547,1
1741,1076,1
1741,1463,1
1741,1517,1
1741,1886,1
1741,1603,1
1741,1598,1
1741,1146,1
1741,1665,1
1741,1160,1
1741,1800,1
1741,1554,1
1741,1006,1
1741,1288,1
1741,1017,1
1741,1376,1
1741,1390,1
1741,1367,1
1741,897,1
1741,1888,1
1741,1827,1
1741,1737,1
1741,1004,1
1741,1195,1
1741,1447,1
1741,1331,1
1741,1456,1
1741,1271,1
1741,1746,1
1741,1361,1
1741,1809,1
1741,1879,1
1741,1604,1
1741,1722,1
1741,1594,1
1741,1782,1
1741,1826,1
1741,1470,1
1741,1861,1
1741,1580,1
1741,1079,1
1741,1617,1
1741,1359,1
921,1735,1
921,1026,1
921,1570,1
921,1185,1
921,925,1
921,1367,1
921,1535,1
921,1554,1
921,1842,1
921,1563,1
921,1048,1
921,1146,1
921,1375,1
921,1390,1
921,934,1
921,1793,1
921,1255,1
921,1407,1
921,1393,1
921,1826,1
921,1540,1
921,1675,1
921,1272,1
921,1467,1
921,1669,1
921,1757,1
921,1891,1
921,995,1
921,1551,1
921,1827,1
921,1643,1
921,1195,1
921,1639,1
921,1269,1
921,1404,1
921,1750,1
921,1361,1
921,1164,1
921,1603,1
921,1589,1
921,1243,1
921,1509,1
921,920,1
921,1312,1
921,1369,1
921,1128,1
921,1663,1
921,1182,1
921,1683,1
921,967,1
921,993,1
921,1753,1
921,1049,1
921,1376,1
921,1522,1
921,1845,1
921,1290,1
921,1888,1
1735,1375,1
1735,1004,1
1735,1757,1
1735,1112,1
1735,1339,1
1735,1746,1
1735,1614,1
1735,1185,1
1735,1390,1
1735,1209,1
1735,1538,1
1735,1243,1
1735,1255,1
1735,1643,1
1735,1522,1
1735,1485,1
1735,1603,1
1735,1851,1
1735,1123,1
1735,1799,1
1735,1849,1
1735,1563,1
1735,1736,1
1735,1076,1
1735,1376,1
1735,1272,1
1735,1888,1
1735,1810,1
1735,1675,1
1735,1509,1
1735,1774,1
1735,1769,1
1735,1267,1
1735,1653,1
1735,1663,1
1735,1491,1
1735,1302,1
1735,1416,1
1735,1845,1
1735,925,1
1735,1028,1
1735,1753,1
1735,1886,1
1735,1196,1
1735,1750,1
1735,1017,1
1735,1367,1
1735,1184,1
1735,1800,1
1735,1683,1
1735,1597,1
1735,1269,1
1735,1128,1
1735,993,1
1735,1590,1
1735,1467,1
1735,1827,1
1735,1867,1
1735,1305,1
1735,1589,1
1735,1617,1
1735,1877,1
1735,947,1
1473,1064,1
1473,1032,1
1473,637,1
1473,1217,1
1473,1080,1
1473,651,1
1473,1104,1
1473,1343,1
1473,1762,1
1473,1487,1
1473,1304,1
1473,1536,1
1473,1545,1
1473,994,1
1473,1502,1
1473,1258,1
1473,1767,1
1473,1673,1
1473,1152,1
1473,1358,1
1473,1070,1
1473,1237,1
1473,1051,1
1473,1455,1
1473,389,1
1473,1338,1
1473,1574,1
1473,1738,1
1473,1066,1
1473,1901,1
1473,1435,1
1473,1275,1
1473,1159,1
1473,1709,1
1473,1427,1
1473,1630,1
1473,1525,1
1473,1807,1
1473,1699,1
1473,1014,1
1473,1654,1
1473,1818,1
1473,1113,1
1064,1342,1
1064,1671,1
1064,1356,1
1064,1453,1
1064,1212,1
1064,1234,1
1064,931,1
1064,1478,1
1064,1901,1
1064,1343,1
1064,939,1
1064,1443,1
1064,962,1
1064,1694,1
1064,1910,1
1064,1743,1
1064,1497,1
1064,1829,1
1064,1831,1
1064,1051,1
1064,1094,1
1064,1372,1
1760,1070,1
1760,1693,1
1070,1482,1
1070,1052,1
1070,1624,1
1070,1035,1
1070,1500,1
1070,389,1
1070,1828,1
1070,1007,1
1070,1306,1
1070,1303,1
1070,1259,1
1070,1228,1
1070,1051,1
1070,1296,1
1070,1275,1
1070,1745,1
1070,1536,1
1070,1672,1
1070,1213,1
1070,563,1
1070,1869,1
1070,1429,1
1070,1225,1
1070,1630,1
1070,1011,1
1070,1699,1
1070,1170,1
1070,1188,1
1070,1709,1
1070,1738,1
1070,1110,1
1070,1041,1
1070,1446,1
1070,1531,1
1070,965,1
1070,917,1
1070,1529,1
1070,606,1
1070,1109,1
1070,1310,1
1070,1348,1
1070,1496,1
1070,1152,1
1070,1770,1
1070,1633,1
1070,1010,1
1070,1258,1
1070,1897,1
1070,1037,1
1070,1159,1
1070,1815,1
1070,1504,1
1070,1904,1
1070,1183,1
1070,1634,1
1070,1781,1
1070,1427,1
1070,1338,1
1070,1469,1
1070,1525,1
1070,1507,1
1132,1367,1
1132,1079,1
1132,1874,1
1132,1269,1
1132,1772,1
1132,1289,1
1132,1214,1
1132,1330,1
1132,1826,1
1132,1551,1
1132,1361,1
1132,1746,1
1132,1467,1
1132,1554,1
1132,1117,1
1132,925,1
1132,1888,1
1132,1886,1
1132,1736,1
1132,1376,1
1132,1198,1
1132,1390,1
1132,1879,1
1132,1668,1
1132,1863,1
1132,966,1
1132,1480,1
1132,1335,1
1132,1302,1
1132,999,1
1132,1809,1
1132,1603,1
1132,1750,1
1132,1589,1
1132,1509,1
1132,1757,1
1132,1456,1
1132,1623,1
1132,1123,1
1132,1219,1
1132,1017,1
1132,1130,1
1132,1398,1
1132,1288,1
1132,1267,1
1132,1076,1
1132,1172,1
1132,1547,1
1132,1600,1
1132,1184,1
1132,1006,1
1132,1849,1
1132,1331,1
1132,1305,1
1132,1793,1
1132,1597,1
1132,1827,1
1132,1336,1
1132,1207,1
1132,1107,1
1132,1598,1
1132,978,1
1132,1665,1
1132,1201,1
1132,1185,1
1132,1556,1
1132,1271,1
1132,947,1
1132,1810,1
1132,1351,1
1132,1800,1
1132,1339,1
1132,1799,1
1132,1125,1
1132,982,1
1132,1712,1
1132,1580,1
1132,1416,1
1132,1522,1
1132,1604,1
1132,1737,1
1132,1024,1
1367,1849,1
1367,1879,1
1367,1184,1
1367,1075,1
1367,1524,1
1367,1810,1
1367,1665,1
1367,947,1
1367,1800,1
1367,1255,1
1367,1185,1
1367,1269,1
1367,1079,1
1367,1110,1
1367,1737,1
1367,526,1
1367,1048,1
1367,1312,1
1367,1669,1
1367,1416,1
1367,1603,1
1367,1551,1
1367,1554,1
1367,1272,1
1367,1491,1
1367,1597,1
1367,1331,1
1367,1827,1
1367,1339,1
1367,1644,1
1367,1877,1
1367,1049,1
1367,1717,1
1367,1509,1
1367,1522,1
1367,1125,1
1367,1375,1
1367,1351,1
1367,1107,1
1367,1623,1
1367,999,1
1367,1054,1
1367,1116,1
1367,1793,1
1367,906,1
1367,1572,1
1367,1799,1
1367,966,1
1367,1589,1
1367,1757,1
1367,1782,1
1367,1242,1
1367,1305,1
1367,1683,1
1367,1026,1
1367,978,1
1367,1851,1
1367,1688,1
1367,1909,1
1367,1888,1
1367,1746,1
1367,1724,1
1367,1004,1
1367,1886,1
1367,934,1
1367,1128,1
1367,1209,1
1367,1146,1
1367,967,1
1367,1017,1
1367,1663,1
1367,1181,1
1367,1289,1
1367,1617,1
1367,1867,1
1367,1112,1
1367,1335,1
1367,1620,1
1367,1659,1
1367,925,1
1367,1006,1
1367,1750,1
1367,1220,1
1367,1219,1
1367,1302,1
1367,1293,1
1367,1278,1
1367,1600,1
1367,1826,1
1367,1618,1
1367,1390,1
1367,1376,1
1367,1653,1
1367,1668,1
1367,1809,1
1367,1198,1
1367,1076,1
1367,1547,1
1251,1307,1
1251,1421,1
1251,1144,1
1251,1410,1
1251,1174,1
1251,1687,1
1251,1825,1
1251,1136,1
1251,1555,1
1251,1098,1
1251,1705,1
1307,1033,1
1307,1553,1
1307,1433,1
1307,1866,1
1307,1615,1
1307,1274,1
1307,1825,1
1307,1073,1
1307,1593,1
1307,1555,1
1307,1806,1
1307,1705,1
1307,1494,1
1307,1203,1
1307,1511,1
1307,900,1
1307,970,1
1307,1567,1
1307,1325,1
1307,1708,1
1307,1698,1
1307,1687,1
1307,1588,1
1307,1421,1
1307,1144,1
1307,1136,1
1724,1390,1
1724,1416,1
1724,1663,1
1724,1110,1
1724,1861,1
1724,1717,1
1724,1049,1
1724,1278,1
1724,1528,1
1724,1523,1
1724,925,1
1724,1112,1
1724,1659,1
1724,1737,1
1724,1223,1
1724,1184,1
1724,1339,1
1724,1054,1
1724,526,1
1724,1209,1
1724,1644,1
1724,1867,1
1724,1048,1
1724,1877,1
1724,906,1
1724,1242,1
1724,1376,1
1724,1683,1
1724,1620,1
1724,1827,1
1724,1572,1
1724,1075,1
1724,1800,1
1724,1128,1
1724,1600,1
1724,1375,1
1724,1079,1
1724,1688,1
1724,1692,1
1302,993,1
1302,1376,1
1302,1004,1
1302,1017,1
1302,1107,1
1302,925,1
1302,1668,1
1302,1125,1
1302,1736,1
1302,1810,1
1302,934,1
1302,1491,1
1302,1185,1
1302,982,1
1302,1006,1
1302,1712,1
1302,1255,1
1302,1617,1
1302,1207,1
1302,1117,1
1302,1746,1
1302,1800,1
1302,1069,1
1302,1305,1
1302,966,1
1302,1467,1
1302,1128,1
1302,1750,1
1302,1827,1
1302,1603,1
1302,947,1
1302,1269,1
1302,1888,1
1302,1799,1
1302,1517,1
1302,1886,1
1302,1663,1
1302,1604,1
1302,1757,1
1302,1146,1
1302,1659,1
1302,1665,1
1302,1024,1
1302,1390,1
1302,1331,1
1302,1826,1
1302,1589,1
1302,1456,1
1302,1669,1
1302,1271,1
1302,1267,1
1302,1598,1
1302,1538,1
1014,1108,1
1014,1166,1
1014,1423,1
1014,1316,1
1014,1592,1
1014,1281,1
1014,984,1
1014,1373,1
1014,1282,1
1014,1286,1
1014,1820,1
1014,1515,1
1014,1066,1
1014,1067,1
1014,1102,1
1014,1655,1
1014,971,1
1014,1292,1
1014,1104,1
1014,1636,1
1014,1611,1
1014,1783,1
1014,1742,1
1014,1894,1
1014,1020,1
1014,1257,1
1014,969,1
1014,933,1
1014,1382,1
1014,1857,1
1014,1848,1
1014,1451,1
1014,1454,1
1014,1824,1
1014,1573,1
1014,1893,1
1014,1396,1
1014,900,2
1014,1032,1
1014,1875,1
1014,1502,1
1014,1324,1
1014,1018,1
1014,1725,1
1014,917,1
1014,1907,1
1014,1828,1
1014,1273,1
1014,898,1
1014,1277,1
1014,1595,1
1014,1309,1
1014,1872,1
1014,1392,1
1014,1381,1
1014,1015,1
1014,1303,1
1014,989,1
1014,1036,1
1014,1751,1
1014,1508,1
1014,1732,1
1014,1245,1
1014,1661,1
1014,1495,1
1014,1706,1
1014,1231,1
1014,1462,1
1014,1204,1
1014,1241,1
1014,1347,1
1014,1009,1
1014,1406,1
1014,1227,1
1014,1729,1
1014,1158,1
1014,1261,1
1014,1812,1
1108,1396,1
1108,1742,1
1108,1281,1
1108,1502,1
1108,1316,1
1108,1848,1
1108,1824,1
1108,1495,1
1108,1454,1
1108,1020,1
1108,1282,1
1108,1729,1
1108,1032,1
1108,1783,1
1108,917,1
1108,969,1
1108,1261,1
1108,1661,1
1108,1382,1
1108,1373,1
1108,1066,1
1108,1812,1
1108,1751,1
1108,1406,1
1108,1515,1
1108,898,1
1108,1894,1
1108,1102,1
1108,1828,1
1108,1820,1
1108,1277,1
1108,1273,1
1528,1710,1
1528,1563,1
1528,1056,1
1528,1675,1
1528,1255,1
1528,1589,1
1528,1663,1
1528,1407,1
1528,1519,1
1528,1467,1
1528,1110,1
1528,1782,1
1528,1688,1
1528,1669,1
1528,1209,1
1528,1075,1
1528,1513,1
1528,967,1
1528,1073,1
1528,1146,1
1528,1746,1
1528,1290,1
1528,1048,1
1528,906,1
1528,1827,1
1528,1811,1
1528,947,1
1528,526,1
1528,1509,1
1528,1723,1
1528,1609,1
1528,1845,1
1528,1757,1
1528,1393,1
1528,1182,1
1528,1522,1
1528,1265,1
1528,1243,1
1528,1603,1
1528,1416,1
1528,1376,1
1528,1620,1
1528,1269,1
1528,1722,1
1528,1753,1
1528,1049,1
1528,1637,1
1336,1547,1
1336,983,1
1336,982,1
1336,1888,1
1336,1267,1
1336,1207,1
1336,1491,1
1336,1598,1
1336,1809,1
1336,1017,1
1336,1604,1
1336,1288,1
1336,1663,1
1336,1006,1
1336,1668,1
1336,1359,1
1336,1447,1
1336,966,1
1336,1024,1
1336,1456,1
1336,1271,1
1336,1580,1
1336,1125,1
1336,1712,1
1547,983,1
1547,999,1
1547,1879,1
1547,1335,1
1547,1556,1
1547,1289,1
1547,1736,1
1547,1004,1
1547,925,1
1547,1746,1
1547,1185,1
1547,966,1
1547,1522,1
1547,1603,1
1547,1809,1
1547,1006,1
1547,1712,1
1547,982,1
1547,1800,1
1547,1117,1
1547,1551,1
1547,1125,1
1547,1269,1
1547,1902,1
1547,1886,1
1547,1130,1
1547,978,1
1547,1737,1
1547,906,1
1547,1623,1
1547,1491,1
1547,1146,1
1547,1793,1
1547,1288,1
1547,1456,1
1547,1827,1
1547,1107,1
1547,1665,1
1547,1600,1
1547,1172,1
1547,1219,1
1547,1376,1
1547,1668,1
1547,1589,1
1547,1361,1
1547,1849,1
1547,1554,1
1547,1826,1
1547,1181,1
1547,1888,1
1547,1620,1
1547,1757,1
1547,1017,1
1547,1079,1
1547,1331,1
1547,1457,1
1547,1351,1
1573,988,1
1573,1292,1
1573,1373,1
1573,1204,1
1573,1277,1
1573,1578,1
1573,1315,1
1573,1591,1
1573,1857,1
1573,1423,1
1573,1592,1
1573,1067,1
1573,1715,1
1573,1655,1
1573,994,1
1573,1257,1
1573,981,1
1573,1611,1
1573,637,1
1573,1347,1
1573,1462,1
1573,1036,1
1573,1158,1
1573,1628,1
1573,1661,1
1573,902,1
1573,1682,1
1573,1148,1
1573,1475,1
1573,1104,1
1573,1502,1
1573,989,1
1573,969,1
1573,1284,1
1573,1862,1
1573,1007,1
1573,1893,1
1573,1303,1
1573,1550,1
1573,1082,1
1573,957,1
1573,1873,1
1573,1587,1
1573,1426,1
1573,1515,1
1573,1413,1
1573,1120,1
1573,1595,1
1573,1227,1
1573,933,1
1573,1018,1
1573,1381,1
1573,1009,1
1573,941,1
1573,1691,1
1573,1379,1
1573,1231,1
1573,1636,1
1573,1495,1
1573,1404,1
1573,1576,1
988,1591,1
988,1277,1
988,1347,1
988,1628,1
988,1231,1
988,1576,1
988,1515,1
988,1720,1
988,1636,1
988,1221,1
988,1227,1
988,1715,1
988,981,1
988,1204,1
988,1893,1
988,1462,1
988,1190,1
988,1303,1
988,1104,1
988,1655,1
988,1019,1
988,1873,1
988,1426,1
1663,1290,1
1663,1305,1
1663,1056,1
1663,925,1
1663,1668,1
1663,1388,1
1663,1110,1
1663,1609,1
1663,1209,1
1663,1723,1
1663,1409,1
1663,1554,1
1663,1522,1
1663,934,1
1663,967,1
1663,1782,1
1663,993,1
1663,1811,1
1663,1793,1
1663,1457,1
1663,1172,1
1663,1851,1
1663,1028,1
1663,1184,1
1663,1331,1
1663,1589,1
1663,1688,1
1663,1128,1
1663,1712,1
1663,1757,1
1663,1580,1
1663,1491,1
1663,1330,1
1663,1772,1
1663,1181,1
1663,1327,1
1663,1620,1
1663,1288,1
1663,1571,1
1663,966,1
1663,1107,1
1663,1376,1
1663,1076,1
1663,1243,1
1663,1800,1
1663,1888,1
1663,1551,1
1663,1004,1
1663,1665,1
1663,1717,1
1663,1600,1
1663,1683,1
1663,1861,1
1663,1185,1
1663,1877,1
1663,947,1
1663,1590,1
1663,1047,1
1663,1736,1
1663,1048,1
1663,1523,1
1663,1205,1
1663,1267,1
1663,1029,1
1663,1753,1
1663,1365,1
1663,1407,1
1663,1416,1
1663,1509,1
1663,1643,1
1663,1467,1
1663,1255,1
1663,1827,1
1663,1799,1
1663,1879,1
1663,1017,1
1663,978,1
1663,1359,1
1663,1182,1
1663,1164,1
1663,1006,1
1663,1160,1
1663,1697,1
1663,1146,1
1663,1271,1
1663,1867,1
1663,1902,1
1663,1335,1
1663,1196,1
1663,1598,1
1663,1456,1
1663,1842,1
1663,1637,1
1663,1470,1
1663,1675,1
1663,1214,1
1663,1849,1
1663,1026,1
1663,1604,1
1663,1535,1
1663,1570,1
1663,1597,1
1663,1195,1
1663,1079,1
1663,1750,1
1663,1269,1
1663,1517,1
1663,1117,1
1663,1198,1
1663,1617,1
1663,1909,1
1663,1669,1
1663,1024,1
1663,1369,1
1663,1390,1
1663,1125,1
1663,1289,1
1663,1603,1
1663,1280,1
1663,906,1
1663,1639,1
1663,1826,1
1663,1746,1
1663,1563,1
1663,1312,1
1663,1361,1
1663,1339,1
1663,1447,1
1663,1891,1
1663,982,1
1663,1886,1
1663,1809,1
1290,1669,1
1290,1609,1
1290,1746,1
1290,1524,1
1290,1597,1
1290,1750,1
1290,1589,1
1290,1683,1
1290,1827,1
1290,1753,1
1290,1075,1
1290,1076,1
1290,967,1
1290,1688,1
1290,1620,1
1290,1800,1
1290,1047,1
1290,1867,1
1290,1048,1
1290,1335,1
1290,1614,1
1290,1209,1
1290,1079,1
1290,1590,1
1290,1146,1
1290,1110,1
1290,1523,1
1290,1407,1
1290,1004,1
1290,1393,1
1290,1659,1
1290,1600,1
1290,1339,1
1290,1554,1
1290,1026,1
1290,526,1
1290,1390,1
1290,1570,1
1290,1460,1
1290,1793,1
1290,1416,1
1290,925,1
1290,1365,1
1290,1522,1
1290,1243,1
1290,1056,1
1290,1049,1
1290,1312,1
1290,1845,1
1290,993,1
1290,1891,1
1290,1563,1
1290,1700,1
1705,1187,1
1705,928,1
1705,1494,1
1705,1687,1
1705,1803,1
1705,1676,1
1705,1410,1
1705,1433,1
1705,1555,1
1705,1328,1
1705,1136,1
1705,1174,1
1705,1825,1
1705,1567,1
1705,1421,1
1705,1588,1
1705,1511,1
1705,1719,1
1705,1866,1
1705,1144,1
1705,1593,1
1705,1098,1
1187,1593,1
1187,1866,1
1187,1806,1
1187,1017,1
1187,1567,1
1187,1410,1
1187,1098,1
1187,1588,1
1187,1719,1
1187,1553,1
1187,1511,1
1187,1615,1
1187,1803,1
1187,1328,1
1187,1698,1
1190,1647,1
1190,1379,1
1190,1545,1
1190,1426,1
1190,1204,1
1190,1515,1
1190,1462,1
1190,1715,1
1190,1104,1
1190,1475,1
1190,1231,1
1190,957,1
1190,1857,1
1190,902,1
1190,1277,1
1190,1628,1
1190,1587,1
1190,1655,1
1190,1115,1
1190,1227,1
1190,1082,1
1190,1636,1
1190,1148,1
1190,1284,1
1436,1881,1
1436,1062,1
1436,909,1
1436,1699,1
1436,1177,1
1436,1727,1
1436,1012,1
1436,1183,1
1436,913,1
1436,917,1
1436,1223,1
1436,1068,1
1436,1620,1
1436,968,1
1436,1575,1
1436,1052,1
1436,637,1
1436,606,1
1436,1128,1
1436,1343,1
1436,1104,1
1881,1142,1
1881,1113,1
1881,1536,1
1881,1068,1
1881,1052,1
1881,1543,1
1881,948,1
1881,1897,1
1881,1882,1
1881,1800,1
1881,915,1
1881,1497,1
1881,1616,1
1881,1646,1
1881,1645,1
1881,353,1
1881,1606,1
1881,1343,1
1881,580,1
1881,1487,1
1881,1885,1
1881,1356,1
1881,1773,1
1881,913,1
1881,1910,1
1881,1727,1
1881,1675,1
1881,1565,1
1881,1358,1
1881,1688,1
1881,1080,1
1881,1620,1
1881,1766,1
1881,1867,1
1881,1658,1
1881,1692,1
1881,1318,1
1881,1427,1
1881,1671,1
1881,1012,1
1881,1683,1
1799,1877,1
1799,1305,1
1799,993,1
1799,1272,1
1799,1255,1
1799,1800,1
1799,1668,1
1799,1509,1
1799,925,1
1799,1028,1
1799,1774,1
1799,1522,1
1799,1746,1
1799,1736,1
1799,1669,1
1799,1146,1
1799,1827,1
1799,1491,1
1799,947,1
1799,966,1
1799,1339,1
1799,1665,1
1799,1128,1
1799,1185,1
1799,1076,1
1799,1617,1
1799,1467,1
1799,1375,1
1799,1196,1
1799,1130,1
1799,1554,1
1799,1849,1
1799,1683,1
1799,1416,1
1799,1614,1
1799,897,1
1799,1750,1
1799,1603,1
1799,1123,1
1799,1643,1
1799,1653,1
1799,1597,1
1799,1335,1
1799,1769,1
1799,934,1
1799,1538,1
1799,1351,1
1799,1181,1
1799,1112,1
1799,1737,1
1799,1623,1
1799,1376,1
1799,1879,1
1799,1107,1
1799,1589,1
1799,1753,1
1799,1485,1
1799,1886,1
1799,1184,1
1799,1810,1
1799,1006,1
1799,999,1
1799,1004,1
1799,1717,1
1799,1267,1
1799,1243,1
1799,1365,1
1799,1390,1
1799,1782,1
1799,1888,1
1799,1572,1
1799,1563,1
1799,1269,1
1799,1845,1
1799,1757,1
1799,1017,1
1799,1398,1
1799,1867,1
1799,1198,1
1799,1125,1
1799,1826,1
1688,925,1
1688,1519,1
1688,1675,1
1688,1339,1
1688,1079,1
1688,1867,1
1688,1710,1
1688,1054,1
1688,1278,1
1688,1385,1
1688,1609,1
1688,596,1
1688,1357,1
1688,1110,1
1688,1600,1
1688,1209,1
1688,1885,1
1688,1746,1
1688,1112,1
1688,1811,1
1688,1048,1
1688,1524,1
1688,1393,1
1688,1620,1
1688,1049,1
1688,1750,1
1688,1056,1
1688,1242,1
1688,1604,1
1688,906,1
1688,1845,1
1688,526,1
1688,1553,1
1688,1029,1
1688,1375,1
1688,993,1
1688,1522,1
1688,1861,1
1688,1075,1
1688,967,1
1688,1745,1
1688,1004,1
1688,913,1
1688,1572,1
1688,563,1
1688,1800,1
1688,1269,1
1688,1160,1
1688,1597,1
1688,1659,1
1688,1407,1
1688,961,1
1688,1877,1
1688,1184,1
1688,1416,1
1688,1737,1
1688,1116,1
1688,1827,1
1688,1243,1
1515,898,1
1515,1502,1
1515,1309,1
1515,1423,1
1515,1729,1
1515,1732,1
1515,917,1
1515,1704,1
1515,1636,1
1515,1032,1
1515,1373,1
1515,1166,1
1515,1828,1
1515,1824,1
1515,1649,1
1515,1451,1
1515,1261,1
1515,1066,1
1515,1324,1
1515,1848,1
1515,1396,1
1515,1454,1
1515,1820,1
1515,1282,1
1515,1429,1
1515,1742,1
1515,1227,1
1515,1893,1
1515,596,1
1515,1204,1
1515,1495,1
1515,1273,1
1515,1281,1
1515,1591,1
1515,1427,1
1515,1277,1
1515,1783,1
1515,1661,1
1515,1875,1
1515,1067,1
1515,1706,1
1515,1426,1
1515,1221,1
1515,1489,1
1515,1595,1
898,919,1
898,1732,1
898,1373,1
898,1454,1
898,1273,1
898,1066,1
898,1824,1
898,1783,1
898,1102,1
898,1396,1
898,971,1
898,1875,1
898,1406,1
898,1316,1
898,1751,1
898,1820,1
898,1382,1
898,1848,1
898,1729,1
898,969,1
898,1309,1
898,1166,1
898,1020,1
898,1595,1
898,1277,1
898,1742,1
898,1282,1
898,1261,1
898,917,1
1328,1511,1
1328,1687,1
1328,1494,1
1328,1098,1
1328,1136,1
1328,1803,1
1328,1676,1
1328,928,1
1328,1410,1
1328,1061,1
1328,1825,1
1328,1593,1
1328,1421,1
1328,1050,1
1328,1174,1
1328,1144,1
1511,970,1
1511,1033,1
1511,1656,1
1511,1555,1
1511,951,1
1511,1494,1
1511,1567,1
1511,1325,1
1511,1433,1
1511,1825,1
1511,1687,1
1511,1174,1
1511,1615,1
1511,1553,1
1511,1274,1
1511,1144,1
1511,1806,1
1511,1866,1
1511,1698,1
1511,1136,1
1511,1676,1
1511,1098,1
1587,1120,1
1587,1426,1
1587,1502,1
1587,1628,1
1587,1104,1
1587,1728,1
1587,1893,1
1587,1576,1
1587,1284,1
1587,1257,1
1587,1591,1
1587,1462,1
1587,1082,1
1587,1148,1
1587,1611,1
1587,1204,1
1587,1229,1
1587,1347,1
1587,1820,1
1587,1720,1
1587,1742,1
1587,1655,1
1587,1019,1
1587,1227,1
1587,1277,1
1587,1857,1
1587,1231,1
1587,1647,1
1587,1067,1
1587,1636,1
1587,981,1
1331,1409,1
1331,1269,1
1331,1172,1
1331,1004,1
1331,1793,1
1331,1079,1
1331,1280,1
1331,1800,1
1331,1339,1
1331,1209,1
1331,1205,1
1331,1117,1
1331,1116,1
1331,1107,1
1331,1470,1
1331,1361,1
1331,982,1
1331,1293,1
1331,1068,1
1331,897,1
1331,1390,1
1331,966,1
1331,1620,1
1331,1184,1
1331,1603,1
1331,1271,1
1331,1861,1
1331,1845,1
1331,995,1
1331,1849,1
1331,1220,1
1331,983,1
1331,1048,1
1331,1879,1
1331,1722,1
1331,1826,1
1331,1288,1
1331,1393,1
1331,1376,1
1331,1551,1
1331,1017,1
1331,1388,1
1331,1867,1
1331,1457,1
1331,1006,1
1331,1076,1
1331,1522,1
1331,1598,1
1331,1160,1
1331,1736,1
1331,1447,1
1331,1888,1
1331,1746,1
1331,1665,1
1331,1843,1
1331,1185,1
1331,1827,1
1331,1330,1
1331,1484,1
1331,1902,1
1331,1809,1
1331,978,1
1331,1201,1
1331,1509,1
1331,1589,1
1331,1617,1
1331,1623,1
1331,1456,1
1423,1872,1
1423,1067,1
1423,1841,1
1423,1462,1
1423,1576,1
1423,1379,1
1423,1502,1
1423,1628,1
1423,1277,1
1423,1647,1
1423,1316,1
1423,1728,1
1423,1009,1
1423,1315,1
1423,1720,1
1423,1592,1
1423,1655,1
1423,957,1
1423,1227,1
1423,1591,1
1423,1082,1
1423,1824,1
1423,1221,1
1423,1158,1
1423,1691,1
1423,1873,1
1423,1015,1
1423,1426,1
1423,1875,1
1423,637,1
1423,1413,1
1423,1636,1
1423,1715,1
1423,1148,1
1423,1204,1
1423,1104,1
1423,1231,1
1423,1284,1
1872,1257,1
1872,1158,1
1872,1261,1
1872,981,1
1872,1347,1
1872,1115,1
1872,1227,1
1872,1841,1
1872,1036,1
1872,1611,1
1872,1009,1
1872,1576,1
1872,1462,1
1872,1893,1
1872,1647,1
1872,1728,1
1872,1715,1
1872,1591,1
1872,596,1
1872,1246,1
1872,1379,1
1872,1277,1
1872,1628,1
1872,1655,1
1872,1862,1
1872,1857,1
1872,1221,1
1872,1592,1
1872,1120,1
1872,902,1
1842,1004,1
1842,925,1
1842,1280,1
1842,1460,1
1842,1056,1
1842,1843,1
1842,1219,1
1842,1723,1
1842,1879,1
1842,1665,1
1842,999,1
1842,978,1
1842,1888,1
1842,1580,1
1842,1535,1
1842,1160,1
1842,1509,1
1842,1811,1
1842,1597,1
1842,1330,1
1842,1117,1
1842,1017,1
1842,1902,1
1842,1609,1
1842,1826,1
1842,1335,1
1842,1243,1
1842,1522,1
1842,1637,1
1842,1376,1
1842,993,1
1842,1289,1
1842,1447,1
1842,1782,1
1842,1551,1
1842,1736,1
1842,1793,1
1842,1146,1
1842,1604,1
1842,1849,1
1842,1388,1
1842,1669,1
1842,1029,1
1842,1205,1
1842,1076,1
1842,1513,1
1842,1288,1
1842,1047,1
1842,1361,1
1842,1409,1
1842,1570,1
1842,1390,1
1842,1393,1
1842,1006,1
1842,1589,1
1842,1772,1
1842,1491,1
1842,1365,1
1842,1125,1
1842,1214,1
1842,1861,1
1842,1800,1
1842,1172,1
1842,1107,1
1842,897,1
1842,1598,1
1842,1201,1
1782,920,1
1782,1182,1
1782,1123,1
1782,1563,1
1782,1480,1
1782,1668,1
1782,1886,1
1782,1409,1
1782,1305,1
1782,1590,1
1782,947,1
1782,1485,1
1782,1017,1
1782,1909,1
1782,1185,1
1782,1195,1
1782,1639,1
1782,1269,1
1782,897,1
1782,1800,1
1782,1460,1
1782,1467,1
1782,1851,1
1782,1757,1
1782,1513,1
1782,1458,1
1782,967,1
1782,1614,1
1782,1265,1
1782,1826,1
1782,1048,1
1782,1589,1
1782,1609,1
1782,1888,1
1782,1376,1
1213,1005,1
1213,1783,1
1213,1170,1
1213,1041,1
1213,1855,1
1213,1507,1
1213,1469,1
1213,1089,1
1213,1739,1
1213,964,1
1213,1415,1
1213,1725,1
1213,1496,1
1213,1869,1
1213,1624,1
1213,1672,1
1213,1259,1
1213,1667,1
1005,1725,1
1005,1469,1
1005,1504,1
1005,1507,1
1005,1415,1
1005,1089,1
1005,1783,1
1005,1667,1
1005,1672,1
1005,1624,1
1005,964,1
1005,1259,1
1502,1636,1
1502,1706,1
1502,1282,1
1502,917,1
1502,1454,1
1502,1783,1
1502,1591,1
1502,1725,1
1502,981,1
1502,1649,1
1502,1158,1
1502,1429,1
1502,1241,1
1502,1227,1
1502,1732,1
1502,1704,1
1502,1102,1
1502,1347,1
1502,1742,1
1502,941,1
1502,1828,1
1502,1281,1
1502,1850,1
1502,1475,1
1502,1273,1
1502,1495,1
1502,1451,1
1502,1489,1
1502,1303,1
1502,1247,1
1502,1032,1
1502,1894,1
1502,933,1
1502,1893,1
1502,1812,1
1502,984,1
1502,1907,1
1502,1204,1
1502,971,1
1502,1020,1
1502,969,1
1502,1729,1
1502,1848,1
1502,1503,1
1502,1373,1
1502,1284,1
1502,1406,1
1636,1292,1
1636,1426,1
1636,1067,1
1636,1635,1
1636,1315,1
1636,1204,1
1636,1227,1
1636,1475,1
1636,1820,1
1636,1392,1
1636,1148,1
1636,1591,1
1636,1611,1
1636,1379,1
1636,981,1
1636,1019,1
1636,1015,1
1636,1454,1
1636,1120,1
1636,1277,1
1636,1104,1
1636,1857,1
1636,1158,1
1636,902,1
1636,1009,1
1636,1257,1
1636,1893,1
1636,1462,1
1636,1706,1
1636,1873,1
1636,1715,1
1636,1404,1
1636,1413,1
1636,1381,1
1636,1628,1
1636,915,1
1636,1576,1
1636,1231,1
1636,1284,1
1636,957,1
1636,1347,1
1636,1742,1
1750,991,1
1750,1717,1
1750,1644,1
1750,1181,1
1750,1004,1
1750,1491,1
1750,925,1
1750,1683,1
1750,1267,1
1750,1312,1
1750,1269,1
1750,1665,1
1750,993,1
1750,1079,1
1750,1017,1
1750,1416,1
1750,1659,1
1750,1289,1
1750,1049,1
1750,1048,1
1750,978,1
1750,1242,1
1750,1746,1
1750,1827,1
1750,1128,1
1750,1172,1
1750,1617,1
1750,1554,1
1750,1737,1
1750,1209,1
1750,1110,1
1750,1902,1
1750,1603,1
1750,1888,1
1750,1376,1
1750,1198,1
1750,1867,1
1750,1597,1
1750,1844,1
1750,1112,1
1750,1800,1
1750,1339,1
1750,1185,1
1750,1278,1
1750,1849,1
1750,1184,1
1750,1793,1
1750,1736,1
1750,1538,1
1750,999,1
1750,1076,1
1750,934,1
1750,1255,1
1750,1375,1
1750,1467,1
1750,1130,1
1750,1523,1
1750,1879,1
1750,1390,1
1750,1623,1
1750,947,1
1750,1522,1
1750,1589,1
1750,1551,1
1750,1600,1
991,1177,1
991,1312,1
991,922,1
991,897,1
991,1165,1
991,1701,1
991,1034,1
991,1561,1
991,1726,1
991,1467,1
991,1283,1
991,1641,1
991,1590,1
1604,1497,1
1604,1509,1
1604,1571,1
1604,1826,1
1604,1056,1
1604,1811,1
1604,1024,1
1604,1456,1
1604,1029,1
1604,1390,1
1604,1902,1
1604,1772,1
1604,1335,1
1604,1863,1
1604,1888,1
1604,1532,1
1604,1885,1
1604,1470,1
1604,1107,1
1604,1809,1
1604,1359,1
1604,1409,1
1604,1280,1
1604,1522,1
1604,993,1
1604,1542,1
1604,1897,1
1604,1617,1
1604,1487,1
1604,1551,1
1604,1614,1
1604,1669,1
1604,1517,1
1604,1580,1
1604,1861,1
1604,484,1
1604,1620,1
1604,1843,1
1604,1330,1
1604,1361,1
1604,1736,1
1604,1675,1
1604,1125,1
1604,1117,1
1604,1589,1
1604,967,1
1604,1255,1
1604,1160,1
1604,982,1
1604,1879,1
1604,1665,1
1604,1006,1
1604,1205,1
1604,947,1
1604,1722,1
1604,1172,1
1604,1207,1
1604,1289,1
1604,1388,1
1604,1243,1
1604,1068,1
1604,1849,1
1604,1598,1
1604,1800,1
1604,1570,1
1604,1017,1
1604,1609,1
1604,1668,1
1604,1447,1
1604,1535,1
1604,1247,1
1604,1637,1
1604,1271,1
1604,1793,1
1604,1095,1
1604,1717,1
1604,1818,1
1497,1675,1
1497,1743,1
1497,1731,1
1497,1212,1
1497,1683,1
1497,1885,1
1497,913,1
1497,1599,1
1497,1831,1
1497,939,1
1497,1671,1
1497,1814,1
1497,1243,1
1497,1910,1
1497,1620,1
1497,1356,1
1497,1646,1
1497,1487,1
1376,947,1
1376,1214,1
1376,1243,1
1376,1609,1
1376,1669,1
1376,1293,1
1376,1269,1
1376,920,1
1376,1675,1
1376,1485,1
1376,1590,1
1376,1049,1
1376,1028,1
1376,1467,1
1376,1447,1
1376,1717,1
1376,1851,1
1376,1659,1
1376,1793,1
1376,1902,1
1376,1643,1
1376,1026,1
1376,1335,1
1376,1272,1
1376,1416,1
1376,1182,1
1376,1048,1
1376,1879,1
1376,1757,1
1376,1393,1
1376,1172,1
1376,1460,1
1376,1737,1
1376,1305,1
1376,934,1
1376,1128,1
1376,1867,1
1376,1522,1
1376,1603,1
1376,1753,1
1376,906,1
1376,999,1
1376,1219,1
1376,1653,1
1376,1683,1
1376,1551,1
1376,925,1
1376,1265,1
1376,1639,1
1376,1563,1
1376,1810,1
1376,1390,1
1376,1146,1
1376,1076,1
1376,1361,1
1376,1891,1
1376,1195,1
1376,1623,1
1376,1513,1
1376,1255,1
1376,1075,1
1376,1589,1
1376,1826,1
1376,1637,1
1376,1617,1
1376,1184,1
1376,1811,1
1376,1267,1
1376,1888,1
1376,967,1
1376,1800,1
1376,1736,1
1376,1405,1
1376,1746,1
1376,1554,1
1376,1827,1
1376,1509,1
1376,1597,1
1376,993,1
1376,1570,1
1376,1242,1
1376,897,1
1376,1006,1
1376,1130,1
1376,1523,1
1376,1185,1
1376,978,1
1376,1491,1
1376,1054,1
1376,1209,1
1376,1600,1
1376,1774,1
1376,1312,1
1166,1503,1
1166,1020,1
1166,1102,1
1166,1018,1
1166,1324,1
1166,1241,1
1166,1066,1
1166,1783,1
1166,1221,1
1166,1495,1
1166,1504,1
1166,1824,1
1166,1751,1
1166,984,1
1166,1525,1
1166,1725,1
1166,1316,1
1166,1729,1
1166,1258,1
1166,1595,1
1166,1282,1
1166,1382,1
1166,1828,1
1166,1396,1
1166,1261,1
1166,1051,1
1166,1820,1
1166,1104,1
1166,1661,1
1166,1742,1
1166,1893,1
1166,1338,1
1166,1273,1
1166,917,1
1166,1306,1
1166,1032,1
1166,1536,1
1166,1894,1
1166,1373,1
1166,1350,1
1166,1245,1
1166,1812,1
1793,1117,1
1793,1609,1
1793,1312,1
1793,1351,1
1793,1214,1
1793,1665,1
1793,1006,1
1793,1590,1
1793,1644,1
1793,1879,1
1793,1757,1
1793,1017,1
1793,1390,1
1793,1542,1
1793,1393,1
1793,1827,1
1793,1491,1
1793,1128,1
1793,1563,1
1793,1172,1
1793,925,1
1793,1205,1
1793,1589,1
1793,1800,1
1793,983,1
1793,1160,1
1793,1723,1
1793,1668,1
1793,1026,1
1793,1219,1
1793,1146,1
1793,1107,1
1793,1712,1
1793,1603,1
1793,1867,1
1793,1388,1
1793,1361,1
1793,1447,1
1793,1056,1
1793,1272,1
1793,1580,1
1793,1538,1
1793,1809,1
1793,1280,1
1793,1271,1
1793,934,1
1793,1184,1
1793,978,1
1793,1335,1
1793,1598,1
1793,1554,1
1793,1267,1
1793,1068,1
1793,966,1
1793,1772,1
1793,1845,1
1793,1181,1
1793,1125,1
1793,1810,1
1793,1359,1
1793,1079,1
1793,993,1
1793,1571,1
1793,1617,1
1793,1888,1
1793,1669,1
1793,1456,1
1793,1746,1
1793,1551,1
1793,1736,1
1793,1535,1
1857,1277,1
1857,1404,1
1857,1009,1
1857,1862,1
1857,902,1
1857,1841,1
1857,1104,1
1857,1691,1
1857,1628,1
1857,1227,1
1857,1392,1
1857,1635,1
1857,1257,1
1857,989,1
1857,1578,1
1857,1158,1
1857,1036,1
1857,1261,1
1857,1229,1
1857,1204,1
1857,941,1
1857,1284,1
1857,1221,1
1857,1015,1
1857,1381,1
1857,1067,1
1857,1315,1
1857,1893,1
1857,1120,1
1857,1850,1
1857,1462,1
1857,1379,1
1857,1591,1
1857,1611,1
1857,981,1
1857,1019,1
1857,1082,1
1857,1292,1
1857,1170,1
1857,957,1
1857,1115,1
1857,1347,1
1857,1426,1
1026,1589,1
1026,1172,1
1026,1409,1
1026,1590,1
1026,1775,1
1026,1827,1
1026,1675,1
1026,1182,1
1026,1305,1
1026,1902,1
1026,1637,1
1026,1460,1
1026,1509,1
1026,1185,1
1026,1746,1
1026,1603,1
1026,1888,1
1026,1312,1
1026,1028,1
1026,1883,1
1026,1517,1
1026,967,1
1026,1757,1
1026,1845,1
1026,1075,1
1026,1522,1
1026,1570,1
1026,1146,1
1026,1554,1
1026,934,1
1026,1155,1
1026,1669,1
1026,1753,1
1026,993,1
1026,1164,1
1026,1369,1
1026,1048,1
1026,1810,1
1018,1277,1
1018,1231,1
1018,1661,1
1018,1508,1
1018,1148,1
1018,1742,1
1018,1495,1
1018,1273,1
1018,1824,1
1018,1066,1
1018,1820,1
1018,1894,1
1018,1751,1
1018,1578,1
1018,1595,1
1018,637,1
1018,1907,1
1018,1284,1
1018,1848,1
1018,1261,1
1018,1281,1
1018,917,1
1018,1729,1
1018,1286,1
1018,1102,1
1018,1309,1
1018,1303,1
1018,1720,1
1018,1454,1
1018,1282,1
1018,1382,1
1018,1032,1
1018,1324,1
1018,1396,1
1018,1373,1
1600,526,1
1600,1746,1
1600,1683,1
1600,1736,1
1600,1888,1
1600,1827,1
1600,1146,1
1600,1603,1
1600,1653,1
1600,1540,1
1600,1255,1
1600,1861,1
1600,1112,1
1600,1522,1
1600,1214,1
1600,1811,1
1600,1523,1
1600,925,1
1600,1209,1
1600,993,1
1600,1800,1
1600,1598,1
1600,1076,1
1600,1435,1
1600,1891,1
1600,1669,1
1600,1571,1
1600,1075,1
1600,1879,1
1600,1110,1
1600,1201,1
1600,1737,1
1600,1877,1
1600,1198,1
1600,1554,1
1600,1416,1
1600,1006,1
1600,1116,1
1600,1570,1
1600,1184,1
1600,1609,1
1600,1242,1
1600,1181,1
1600,1054,1
1600,1128,1
1600,1867,1
1600,1390,1
1600,1029,1
1600,1160,1
1600,1597,1
1600,1659,1
1600,1164,1
1600,1480,1
1600,906,1
1600,1620,1
1600,1269,1
1600,1327,1
1600,1339,1
1600,1079,1
1600,1717,1
1600,1004,1
1600,1623,1
1600,1457,1
526,1435,1
526,1128,1
526,1710,1
526,1540,1
526,1407,1
526,1242,1
526,1778,1
526,606,1
526,1075,1
526,517,1
526,428,1
526,651,1
526,906,1
526,1357,1
526,1012,1
526,1049,1
526,1620,1
526,353,1
526,1644,1
526,1226,1
526,363,1
526,1110,1
526,1278,1
526,1616,1
526,1393,1
526,637,1
526,1800,1
526,1209,1
526,376,1
526,538,1
526,1054,1
526,1217,1
526,566,1
526,1114,1
526,1630,1
526,1358,1
526,1320,1
526,968,1
526,484,1
526,1487,1
526,993,1
526,1574,1
526,1861,1
526,1519,1
526,348,1
526,1416,1
526,1265,1
526,1882,1
526,1179,1
526,1609,1
526,1237,1
1117,1125,1
1117,1683,1
1117,1580,1
1117,1146,1
1117,1272,1
1117,1172,1
1117,1772,1
1117,1551,1
1117,1359,1
1117,1390,1
1117,1267,1
1117,1456,1
1117,972,1
1117,1665,1
1117,1571,1
1117,993,1
1117,1160,1
1117,1554,1
1117,1902,1
1117,1201,1
1117,966,1
1117,1079,1
1117,1538,1
1117,1288,1
1117,1589,1
1117,1570,1
1117,1205,1
1117,1736,1
1117,1598,1
1117,1861,1
1117,1255,1
1117,1722,1
1117,1339,1
1117,1717,1
1117,1017,1
1117,1361,1
1117,1827,1
1117,1263,1
1117,1877,1
1117,1330,1
1117,978,1
1117,1888,1
1117,1214,1
1117,1289,1
1117,1447,1
1117,1470,1
1117,1800,1
1117,1637,1
1117,1609,1
1117,1522,1
1117,1811,1
1117,1271,1
1117,1849,1
1117,1746,1
1117,1535,1
1117,1826,1
1117,1388,1
1117,1809,1
1117,1590,1
1117,1675,1
1117,1280,1
1054,1540,1
1054,1529,1
1054,1375,1
1054,1278,1
1054,1554,1
1054,1242,1
1054,1435,1
1054,1746,1
1054,1293,1
1054,1390,1
1054,1416,1
1054,1737,1
1054,1128,1
1054,1110,1
1054,1075,1
1054,906,1
1054,1861,1
1054,1572,1
1054,1049,1
1054,968,1
1054,1209,1
1054,1644,1
1054,1827,1
1054,1800,1
1054,925,1
1054,1717,1
1054,967,1
1054,1659,1
1540,1411,1
1540,1818,1
1540,1110,1
1540,1327,1
1540,1554,1
1540,1630,1
1540,1909,1
1540,1088,1
1540,1867,1
1540,1807,1
1540,1717,1
1540,1390,1
1540,1877,1
1540,1435,1
1540,1116,1
1540,1161,1
1540,1183,1
1540,1283,1
1540,968,1
1540,1683,1
1540,1699,1
1540,1062,1
1540,1523,1
1540,1079,1
1540,1361,1
1540,951,1
1540,1800,2
1540,1669,1
1540,1217,1
1540,1339,1
1540,1151,1
1540,1827,1
1540,1845,1
1540,1146,1
1540,1597,1
1540,1364,1
1540,1393,1
1540,1343,1
1540,1618,1
1540,1711,2
1540,995,1
1540,1891,1
1643,1184,1
1643,1079,1
1643,1653,1
1643,1004,1
1643,1746,1
1643,1365,1
1643,1214,1
1643,1538,1
1643,1757,1
1643,1620,1
1643,1888,1
1643,1589,1
1643,1107,1
1643,1522,1
1643,1617,1
1643,1289,1
1643,1669,1
1643,1867,1
1643,1623,1
1643,1774,1
1643,1390,1
1643,1675,1
1643,1255,1
1643,1181,1
1643,1590,1
1643,1597,1
1643,1198,1
1643,1146,1
1643,1339,1
1643,1570,1
1643,925,1
1643,1076,1
1643,1563,1
1643,1185,1
1643,1509,1
1643,1269,1
1643,1551,1
1643,1753,1
1643,978,1
1643,1723,1
1643,1639,1
1643,993,1
1643,1467,1
1643,934,1
1643,1182,1
1643,1243,1
1643,1267,1
1643,1603,1
1643,1637,1
1643,1609,1
1184,1669,1
1184,1522,1
1184,1112,1
1184,1237,1
1184,1563,1
1184,906,1
1184,1004,1
1184,1620,1
1184,1339,1
1184,1523,1
1184,1435,1
1184,1125,1
1184,925,1
1184,1079,1
1184,1644,1
1184,1826,1
1184,1665,1
1184,1185,1
1184,1524,1
1184,947,1
1184,1810,1
1184,1683,1
1184,1877,1
1184,1598,1
1184,1390,1
1184,1209,1
1184,1076,1
1184,1107,1
1184,1146,1
1184,1886,1
1184,1335,1
1184,1902,1
1184,1551,1
1184,1351,1
1184,1456,1
1184,1879,1
1184,1845,1
1184,1659,1
1184,1653,1
1184,1589,1
1184,1800,1
1184,1242,1
1184,1375,1
1184,1128,1
1184,993,1
1184,1491,1
1184,1532,1
1184,966,1
1184,1049,1
1184,1267,1
1184,1538,1
1184,1288,1
1184,1867,1
1184,1737,1
1184,1181,1
1184,1769,1
1184,1668,1
1184,1017,1
1184,1269,1
1184,1597,1
1184,999,1
1184,1623,1
1184,1198,1
1184,1717,1
1184,1603,1
1184,1255,1
1184,1736,1
1184,1757,1
1184,1542,1
1184,1849,1
1184,1617,1
1184,1746,1
1184,978,1
1184,1416,1
1184,1278,1
1184,1888,1
1184,1700,1
1184,1509,1
1184,1572,1
1184,1361,1
1184,1075,1
1184,1827,1
1551,1617,1
1551,1826,1
1551,1609,1
1551,934,1
1551,1845,1
1551,1125,1
1551,1491,1
1551,1535,1
1551,995,1
1551,1811,1
1551,1214,1
1551,1637,1
1551,1076,1
1551,1879,1
1551,1867,1
1551,1467,1
1551,1746,1
1551,978,1
1551,1675,1
1551,1597,1
1551,993,1
1551,1146,1
1551,1809,1
1551,1669,1
1551,1570,1
1551,1017,1
1551,1563,1
1551,1029,1
1551,1800,1
1551,1827,1
1551,1888,1
1551,1255,1
1551,1388,1
1551,1843,1
1551,1717,1
1551,999,1
1551,1603,1
1551,1409,1
1551,1861,1
1551,1736,1
1551,1272,1
1551,1683,1
1551,1891,1
1551,1107,1
1551,1580,1
1551,1393,1
1551,1172,1
1551,1877,1
1551,1849,1
1551,1205,1
1551,1047,1
1551,1712,1
1551,1280,1
1551,1201,1
1551,1219,1
1551,1335,1
1551,925,1
1551,906,1
1551,1006,1
1551,1079,1
1551,1554,1
1551,1639,1
1551,1351,1
1551,1700,1
1551,1390,1
1551,1753,1
1551,1723,1
1551,1589,1
1551,1056,1
1551,1048,1
1551,1470,1
1551,1522,1
1551,1359,1
1551,1289,1
1551,1509,1
1551,1902,1
1551,1447,1
1551,1330,1
1551,1407,1
1551,1757,1
1551,1160,1
1551,1623,1
1551,947,1
1551,1361,1
1004,1435,2
1004,1128,1
1004,1522,1
1004,1267,1
1004,1091,1
1004,1849,1
1004,1736,1
1004,925,1
1004,1146,1
1004,1185,1
1004,1375,1
1004,1079,1
1004,1653,1
1004,1209,1
1004,1867,1
1004,1198,1
1004,1800,1
1004,1242,1
1004,1390,1
1004,1717,1
1004,1810,1
1004,1480,1
1004,1538,1
1004,1339,1
1004,1330,1
1004,1877,1
1004,1598,1
1004,1659,1
1004,1620,1
1004,1532,1
1004,1554,1
1004,1603,1
1004,1888,1
1004,1644,1
1004,1827,1
1004,1597,1
1004,1491,1
1004,1524,1
1004,1746,1
1004,1289,1
1004,1757,1
1004,1886,1
1004,1523,1
1004,1879,1
1004,1683,1
1004,1617,1
1004,1589,1
1004,1416,1
1004,1076,1
1004,1017,1
1004,1467,1
1004,1335,1
1004,1181,1
1004,1112,1
1004,1623,1
1849,1076,1
1849,1491,1
1849,1160,1
1849,1665,1
1849,1214,1
1849,1068,1
1849,1879,1
1849,1554,1
1849,1598,1
1849,983,1
1849,1006,1
1849,1736,1
1849,1107,1
1849,1271,1
1849,1335,1
1849,993,1
1849,1746,1
1849,1017,1
1849,1456,1
1849,1388,1
1849,1571,1
1849,1603,1
1849,1827,1
1849,1390,1
1849,1267,1
1849,1480,1
1849,1172,1
1849,1447,1
1849,1205,1
1849,1024,1
1849,1800,1
1849,1288,1
1849,978,1
1849,1668,1
1849,1589,1
1849,1772,1
1849,1617,1
1849,1243,1
1849,1079,1
1849,1683,1
1849,1280,1
1849,1888,1
1849,1125,1
1849,1351,1
1849,966,1
1849,1181,1
1849,1361,1
1849,1185,1
1849,1580,1
1849,1712,1
1849,1130,1
1746,1172,1
1746,1112,1
1746,1456,1
1746,1522,1
1746,1879,1
1746,1780,1
1746,1330,1
1746,1146,1
1746,1491,1
1746,1075,1
1746,1079,1
1746,1293,1
1746,1128,1
1746,1598,1
1746,1810,1
1746,1509,1
1746,1737,1
1746,1467,1
1746,1198,1
1746,1114,2
1746,1288,1
1746,1723,1
1746,1278,1
1746,978,1
1746,1457,1
1746,925,1
1746,1639,1
1746,1017,1
1746,1603,1
1746,1523,1
1746,1827,1
1746,1006,1
1746,1048,1
1746,1867,1
1746,1886,1
1746,1181,1
1746,1668,1
1746,1902,1
1746,1416,1
1746,1375,1
1746,1390,1
1746,1888,1
1746,1623,1
1746,1580,1
1746,1712,1
1746,1877,1
1746,1826,1
1746,1269,1
1746,1554,1
1746,1447,1
1746,1644,1
1746,1242,1
1746,947,1
1746,993,1
1746,1305,1
1746,1620,1
1746,1617,1
1746,1757,1
1746,934,1
1746,1267,1
1746,1665,1
1746,1659,1
1746,1669,1
1746,1130,1
1746,1809,1
1746,1597,1
1746,1717,1
1746,1049,1
1746,1532,1
1746,1207,1
1746,1237,1
1746,1107,1
1746,1891,1
1746,1800,1
1746,1076,1
1746,1020,2
1746,1589,1
1746,1335,1
1746,1255,1
1746,1683,1
1746,1185,1
1746,1637,1
1746,906,1
1746,1409,1
1746,1339,1
1746,1209,1
1746,966,1
1746,1435,1
1746,1736,1
1746,999,1
1746,1653,1
1746,1243,1
1746,1572,1
1746,1524,1
1746,1271,1
1305,947,1
1305,1513,1
1305,1538,1
1305,1656,2
1305,1683,1
1305,1130,1
1305,1123,1
1305,1312,1
1305,1146,1
1305,1769,1
1305,966,1
1305,934,1
1305,1440,1
1305,1048,1
1305,1390,1
1305,967,1
1305,1774,1
1305,1196,1
1305,1024,1
1305,1614,1
1305,1617,1
1305,1509,1
1305,1852,1
1305,1603,1
1305,1800,1
1305,1589,1
1305,1888,1
1305,1467,1
1305,1028,1
1305,1668,1
1305,1269,1
1305,1637,1
1305,1293,1
1305,1255,1
1305,897,1
1305,978,1
1305,922,1
1305,1590,1
1305,1805,1
1305,1863,1
1305,1485,1
1305,1757,1
1305,1877,1
1305,1563,1
1305,1860,1
1305,1398,1
1305,1886,1
1305,1409,1
1305,1570,1
1305,1272,1
1305,1480,1
1305,1185,1
1305,1524,1
1114,1487,1
1114,1744,1
1114,1320,1
1114,1767,1
1114,1012,1
1114,1778,1
1114,1692,1
1114,1358,1
1114,1263,1
1114,1357,1
1114,353,1
1114,1543,1
1114,517,1
1114,1512,1
1114,1248,1
1114,1574,1
1114,1882,1
1114,1616,1
1114,538,1
1114,1223,1
1114,428,1
1114,1408,1
1114,1179,1
1114,1808,1
1114,1300,1
1114,1422,1
1114,484,1
1114,1677,1
1114,1001,1
1114,936,1
1114,905,1
1114,1155,1
1487,1620,1
1487,1464,1
1487,1029,1
1487,948,1
1487,968,1
1487,1853,1
1487,905,1
1487,376,1
1487,353,1
1487,1429,1
1487,1910,1
1487,1080,1
1487,1095,1
1487,1675,1
1487,1885,1
1487,1001,1
1487,1545,1
1487,1646,1
1487,538,1
1487,1660,1
1487,962,1
1487,484,1
1487,1217,1
1487,1692,1
1487,1844,1
1487,1422,1
1487,915,1
1487,1160,1
1487,1543,1
1487,1744,1
1487,1397,1
1487,606,1
1487,1155,1
1487,1237,1
1487,1357,1
1487,637,1
1487,1574,1
1487,1025,1
1487,651,1
1487,913,1
1487,517,1
1487,1427,1
1487,1400,1
1487,1677,1
1487,1536,1
1487,1897,1
1687,1593,2
1687,1825,1
1687,1445,1
1687,1325,1
1687,1136,1
1687,1061,1
1687,1698,1
1687,1656,1
1687,950,1
1687,1555,1
1687,1410,1
1687,1567,1
1687,1144,1
1687,1708,1
1687,1174,1
1687,970,1
1687,1676,1
1687,1719,1
1687,1023,1
1687,1534,1
1687,1029,1
1687,1433,1
1687,1588,1
1687,1421,1
1687,1274,1
1687,1806,1
1687,1615,1
1687,951,1
1687,1033,1
1687,1494,1
1687,1866,1
1687,1803,1
1687,563,2
1687,900,1
1593,1136,1
1593,1555,1
1593,1045,1
1593,1803,1
1593,1274,1
1593,1825,1
1593,1806,1
1593,1232,1
1593,1494,1
1593,1588,1
1593,1218,2
1593,1758,1
1593,1144,1
1593,1567,1
1593,1787,1
1593,1452,1
1593,1866,1
1593,1784,1
1593,1410,1
1593,1098,1
1593,1708,1
1777,563,1
1777,376,1
1777,1013,1
1777,428,1
563,1013,1
563,420,1
563,1808,1
563,376,1
563,1217,1
563,1136,1
563,348,1
563,1574,1
563,566,1
563,414,1
563,1338,1
563,428,1
563,1745,1
1478,1743,1
1478,1910,1
1478,1356,1
1478,1453,1
1478,1694,1
1478,1671,1
1478,1372,1
1478,939,1
1478,1831,1
1478,1829,1
1478,1342,1
1478,1212,1
1478,1545,1
1743,1531,1
1743,1901,1
1743,1829,1
1743,1910,1
1743,1356,1
1743,1694,1
1743,1831,1
1743,1844,1
1743,962,1
1743,1212,1
1743,580,1
1743,1645,1
1743,1453,1
1743,1349,1
1743,1545,1
1743,976,1
1743,1671,1
1743,931,1
1609,1029,1
1609,1554,1
1609,1570,1
1609,1589,1
1609,1902,1
1609,1800,1
1609,1047,1
1609,1675,1
1609,1523,1
1609,1182,1
1609,1280,1
1609,1172,1
1609,1861,1
1609,1359,1
1609,1393,1
1609,1665,1
1609,1888,1
1609,1255,1
1609,1269,1
1609,1205,1
1609,1330,1
1609,1048,1
1609,1075,1
1609,1811,1
1609,978,1
1609,1116,1
1609,1201,1
1609,1509,1
1609,1620,1
1609,1056,1
1609,1265,1
1609,1522,1
1609,1160,1
1609,1388,1
1609,1535,1
1609,1110,1
1609,906,1
1609,1447,1
1609,1214,1
1609,1717,1
1609,1637,1
1609,993,1
1609,1243,1
1609,1669,1
1609,1470,1
1460,1522,1
1460,897,1
1460,995,1
1460,1029,1
1460,1480,1
1460,1501,1
1460,1639,1
1460,993,1
1460,1637,1
1460,1272,1
1460,1269,1
1460,1470,1
1460,1570,1
1460,1590,1
1460,1509,1
1460,1123,1
1460,1265,1
1460,1369,1
1460,1434,1
1460,1513,1
1460,1851,1
1460,925,1
1460,1075,1
1460,1107,1
1460,1130,1
1139,1275,1
1139,1624,1
1139,1904,1
1139,1906,1
1139,940,1
1139,1338,1
1139,1869,1
1139,1672,1
1139,1308,1
1139,1259,1
1139,1469,1
1139,1815,1
1139,1504,1
1139,1170,1
1139,1109,1
1139,1709,1
1139,1482,1
1139,1041,1
1219,1107,1
1219,1289,1
1219,1361,1
1219,995,1
1219,1553,1
1219,1185,1
1219,1509,1
1219,1006,1
1219,1265,1
1219,1172,1
1219,966,1
1219,1519,1
1219,897,1
1219,1827,1
1219,1888,1
1219,1470,1
1219,1351,1
1219,1879,1
1219,1902,1
1219,1130,1
1219,1736,1
1219,1017,1
1219,1665,1
1080,353,1
1080,1616,1
1080,1543,1
1080,1763,1
1080,1446,1
1080,1767,1
1080,1025,1
1080,1526,1
1080,484,1
1080,1066,1
1080,948,1
1080,1001,1
1080,1106,1
1080,1729,1
1080,1673,1
1080,1902,1
1080,1095,1
1080,1427,1
1080,1514,1
1080,1785,1
1080,363,1
1080,1155,1
1080,1545,1
1080,1853,1
1080,1565,1
1080,1878,1
1080,1318,1
1080,1142,1
1080,580,1
1080,1294,1
1080,1790,1
1080,1464,1
1080,1645,1
1080,1882,1
1080,1358,1
1080,1870,1
1080,637,1
1080,1113,1
1080,1660,1
1080,651,1
1080,1766,1
1080,1349,1
1080,1844,1
1080,1677,1
1080,538,1
1080,1237,1
353,601,1
353,1692,1
353,1155,1
353,1673,1
353,1694,1
353,566,1
353,976,1
353,651,1
353,1237,1
353,1313,1
353,420,1
353,1475,1
353,363,1
353,606,1
353,1744,1
353,1514,1
353,1645,1
353,936,1
353,1397,1
353,1855,1
353,428,1
353,376,1
353,1616,1
353,1778,1
353,538,1
353,484,1
353,1790,1
353,1349,1
353,580,1
353,1529,1
353,1677,1
353,1075,1
353,637,1
353,1512,1
353,1012,1
353,1679,1
353,348,1
353,1844,1
353,517,1
353,1574,1
353,1606,1
353,1543,1
353,1358,1
353,1882,1
353,1320,1
353,1427,1
353,1878,1
1542,1717,1
1542,1826,1
1542,1001,1
1542,1006,1
1542,1409,1
1542,1810,1
1542,1456,1
1542,1902,1
1542,1845,1
1542,1772,1
1542,1712,1
1542,1107,1
1542,1800,1
1542,1361,1
1542,1665,1
1542,1589,1
1542,1580,1
1542,1598,1
1542,1809,1
1542,1447,1
1542,1207,1
1542,1538,1
1542,1288,1
1542,1888,1
1542,1668,1
1542,983,1
1717,1375,1
1717,1867,1
1717,1723,1
1717,1888,1
1717,1267,1
1717,1079,1
1717,1589,1
1717,1683,1
1717,1535,1
1717,1678,1
1717,967,1
1717,1271,1
1717,947,1
1717,1554,1
1717,1623,1
1717,1359,1
1717,1669,1
1717,1361,1
1717,1288,1
1717,1390,1
1717,1076,1
1717,1255,1
1717,1675,1
1717,1811,1
1717,1891,1
1717,1617,1
1717,1563,1
1717,1826,1
1717,1538,1
1717,1736,1
1717,1653,1
1717,1603,1
1717,1205,1
1717,1639,1
1717,1146,1
1717,1712,1
1717,925,1
1717,1861,1
1717,1242,1
1717,1416,1
1717,1668,1
1717,1447,1
1717,966,1
1717,1570,1
1717,1590,1
1717,1877,1
1717,1598,1
1717,1618,1
1717,1181,1
1717,993,1
1717,1659,1
1717,1470,1
1717,1757,1
1717,1737,1
1717,1110,1
1717,1456,1
1717,1312,1
1717,1006,1
1717,1209,1
1717,1048,1
1717,1075,1
1717,1827,1
1717,1207,1
1717,1644,1
1717,1800,1
1717,1435,1
1717,978,1
1675,1535,1
1675,1888,1
1675,1646,1
1675,913,1
1675,1029,1
1675,1255,1
1675,1182,1
1675,1891,1
1675,1205,1
1675,1128,1
1675,1047,1
1675,1554,1
1675,1359,1
1675,1753,1
1675,1589,1
1675,1570,1
1675,1800,1
1675,1185,1
1675,1243,1
1675,1603,1
1675,1447,1
1675,1076,1
1675,1867,1
1675,1885,1
1675,1312,1
1675,1843,1
1675,1811,1
1675,1056,1
1675,1810,1
1675,1669,1
1675,993,1
1675,934,1
1675,1614,1
1675,1637,1
1675,1160,1
1675,1620,1
1675,1463,1
1675,1330,1
1675,1509,1
1675,1048,1
1675,1902,1
1675,967,1
1675,925,1
1675,1470,1
1675,1164,1
1675,1861,1
1675,1564,1
1675,1269,1
1675,1563,1
1675,1146,1
1347,1691,1
1347,1426,1
1347,1628,1
1347,1231,1
1347,1082,1
1347,1893,1
1347,1755,1
1347,981,1
1347,971,1
1347,1611,1
1347,1227,1
1347,1682,1
1347,1148,1
1347,902,1
1347,1396,1
1347,1649,1
1347,1727,1
1347,1715,1
1347,1742,1
1347,1066,1
1347,1104,1
1347,1067,1
1347,1158,1
1347,1783,1
1347,957,1
1347,1413,1
1347,1204,1
1347,1229,1
1347,1282,1
1347,1475,1
1347,1019,1
1347,1495,1
1347,1661,1
1347,1292,1
1347,1373,1
1347,1120,1
1347,1462,1
1347,1732,1
1347,1379,1
1347,1277,1
1347,1828,1
1347,1591,1
1820,1508,1
1820,1148,1
1820,917,1
1820,1324,1
1820,1170,1
1820,1277,1
1820,1751,1
1820,1204,1
1820,1316,1
1820,969,1
1820,1894,1
1820,1382,1
1820,1907,1
1820,1824,1
1820,1729,1
1820,941,1
1820,1066,1
1820,933,1
1820,1282,1
1820,1848,1
1820,1303,1
1820,1245,1
1820,1102,1
1820,1273,1
1820,1704,1
1820,1406,1
1820,1661,1
1820,1783,1
1820,1495,1
1820,1020,1
1820,1396,1
1820,1451,1
1820,1261,1
1820,1828,1
1820,1812,1
1820,919,1
1820,1454,1
1820,1281,1
1820,984,1
1820,1309,1
1820,1032,1
1820,1373,1
1820,1732,1
1820,1742,1
1820,1595,1
1820,1284,1
1820,1286,1
1820,1893,1
1508,1282,1
1508,1261,1
1508,1102,1
1508,1066,1
1508,1894,1
1508,1273,1
1508,1277,1
1508,1309,1
1508,1751,1
1508,1396,1
1508,1020,1
1508,1742,1
1508,1281,1
1508,1783,1
1508,1245,1
1508,1893,1
1508,1729,1
1508,934,1
1508,1382,1
1508,1373,1
1508,1495,1
1508,1824,1
1508,1848,1
1882,914,1
1882,1446,1
1882,1878,1
1882,1778,1
1882,936,1
1882,1574,1
1882,1358,1
1882,1237,1
1882,1844,1
1882,651,1
1882,1514,1
1882,484,1
1882,580,1
1882,1645,1
1882,1113,1
1882,1565,1
1882,1870,1
1882,1766,1
1882,1679,1
1882,1349,1
1882,1155,1
1882,1602,1
1882,976,1
1882,1616,1
1882,1179,1
1882,1397,1
1882,606,1
1882,1427,1
1882,1408,1
1882,1763,1
1882,1744,1
1882,1606,1
1882,637,1
1882,1318,1
1882,1012,1
1882,1320,1
914,1818,1
914,1453,1
914,1885,1
914,1408,1
914,913,1
914,1052,1
914,1897,1
914,1673,1
914,1575,1
914,1217,1
914,1807,1
914,1247,1
914,915,1
914,1574,1
1041,1496,1
1041,1246,1
1041,1756,1
1041,1681,1
1041,1072,1
1041,1541,1
1041,1348,1
1041,1259,1
1041,1011,1
1041,1748,1
1041,1415,1
1041,949,1
1041,1815,1
1041,964,1
1041,1249,1
1041,1306,1
1041,1869,1
1041,1831,1
1041,1482,1
1041,1624,1
1041,1504,1
1041,1109,1
1041,389,1
1041,1189,1
1041,1052,1
1041,977,1
1041,1770,1
1041,1121,1
1041,1131,1
1041,1169,1
1041,1904,1
1041,1709,1
1041,1739,1
1041,1275,1
1041,1630,1
1041,1469,1
1041,1507,1
1041,1338,1
1041,1226,1
1496,1709,1
1496,1121,1
1496,1052,1
1496,1226,1
1496,1574,1
1496,1275,1
1496,1189,1
1496,1545,1
1496,1624,1
1496,1727,1
1496,389,1
1496,1770,1
1496,1259,1
1496,1745,1
1496,1507,1
1496,1525,1
1496,1847,1
1496,1338,1
1496,1469,1
1496,1541,1
1496,1529,1
1496,1109,1
1496,1296,1
1496,1106,1
1496,1536,1
1496,1681,1
1496,1311,1
1496,1348,1
1496,1630,1
1496,1415,1
1496,1904,1
1496,1035,1
1496,1051,1
1496,1504,1
1496,1159,1
1496,1385,1
1496,1482,1
1496,1010,1
1228,1141,1
1228,1051,1
1228,974,1
1228,1159,1
1228,1308,1
1228,1500,1
1228,1035,1
1228,1188,1
1228,1010,1
1228,1090,1
1228,1170,1
1228,1131,1
1228,1304,1
1228,1725,1
1228,1000,1
1024,1125,1
1024,1028,1
1024,1879,1
1024,1339,1
1024,1902,1
1024,1800,1
1024,1614,1
1024,1390,1
1024,1267,1
1024,1130,1
1024,1271,1
1024,1598,1
1024,1017,1
1024,1288,1
1024,1006,1
1024,1398,1
1024,1668,1
1024,1501,1
1024,1665,1
1024,1458,1
1024,1888,1
1024,1289,1
1024,1571,1
1024,1491,1
1024,1442,1
1024,1736,1
1024,966,1
1024,1712,1
1024,1123,1
1024,1480,1
1024,1809,1
1024,1886,1
1024,1863,1
1024,1456,1
1024,1133,1
1024,1617,1
1024,1207,1
1024,1214,1
1390,925,1
1390,1843,1
1390,1271,1
1390,1886,1
1390,1620,1
1390,1198,1
1390,1172,1
1390,1255,1
1390,1809,1
1390,1125,1
1390,1467,1
1390,1079,1
1390,1902,1
1390,1076,1
1390,1068,1
1390,1435,1
1390,1665,1
1390,1879,1
1390,982,1
1390,1110,1
1390,1128,1
1390,1267,1
1390,1580,1
1390,1570,1
1390,967,1
1390,1867,1
1390,1598,1
1390,1653,1
1390,1339,1
1390,934,1
1390,1107,1
1390,1330,1
1390,1017,1
1390,1146,1
1390,1209,1
1390,1207,1
1390,1811,1
1390,1827,1
1390,1597,1
1390,1737,1
1390,1289,1
1390,1049,1
1390,1659,1
1390,947,1
1390,1242,1
1390,1683,1
1390,1416,1
1390,1618,1
1390,1800,1
1390,1456,1
1390,1491,1
1390,1185,1
1390,1523,1
1390,1888,1
1390,1375,1
1390,1112,1
1390,1006,1
1390,1603,1
1390,1447,1
1390,1668,1
1390,1589,1
1390,993,1
1390,1237,1
1390,1736,1
1390,1524,1
1390,1361,1
1390,1457,1
1390,1509,1
1390,1485,1
1390,1617,1
1390,1522,1
1390,1877,1
1390,966,1
1390,1757,1
1390,906,1
1390,1327,1
1390,1075,1
1390,1335,1
1390,1572,1
1390,1480,1
1390,1712,1
1390,1288,1
1390,1644,1
1390,1554,1
1390,983,1
1390,1623,1
1648,1232,1
1648,1319,1
1648,963,2
1648,992,1
1648,1137,1
1648,1548,1
1648,1895,1
1648,1333,1
1648,1787,1
1648,901,1
1648,938,1
1648,1118,1
1648,1568,1
1648,903,1
1648,1452,1
1648,1363,1
1648,1468,1
1648,1733,1
1648,1493,1
1648,1798,1
1648,1378,1
1232,1629,1
1232,1216,1
1232,1733,1
1232,1371,1
1232,1468,1
1232,1186,1
1232,963,1
1232,1452,1
1232,1118,1
1232,1880,1
1232,1548,1
1232,1568,1
1232,1895,1
1232,903,1
1232,1333,1
1232,901,1
1232,1533,1
1232,938,1
1232,1137,1
1232,1798,1
1232,1601,1
1232,1787,1
1232,1378,1
1342,1910,1
1342,1700,1
1342,1637,1
1342,1831,1
1342,939,1
1342,1212,1
1886,1800,1
1886,1107,1
1886,1207,1
1886,1509,1
1886,1181,1
1886,1753,1
1886,1614,1
1886,925,1
1886,1012,1
1886,1590,1
1886,993,1
1886,1522,1
1886,1532,1
1886,1456,1
1886,1272,1
1886,1827,1
1886,1017,1
1886,1112,1
1886,1123,1
1886,1289,1
1886,1598,1
1886,1185,1
1886,1867,1
1886,1269,1
1886,1125,1
1886,1603,1
1886,1375,1
1886,1757,1
1886,1146,1
1886,1589,1
1886,1617,1
1886,1774,1
1886,1597,1
1886,1556,1
1886,1467,1
1886,1128,1
1886,1209,1
1886,1339,1
1886,947,1
1886,1562,1
1886,1809,1
1886,1416,1
1886,966,1
1886,1267,1
1886,1480,1
1886,1028,1
1886,1365,1
1886,1668,1
1886,1888,1
1800,1597,1
1800,1339,1
1800,1524,1
1800,1198,1
1800,1255,1
1800,1523,1
1800,1811,1
1800,1563,1
1800,1665,1
1800,1589,1
1800,982,1
1800,1480,1
1800,1207,1
1800,1879,1
1800,1669,1
1800,1267,1
1800,1110,1
1800,1623,1
1800,1125,1
1800,1330,1
1800,906,1
1800,1185,1
1800,947,1
1800,966,1
1800,925,1
1800,934,1
1800,1753,1
1800,1130,1
1800,1877,1
1800,1603,1
1800,1827,1
1800,1409,1
1800,1416,1
1800,1028,1
1800,1554,1
1800,1843,1
1800,1049,1
1800,1538,1
1800,1620,1
1800,1809,1
1800,1107,1
1800,1888,1
1800,1242,1
1800,1288,1
1800,1237,2
1800,1644,1
1800,1116,1
1800,978,1
1800,1614,1
1800,1867,1
1800,1674,1
1800,1447,1
1800,1491,1
1800,1375,1
1800,1810,1
1800,1160,1
1800,1653,1
1800,1617,1
1800,1467,1
1800,1737,1
1800,1361,1
1800,1626,1
1800,1683,1
1800,967,1
1800,1598,1
1800,1902,1
1800,1272,1
1800,1335,1
1800,1269,1
1800,1293,1
1800,1456,1
1800,1079,1
1800,1047,1
1800,1580,1
1800,1006,1
1800,1659,1
1800,1532,1
1800,1435,1
1800,1572,1
1800,1757,1
1800,1278,1
1800,1076,1
1800,1243,1
1800,1668,1
1800,1457,1
1800,1723,1
1800,1590,1
1800,922,1
1800,1780,1
1800,1017,1
1800,1509,1
1800,1891,1
1800,993,1
1800,1195,1
1800,1522,1
1800,1484,1
1800,1327,1
1800,1181,1
1800,1146,1
1800,1128,1
1800,1736,1
1800,1712,1
1800,1351,1
1800,1172,1
1800,1826,1
1800,1056,1
1800,1075,1
1800,1845,1
1800,1025,1
1800,1112,1
1800,1048,1
1800,1209,1
1800,1271,1
1800,999,1
1098,1719,1
1098,1534,1
1098,1031,1
1098,1088,1
1098,1567,1
1098,1666,1
1098,1803,1
1098,1553,1
1098,1806,1
1098,1140,1
1098,1165,1
1802,1629,1
1802,963,1
1802,1452,1
1802,1468,1
1802,1548,1
1802,1798,1
1802,1314,1
1802,1895,1
1802,1533,1
1629,1118,1
1629,1533,1
1629,992,1
1629,1333,1
1629,1137,1
1629,1895,1
1629,1452,1
1629,1216,1
1629,1378,1
1629,903,1
1629,901,1
1629,1363,1
1629,1371,1
1629,963,1
1629,1784,1
1629,1536,1
1629,1733,1
1629,1601,1
1554,1361,1
1554,1603,1
1554,1757,1
1554,1811,1
1554,1243,1
1554,1272,1
1554,1736,1
1554,1891,1
1554,1293,1
1554,995,1
1554,1411,1
1554,906,1
1554,1563,1
1554,1845,1
1554,1826,1
1554,925,1
1554,1075,1
1554,1570,1
1554,1049,1
1554,1879,1
1554,1888,1
1554,1128,1
1554,1737,1
1554,967,1
1554,1416,1
1554,1255,1
1554,1618,1
1554,1047,1
1554,1283,1
1554,1269,1
1554,1617,1
1554,999,1
1554,1146,1
1554,1523,1
1554,1330,1
1554,1589,1
1554,1335,1
1554,1209,1
1554,1107,1
1554,1623,1
1554,1172,1
1554,1597,1
1554,1753,1
1554,1351,1
1554,1205,1
1554,1877,1
1554,1242,1
1554,993,1
1554,1485,1
1554,1185,1
1554,1867,1
1554,1017,1
1554,1669,1
1554,1125,1
1554,1195,1
1554,1181,1
1554,978,1
1554,1827,1
1554,1076,1
1554,1048,1
1554,1182,1
1554,1522,1
1554,1467,1
1554,1861,1
1554,1683,1
1554,1723,1
1554,1509,1
947,1637,1
947,1827,1
947,1185,1
947,1653,1
947,1269,1
947,1365,1
947,1668,1
947,1079,1
947,1467,1
947,1590,1
947,993,1
947,897,1
947,1888,1
947,1683,1
947,1272,1
947,1243,1
947,978,1
947,1267,1
947,1598,1
947,1845,1
947,1522,1
947,1757,1
947,1509,1
947,1614,1
947,1867,1
947,1049,1
947,1639,1
947,1017,1
947,999,1
947,1128,1
947,1563,1
947,1491,1
947,1562,1
947,1589,1
947,1617,1
947,1416,1
947,1808,1
947,1028,1
947,1669,1
947,1603,1
947,1597,1
947,1242,1
1028,1757,1
1028,1614,1
1028,1589,1
1028,993,1
1028,1522,1
1028,1700,1
1028,1523,1
1028,1509,1
1028,1603,1
1028,1185,1
1028,1375,1
1028,1365,1
1028,1467,1
1028,1867,1
1028,1888,1
1028,1532,1
1028,1209,1
1028,1597,1
1028,1128,1
1028,1267,1
1028,1617,1
1028,1491,1
1028,1017,1
1757,1209,1
1757,934,1
1757,1589,1
1757,978,1
1757,1669,1
1757,1538,1
1757,1556,1
1757,1047,1
1757,1598,1
1757,925,1
1757,1480,1
1757,1369,1
1757,1125,1
1757,1079,1
1757,1107,1
1757,966,1
1757,1524,1
1757,1288,1
1757,1737,1
1757,1182,1
1757,1439,1
1757,1214,1
1757,1668,1
1757,993,1
1757,1271,1
1757,999,1
1757,1017,1
1757,1879,1
1757,1278,1
1757,1810,1
1757,1335,1
1757,906,1
1757,1653,1
1757,1572,1
1757,1255,1
1757,1185,1
1757,1712,1
1757,1351,1
1757,1467,1
1757,1457,1
1757,1532,1
1757,1809,1
1757,1146,1
1757,1339,1
1757,1198,1
1757,1827,1
1757,1888,1
1757,1269,1
1757,1112,1
1757,1456,1
1757,1736,1
1757,1665,1
1757,1603,1
1757,1172,1
1243,978,1
1243,934,1
1243,1620,1
1243,1888,1
1243,1076,1
1243,1185,1
1243,1589,1
1243,1160,1
1243,1330,1
1243,1522,1
1243,1570,1
1243,1867,1
1243,925,1
1243,1659,1
1243,1351,1
1243,906,1
1243,1623,1
1243,1639,1
1243,1902,1
1243,1201,1
1243,1753,1
1243,1563,1
1243,1075,1
1243,1885,1
1243,1047,1
1243,1269,1
1243,993,1
1243,967,1
1243,1451,1
1243,1146,1
1243,1509,1
1243,1182,1
1243,1723,1
1243,1049,1
1243,1267,1
1243,1637,1
1243,1861,1
1243,1110,1
1243,1811,1
1243,1209,1
1243,1590,1
1243,1669,1
1243,995,1
1243,1214,1
1243,1079,1
1243,1827,1
978,1902,1
978,1205,1
978,1439,1
978,1626,1
978,1603,1
978,1047,1
978,1535,1
978,1076,1
978,1017,1
978,1827,1
978,1909,1
978,925,1
978,1623,1
978,1589,1
978,1888,1
978,1269,1
978,1272,1
978,1891,1
978,1209,1
978,966,1
978,1274,1
978,993,1
978,1185,1
978,1146,1
978,1330,1
978,1491,1
978,1484,1
978,1811,1
978,1874,1
978,1255,1
978,1669,1
978,1435,1
978,1522,1
978,1351,1
978,1440,1
978,1198,1
978,1509,1
993,1877,1
993,1683,1
993,1753,1
993,1617,1
993,1535,1
993,967,1
993,1195,1
993,1669,1
993,1603,1
993,1772,1
993,1509,1
993,1620,1
993,1580,1
993,1185,1
993,1128,1
993,1407,1
993,1214,1
993,1470,1
993,1146,1
993,1409,1
993,1076,1
993,1447,1
993,1902,1
993,1255,1
993,1267,1
993,1467,1
993,1359,1
993,1312,1
993,1182,1
993,1361,1
993,1891,1
993,1491,1
993,1522,1
993,1590,1
993,1851,1
993,1205,1
993,1598,1
993,1048,1
993,1867,1
993,1289,1
993,1659,1
993,1888,1
993,1827,1
993,1589,1
993,1335,1
993,1637,1
993,1484,1
993,1513,1
993,1006,1
993,925,1
993,934,1
993,1110,1
993,1597,1
993,1269,1
993,1172,1
993,1330,1
993,1079,1
993,1209,1
993,1639,1
1753,1361,1
1753,1888,1
1753,925,1
1753,1272,1
1753,1669,1
1753,1659,1
1753,1393,1
1753,1196,1
1753,1589,1
1753,1407,1
1753,1047,1
1753,1146,1
1753,1570,1
1753,1827,1
1753,1076,1
1753,1861,1
1753,1845,1
1753,1255,1
1753,1267,1
1753,1269,1
1753,1048,1
1753,1769,1
1753,1110,1
1753,934,1
1753,1182,1
1753,1563,1
1753,1891,1
1753,967,1
1753,1485,1
1753,1603,1
1753,1185,1
1361,1723,1
1361,1398,1
1361,1577,1
1361,1637,1
1361,1456,1
1361,1563,1
1361,1911,1
1361,1879,1
1361,1330,1
1361,1327,1
1361,1458,1
1361,1863,1
1361,1603,1
1361,1255,1
1361,1674,1
1361,1447,1
1361,1205,1
1361,1722,1
1361,1017,1
1361,1509,1
1361,1909,1
1361,995,1
1361,1321,1
1361,1359,1
1361,1811,1
1361,1888,1
1361,1626,1
1361,1858,1
1361,1614,1
1361,1409,1
1361,1107,1
1361,1902,1
1361,967,1
1361,1465,1
1361,1123,1
1361,1006,1
1361,1891,1
1361,1843,1
1361,1076,1
1361,1867,1
1361,1312,1
1361,1668,1
1361,1440,1
1361,897,1
1361,1805,1
1361,999,1
1361,966,1
1361,1644,1
1361,1702,1
1361,1160,1
1361,1172,1
1361,1589,1
1361,1351,1
1361,1470,1
1361,1388,1
1361,1736,1
1361,1570,1
1361,1198,1
1361,1669,1
1361,1214,1
1783,1469,1
1783,1246,1
1783,1906,1
1783,1309,1
1783,1282,1
1783,1396,1
1783,1887,1
1783,1259,1
1783,1481,1
1783,1624,1
1783,1093,1
1783,1504,1
1783,1751,1
1783,1729,1
1783,1507,1
1783,1089,1
1783,1281,1
1783,1382,1
1783,1231,1
1783,1275,1
1783,1525,1
1783,1221,1
1783,1672,1
1783,917,1
1783,1503,1
1783,1413,1
1783,984,1
1783,1152,1
1783,1316,1
1783,1667,1
1783,1739,1
1783,1273,1
1783,1159,1
1783,941,1
1783,919,1
1783,1292,1
1783,1158,1
1783,1495,1
1783,1807,1
1783,1451,1
1783,1454,1
1783,1415,1
1783,1489,1
1783,1263,1
1783,969,1
1783,1261,1
1783,1020,1
1783,1907,1
1783,1245,1
1783,1189,1
1783,1785,1
1783,1183,1
1783,1742,1
1783,1032,1
1783,1167,1
1783,1241,1
1783,1828,1
1783,1781,1
1783,1143,1
1783,1373,1
1783,1595,1
1783,1170,1
1783,1066,1
1783,1894,1
1783,1338,1
1783,1102,1
1783,1732,1
1783,1591,1
1783,1303,1
1783,1062,1
1783,1725,1
1783,971,1
1783,1848,1
1783,1812,1
1783,1529,1
1783,1051,1
1783,964,1
1783,1649,1
1783,1204,1
1783,1893,1
1783,1824,1
1783,1311,1
1783,1277,1
1783,1036,1
1783,1324,1
1783,1706,1
1783,1661,1
1469,1889,1
1469,1348,1
1469,917,1
1469,1415,1
1469,1536,1
1469,1541,1
1469,1634,1
1469,1062,1
1469,1906,1
1469,1362,1
1469,1667,1
1469,1672,1
1469,1815,1
1469,964,1
1469,1299,1
1469,1246,1
1469,1037,1
1469,1482,1
1469,389,1
1469,1354,1
1469,1739,1
1469,1373,1
1469,1275,1
1469,1189,1
1469,1866,1
1469,1709,1
1469,1338,1
1469,1507,1
1469,1109,1
1469,1504,1
1469,1633,1
1469,1226,1
1469,1664,1
1469,1259,1
1469,1770,1
1469,1904,1
1469,1869,1
1469,1011,1
1469,940,1
1469,1624,1
1469,1725,1
1172,1580,1
1172,1736,1
1172,1598,1
1172,1637,1
1172,925,1
1172,1480,1
1172,1293,1
1172,1517,1
1172,1597,1
1172,1888,1
1172,1665,1
1172,1879,1
1172,1409,1
1172,907,1
1172,1447,1
1172,1589,1
1172,1330,1
1172,1388,1
1172,968,1
1172,1351,1
1172,1214,1
1172,1006,1
1172,1289,1
1172,1456,1
1172,1902,1
1172,1146,1
1172,966,1
1172,1107,1
1172,1205,1
1172,1280,1
1172,1535,1
1172,1809,1
1172,1668,1
1172,1125,1
1172,999,1
1172,1335,1
1172,1201,1
1172,1821,1
1011,1072,1
1011,651,1
1011,1709,1
1011,1756,1
1011,1259,1
1011,1338,1
1011,1052,1
1011,1541,1
1011,1624,1
1011,1109,1
1011,1169,1
1011,1189,1
1011,1770,1
1011,1131,1
1011,1815,1
1011,1504,1
1011,1037,1
1011,1482,1
1011,1258,1
1011,1904,1
1011,1748,1
1011,977,1
1011,1348,1
1011,1249,1
1072,1037,1
1072,1507,1
1072,1504,1
1072,949,1
1072,1815,1
1072,1169,1
1072,1541,1
1072,1226,1
1072,1348,1
1072,1189,1
1072,1482,1
1072,1756,1
1072,1121,1
1072,1904,1
1072,977,1
1072,1259,1
1072,1847,1
1072,1681,1
1072,1709,1
1072,1624,1
1242,1181,1
1242,1538,1
1242,1491,1
1242,1416,1
1242,1620,1
1242,1278,1
1242,1375,1
1242,1603,1
1242,1407,1
1242,1572,1
1242,1480,1
1242,1659,1
1242,906,1
1242,1075,1
1242,1112,1
1242,1653,1
1242,1867,1
1242,1644,1
1242,1597,1
1242,1339,1
1242,1827,1
1242,1623,1
1242,1049,1
1242,1006,1
1242,1683,1
1242,1861,1
1242,1810,1
1242,1079,1
1242,1267,1
1242,1589,1
1242,1198,1
1242,1524,1
1242,1110,1
1242,1128,1
1242,1209,1
1242,1076,1
1242,1888,1
1242,1877,1
1242,925,1
925,1146,1
925,1312,1
925,1909,1
925,1669,1
925,1416,1
925,1365,1
925,1110,1
925,1617,1
925,1618,1
925,1563,1
925,1523,1
925,1877,1
925,1185,1
925,1209,1
925,906,1
925,1598,1
925,1668,1
925,1485,1
925,1639,1
925,1589,1
925,1614,1
925,1861,1
925,1335,1
925,1774,1
925,1375,1
925,1597,1
925,1683,1
925,1456,1
925,999,1
925,1653,1
925,1339,1
925,1888,1
925,1509,1
925,1827,1
925,1017,1
925,1538,1
925,1811,1
925,1879,1
925,1047,1
925,1737,1
925,1267,1
925,1079,1
925,1048,1
925,1637,1
925,1076,1
925,1196,1
925,1214,1
925,1269,1
925,1075,1
925,1710,1
925,1659,1
925,1572,1
925,1491,1
925,1049,1
925,1620,1
925,1590,1
925,1891,1
925,1112,1
925,1570,1
925,1524,1
925,967,1
925,1736,1
925,1644,1
925,1198,1
925,1265,1
925,1623,1
925,1125,1
925,1867,1
925,1181,1
925,1769,1
897,1513,1
897,1805,1
897,1467,1
897,1280,1
897,967,1
897,1888,1
897,1214,1
897,1123,1
897,1620,1
897,1590,1
897,1570,1
897,1029,1
897,995,1
897,1458,1
897,1522,1
897,1470,1
897,1861,1
897,1084,1
897,1519,1
897,1535,1
897,1205,1
897,1639,1
897,1863,1
897,1388,1
897,1553,1
897,1480,1
897,1447,1
897,1312,1
897,1398,1
897,1769,1
897,1058,1
897,922,1
897,1160,1
897,1409,1
1207,1809,1
1207,1006,1
1207,1205,1
1207,1668,1
1207,1359,1
1207,1288,1
1207,1826,1
1207,1480,1
1207,1879,1
1207,982,1
1207,1888,1
1207,1409,1
1207,1068,1
1207,1091,1
1207,1447,1
1207,1125,1
1207,1712,1
1207,1456,1
1207,1571,1
1207,1271,1
1207,1001,1
1207,1598,1
1207,1665,1
1809,1810,1
1809,1006,1
1809,1712,1
1809,1457,1
1809,1388,1
1809,995,1
1809,1107,1
1809,966,1
1809,983,1
1809,1125,1
1809,1879,1
1809,1888,1
1809,1160,1
1809,1736,1
1809,1185,1
1809,1480,1
1809,982,1
1809,1668,1
1809,1280,1
1809,1826,1
1809,1130,1
1809,1330,1
1809,1288,1
1809,1063,1
1809,1456,1
1809,1351,1
1809,1447,1
1809,972,1
1809,1271,1
1809,1069,1
1809,1723,1
1809,1598,1
1809,1665,1
1809,1289,1
1809,1205,1
1809,1068,1
1435,1492,2
1435,1523,1
1435,1818,1
1435,1867,1
1435,1338,1
1435,1146,1
1435,1897,1
1435,1729,2
1435,1597,1
1435,1427,1
1435,1364,1
1435,1350,1
1435,566,1
1435,1327,1
1435,1159,1
1435,994,1
1435,1062,1
1435,1877,1
1435,1699,1
1435,1217,1
1435,1147,1
1435,968,1
1435,1894,1
1435,1630,1
1435,1683,1
1435,1258,1
1435,1525,1
1435,1807,1
1435,1343,1
1435,1827,1
1492,1217,1
1492,1194,2
1492,1258,1
1492,994,1
1492,1284,1
1492,1148,1
1492,1343,1
1509,1603,1
1509,1269,1
1509,1901,1
1509,1570,1
1509,1280,1
1509,934,1
1509,1272,1
1509,1563,1
1509,1321,1
1509,1255,1
1509,1589,1
1509,1185,1
1509,1485,1
1509,1267,1
1509,1195,1
1509,1205,1
1509,1590,1
1509,1047,1
1509,1447,1
1509,1827,1
1509,1617,1
1509,1076,1
1509,1369,1
1509,1517,1
1509,1048,1
1509,1891,1
1509,1467,1
1509,1513,1
1509,1774,1
1509,967,1
1509,1359,1
1509,1659,1
1509,1146,1
1509,1470,1
1509,1888,1
1509,1214,1
1509,1639,1
1509,1669,1
1509,1405,1
1509,1683,1
1509,1182,1
1509,1107,1
1509,1861,1
1509,1416,1
1079,1522,1
1079,1209,1
1079,1339,1
1079,1185,1
1079,1888,1
1079,1589,1
1079,1416,1
1079,1375,1
1079,1683,1
1079,1365,1
1079,1879,1
1079,1491,1
1079,1644,1
1079,934,1
1079,1351,1
1079,1181,1
1079,1447,1
1079,1107,1
1079,1532,1
1079,1737,1
1079,1146,1
1079,1810,1
1079,1524,1
1079,1128,1
1079,1214,1
1079,1198,1
1079,1653,1
1079,1523,1
1079,1659,1
1079,1335,1
1079,1867,1
1079,1827,1
1079,1278,1
1079,999,1
1079,1076,1
1079,1736,1
1079,1267,1
1079,1597,1
1079,1623,1
1181,1267,1
1181,1017,1
1181,1522,1
1181,1597,1
1181,1683,1
1181,1700,1
1181,1810,1
1181,1736,1
1181,999,1
1181,966,1
1181,1068,1
1181,1491,1
1181,1447,1
1181,1375,1
1181,1076,1
1181,1603,1
1181,1623,1
1181,1365,1
1181,1589,1
1181,1653,1
1181,1826,1
1181,1416,1
1181,1867,1
1181,1185,1
1181,1644,1
1181,1339,1
1181,1335,1
1181,1737,1
1181,1198,1
1181,1888,1
1181,1289,1
1181,1827,1
1181,1532,1
1181,1879,1
1615,1433,1
1615,1325,1
1615,1033,1
1615,1421,1
1615,970,1
1615,1494,1
1615,1136,1
1615,1708,1
1615,1274,1
1615,1553,1
1615,1806,1
1615,1555,1
1615,900,1
1615,1567,1
1615,1698,1
1615,1866,1
1615,1023,1
1433,970,1
1433,1421,1
1433,1174,1
1433,1806,1
1433,1708,1
1433,1567,1
1433,1494,1
1433,1410,1
1433,1325,1
1433,1825,1
1433,1033,1
1433,1866,1
1433,1136,1
1433,1274,1
1433,1698,1
1617,1185,1
1617,1289,1
1617,1827,1
1617,1255,1
1617,1590,1
1617,1877,1
1617,1116,1
1617,1826,1
1617,1076,1
1617,1107,1
1617,1669,1
1617,1523,1
1617,1597,1
1617,1267,1
1617,1700,1
1617,1668,1
1617,1369,1
1617,1888,1
1617,1375,1
1617,1845,1
1617,1123,1
1617,1532,1
1617,1851,1
1617,1589,1
1617,1312,1
1617,1269,1
1617,999,1
1617,1637,1
1617,1467,1
1617,1017,1
1617,1522,1
1617,1182,1
1617,1293,1
1617,1351,1
1617,1491,1
1617,1365,1
1589,1668,1
1589,1491,1
1589,1272,1
1589,1017,1
1589,1580,1
1589,1772,1
1589,1388,1
1589,1365,1
1589,1289,1
1589,1456,1
1589,966,1
1589,1267,1
1589,1683,1
1589,1669,1
1589,1623,1
1589,1335,1
1589,1076,1
1589,1198,1
1589,934,1
1589,1827,1
1589,1447,1
1589,1146,1
1589,1048,1
1589,1810,1
1589,1375,1
1589,967,1
1589,1524,1
1589,1614,1
1589,1888,1
1589,1571,1
1589,1128,1
1589,1598,1
1589,1597,1
1589,1049,1
1589,1563,1
1589,1737,1
1589,1182,1
1589,1845,1
1589,1467,1
1589,1522,1
1589,1712,1
1589,1107,1
1589,1879,1
1589,982,1
1589,1637,1
1589,1439,1
1589,1639,1
1589,1867,1
1589,1722,1
1589,999,1
1589,1416,1
1589,1665,1
1589,1293,1
1589,1603,1
1589,1409,1
1589,1185,1
1589,1369,1
1589,1269,1
1589,1902,1
1589,1411,1
1589,1339,1
1589,1312,1
1589,1590,1
1589,1891,1
1589,1736,1
1589,1538,1
1589,1214,1
1589,1255,1
1589,1330,1
1589,1125,1
1467,1491,1
1467,967,1
1467,1196,1
1467,934,1
1467,1048,1
1467,1598,1
1467,1371,2
1467,1614,1
1467,1076,1
1467,1867,1
1467,1458,1
1467,1146,1
1467,1888,1
1467,1637,1
1467,1639,1
1467,1312,1
1467,1769,1
1467,1669,1
1467,1827,1
1467,1185,1
1467,1269,1
1467,1017,1
1467,1195,1
1467,1843,1
1467,922,1
1467,1405,1
1467,1805,1
1467,1128,1
1467,1597,1
1467,1416,1
1467,1123,1
1467,1480,1
1467,1267,1
1467,1198,1
1467,1255,1
1467,1522,1
1467,1590,1
1467,1851,1
1467,1603,1
1467,1107,1
1467,1272,1
1467,1339,1
1467,1398,1
1467,1623,1
1467,1130,1
1404,1231,1
1404,1257,1
1404,1691,1
1404,1284,1
1404,1379,1
1404,1115,1
1404,1475,1
1404,1576,1
1404,1661,1
1404,1277,1
1404,1227,1
1404,1462,1
1404,1426,1
1404,1036,1
1404,1082,1
1404,1120,1
1404,1292,1
1404,1067,1
1404,1350,1
1404,1009,1
1404,1148,1
1404,1104,1
1404,1720,1
1404,957,1
1404,1578,1
1404,1628,1
1404,941,1
1404,981,1
1404,1611,1
1522,1075,1
1522,1293,1
1522,1049,1
1522,1351,1
1522,1255,1
1522,1017,1
1522,1513,1
1522,1590,1
1522,1335,1
1522,1826,1
1522,1388,1
1522,1877,1
1522,1712,1
1522,1659,1
1522,982,1
1522,1006,1
1522,1639,1
1522,1214,1
1522,1393,1
1522,1048,1
1522,1116,1
1522,1076,1
1522,966,1
1522,1209,1
1522,1668,1
1522,1532,1
1522,1851,1
1522,1107,1
1522,1553,1
1522,1146,1
1522,1879,1
1522,1125,1
1522,967,1
1522,1269,1
1522,1845,1
1522,1603,1
1522,1491,1
1522,1570,1
1522,934,1
1522,1821,1
1522,1110,1
1522,1182,1
1522,1620,1
1522,1669,1
1522,1205,1
1522,1683,1
1522,1563,1
1522,1888,1
1522,1185,1
1522,1827,1
1522,1312,1
1522,1128,1
1522,1369,1
1522,1267,1
1489,1495,1
1489,1204,1
1489,1850,1
1489,1661,1
1489,1503,1
1489,1729,1
1489,1704,1
1489,1032,1
1489,1429,1
1489,1273,1
1489,1649,1
1489,1893,1
1489,1706,1
1489,1591,1
1489,971,1
1495,1015,1
1495,1303,1
1495,1382,1
1495,1732,1
1495,1245,1
1495,1812,1
1495,1309,1
1495,1020,1
1495,1204,1
1495,1324,1
1495,1706,1
1495,1649,1
1495,1715,1
1495,1102,1
1495,1170,1
1495,1824,1
1495,1158,1
1495,1066,1
1495,1894,1
1495,1104,1
1495,1661,1
1495,1281,1
1495,1373,1
1495,1413,1
1495,1406,1
1495,1261,1
1495,1907,1
1495,1751,1
1495,1729,1
1495,1451,1
1495,1591,1
1495,971,1
1495,1454,1
1495,1396,1
1495,984,1
1495,919,1
1495,1282,1
1495,1893,1
1495,1032,1
1495,1595,1
1669,1160,1
1669,1185,1
1669,1375,1
1669,1570,1
1669,1447,1
1669,1563,1
1669,1017,1
1669,1107,1
1669,1146,1
1669,1255,1
1669,1409,1
1669,1029,1
1669,1470,1
1669,1637,1
1669,1214,1
1669,1330,1
1669,1359,1
1669,1269,1
1669,1845,1
1669,1571,1
1669,1272,1
1669,1861,1
1669,1811,1
1669,1614,1
1669,1491,1
1669,1888,1
1669,1076,1
1669,1056,1
1669,1827,1
1669,1891,1
1669,1205,1
1669,999,1
1669,1182,1
1669,1048,1
1669,1902,1
1669,1195,1
1669,1365,1
1669,1535,1
1669,1603,1
1669,1047,1
957,1158,1
957,1655,1
957,1379,1
957,1591,1
957,902,1
957,1231,1
957,1413,1
957,1628,1
957,1284,1
957,1148,1
957,1578,1
957,1462,1
957,1036,1
957,1286,1
957,1170,1
957,1277,1
957,637,1
957,1873,1
957,1611,1
957,1392,1
957,1576,1
957,1292,1
957,1082,1
957,1715,1
957,1257,1
957,1066,1
957,1381,1
957,1204,1
957,917,1
957,1550,1
957,1732,1
957,1104,1
957,1691,1
957,1067,1
957,981,1
957,1315,1
957,1475,1
957,1764,1
957,1120,1
957,1227,1
1158,902,1
1158,1009,1
1158,1841,1
1158,1292,1
1158,1611,1
1158,1392,1
1158,1729,1
1158,1277,1
1158,1036,1
1158,1454,1
1158,1715,1
1158,1020,1
1158,1503,1
1158,1284,1
1158,1082,1
1158,989,1
1158,1413,1
1158,1104,1
1158,971,1
1158,917,1
1158,1381,1
1158,1550,1
1158,1628,1
1158,1066,1
1158,1649,1
1158,1227,1
1158,1732,1
1158,1462,1
1158,1591,1
1158,1576,1
1158,1893,1
1158,1691,1
1570,1359,1
1570,1146,1
1570,967,1
1570,1409,1
1570,995,1
1570,1553,1
1570,1535,1
1570,1563,1
1570,1888,1
1570,1519,1
1570,1056,1
1570,1185,1
1570,1580,1
1570,1267,1
1570,1603,1
1570,1891,1
1570,1182,1
1570,1330,1
1570,1902,1
1570,1811,1
1570,1265,1
1570,1772,1
1570,1639,1
1570,1620,1
1570,1861,1
1570,1623,1
1570,1637,1
1570,1590,1
1570,1205,1
1570,1029,1
1570,1201,1
1570,1160,1
1570,1255,1
1570,1269,1
1570,1198,1
1570,1447,1
1570,1598,1
1570,1084,1
1570,1312,1
1570,1280,1
1570,1470,1
1570,1048,1
1570,1214,1
1570,906,1
1570,1164,1
1485,967,1
1485,1845,1
1485,1196,1
1485,1405,1
1485,1272,1
1485,1644,1
1485,1312,1
1485,1563,1
1485,1076,1
1485,1659,1
1485,1618,1
1485,1891,1
1485,1769,1
1485,1048,1
1485,1827,1
1485,1637,1
1485,1774,1
1485,1123,1
1020,1066,1
1020,1454,1
1020,1503,1
1020,1824,1
1020,1475,1
1020,1032,1
1020,1102,1
1020,1104,1
1020,1751,1
1020,1591,1
1020,1848,1
1020,1286,1
1020,984,1
1020,1732,1
1020,971,1
1020,1282,1
1020,919,1
1020,941,1
1020,1742,1
1020,917,1
1020,1729,1
1020,1245,1
1020,1451,1
1020,1396,1
1020,1661,1
1020,1277,1
1020,1273,1
1020,1382,1
1020,1894,1
1020,1324,1
1020,1261,1
1020,1812,1
1020,1309,1
1020,1373,1
1020,1893,1
1020,1828,1
1020,1316,1
1066,1893,1
1066,984,1
1066,1732,1
1066,1661,1
1066,1406,1
1066,1595,1
1066,1828,1
1066,1812,1
1066,1303,1
1066,1102,1
1066,1261,1
1066,1382,1
1066,1454,1
1066,1848,1
1066,1907,1
1066,1324,1
1066,1373,1
1066,1032,1
1066,1306,1
1066,1082,1
1066,1824,1
1066,1316,1
1066,1504,1
1066,1282,1
1066,1281,1
1066,1204,1
1066,1009,1
1066,1396,1
1066,917,1
1066,919,1
1066,1729,1
1066,1277,1
1066,1245,1
1066,1894,1
1066,1451,1
1066,1148,1
1066,1309,1
1066,1742,1
1066,1875,1
1066,1392,1
1348,1630,1
1348,1756,1
1348,1482,1
1348,1131,1
1348,949,1
1348,1259,1
1348,1681,1
1348,1541,1
1348,1507,1
1348,1052,1
1348,1624,1
1348,389,1
1348,1106,1
1348,1311,1
1348,1275,1
1348,1415,1
1348,1709,1
1348,1529,1
1348,1904,1
1348,1847,1
1348,1226,1
1348,1189,1
1348,1815,1
1348,1306,1
1348,1109,1
1348,1770,1
1348,977,1
1348,1121,1
1630,1529,1
1630,1482,1
1630,1052,1
1630,1109,1
1630,917,1
1630,1217,1
1630,1275,1
1630,1738,1
1630,1259,1
1630,1244,1
1630,949,1
1630,1310,1
1630,994,1
1630,1658,1
1630,1343,1
1630,1051,1
1630,1507,1
1630,1062,1
1630,1189,1
1630,1296,1
1630,1770,1
1630,968,1
1630,1500,1
1630,1183,1
1630,1037,1
1630,1225,1
1630,1536,1
1630,1167,1
1630,1807,1
1630,1525,1
1630,566,1
1630,1159,1
1630,1258,1
1630,1152,1
1630,1311,1
1630,1106,1
1630,389,1
1630,1727,1
1630,1781,1
1630,1709,1
1630,913,1
1630,1246,1
1630,1282,1
1630,1415,1
1630,1188,1
1630,1338,1
1630,1226,1
1630,1504,1
1415,949,1
1415,1770,1
1415,1507,1
1415,1134,1
1415,1089,1
1415,1226,1
1415,1624,1
1415,1739,1
1415,1311,1
1415,1667,1
1415,1672,1
1415,1709,1
1415,389,1
1415,1906,1
1415,964,1
1415,1189,1
1415,1541,1
1415,1259,1
1415,1482,1
1415,1725,1
949,1109,1
949,1770,1
949,1121,1
949,1507,1
949,1106,1
949,1536,1
949,1189,1
949,1052,1
949,1831,1
949,389,1
949,1259,1
949,1226,1
949,1681,1
949,1529,1
949,1541,1
1815,1709,1
1815,1906,1
1815,1275,1
1815,1131,1
1815,1869,1
1815,1504,1
1815,1259,1
1815,1338,1
1815,977,1
1815,1258,1
1815,1304,1
968,999,1
968,1110,1
968,606,1
968,1343,1
968,1052,1
968,1711,1
968,1807,1
968,1827,1
968,1536,1
968,1364,1
968,1658,1
968,484,1
968,913,1
968,1738,1
968,566,1
968,1897,1
968,1429,1
968,1523,1
968,1814,1
968,1217,1
968,637,1
968,1699,1
968,1062,1
968,1183,1
968,1818,1
968,1696,1
999,1006,1
999,1185,1
999,1017,1
999,1603,1
999,1879,1
999,1737,1
999,1491,1
999,1888,1
999,1351,1
999,1416,1
999,1821,1
999,1125,1
999,1653,1
999,966,1
999,1538,1
999,1076,1
999,1068,1
999,1439,1
999,1335,1
999,1827,1
999,1810,1
999,1532,1
996,1087,1
996,1860,1
629,637,1
629,1893,1
629,1850,1
629,1679,1
629,1400,1
629,1223,1
629,601,1
629,414,1
1185,1269,1
1185,1439,1
1185,1653,1
1185,1416,1
1185,1146,1
1185,1198,1
1185,1736,1
1185,1128,1
1185,1076,1
1185,1563,1
1185,1603,1
1185,1597,1
1185,1456,1
1185,1826,1
1185,1668,1
1185,1272,1
1185,1491,1
1185,1639,1
1185,1293,1
1185,1737,1
1185,966,1
1185,1017,1
1185,1891,1
1185,1879,1
1185,1623,1
1185,1888,1
1185,934,1
1185,1312,1
1185,1659,1
1185,1271,1
1185,1048,1
1185,1125,1
1185,1335,1
1185,1267,1
1185,1590,1
1185,1827,1
1185,1339,1
1185,1810,1
1185,1484,1
1185,1182,1
1185,1123,1
1185,1255,1
1185,1112,1
1826,1271,1
1826,1288,1
1826,1623,1
1826,1130,1
1826,1879,1
1826,1470,1
1826,1491,1
1826,1456,1
1826,1457,1
1826,1598,1
1826,1330,1
1826,1447,1
1826,1653,1
1826,1006,1
1826,1293,1
1826,1665,1
1826,1359,1
1826,1722,1
1826,1810,1
1826,1888,1
1826,1160,1
1826,966,1
1826,1339,1
1826,1205,1
1826,995,1
1826,1017,1
1692,566,1
1692,651,1
1692,1179,1
1692,420,1
1692,363,1
1692,1808,1
1692,606,1
1692,1763,1
1692,1543,1
1692,976,1
1692,1616,1
1692,580,1
1692,1095,1
1692,905,1
1692,428,1
1692,637,1
1692,1536,1
1692,538,1
1692,1565,1
1692,517,1
1692,484,1
1692,1645,1
1692,1001,1
1692,1767,1
1692,1358,1
1692,1371,1
1692,1313,1
1692,1320,1
1692,1223,1
1692,1526,1
1692,1574,1
1692,1446,1
1692,1357,1
1692,1679,1
1692,1400,1
1692,1012,1
1692,1422,1
1692,1237,1
566,348,1
566,376,1
566,1237,1
566,1512,1
566,936,1
566,1313,1
566,1358,1
566,363,1
566,420,1
566,580,1
566,517,1
566,484,1
566,1574,1
566,637,1
566,414,1
566,1673,1
566,1844,1
566,1536,1
566,1128,1
566,1320,1
566,651,1
566,538,1
566,1155,1
1447,1571,1
1447,1388,1
1447,1463,1
1447,1879,1
1447,1151,1
1447,1456,1
1447,1723,1
1447,1335,1
1447,1712,1
1447,1409,1
1447,1330,1
1447,1201,1
1447,1457,1
1447,1772,1
1447,1458,1
1447,1029,1
1447,1861,1
1447,1107,1
1447,1888,1
1447,920,1
1447,1205,1
1447,1271,1
1447,1160,1
1447,1702,1
1447,1722,1
1447,1535,1
1447,1255,1
1447,1637,1
1447,1665,1
1447,1280,1
1447,1267,1
1447,1843,1
1447,1214,1
1447,1470,1
1447,1598,1
1447,1517,1
1447,1056,1
1447,995,1
1447,1827,1
1447,1580,1
1447,1288,1
1447,1902,1
1447,1076,1
1447,1811,1
1447,1359,1
1447,1597,1
1447,1863,1
1067,1475,1
1067,1824,1
1067,1019,1
1067,1204,1
1067,1009,1
1067,1591,1
1067,1682,1
1067,1576,1
1067,1661,1
1067,1413,1
1067,902,1
1067,1082,1
1067,1104,1
1067,1379,1
1067,1007,1
1067,1115,1
1067,1611,1
1067,1032,1
1067,1592,1
1067,1229,1
1067,1841,1
1067,1873,1
1067,1628,1
1067,1715,1
1067,1148,1
1067,1277,1
1067,994,1
1067,981,1
1067,989,1
1067,1292,1
1067,1655,1
1067,1227,1
1067,1284,1
1067,637,1
1067,1426,1
1067,1231,1
1067,1691,1
1067,1462,1
1067,1257,1
1067,1550,1
1067,1647,1
1067,1036,1
1067,1893,1
1532,1491,1
1532,1597,1
1532,1888,1
1532,1523,1
1532,1375,1
1532,1198,1
1532,1827,1
1532,1339,1
1532,1416,1
1532,1700,1
1532,1076,1
1532,1653,1
1532,1623,1
1532,1867,1
1532,1810,1
1491,1888,1
1491,1572,1
1491,1668,1
1491,1017,1
1491,1653,1
1491,1267,1
1491,1198,1
1491,1076,1
1491,1365,1
1491,1128,1
1491,982,1
1491,934,1
1491,1810,1
1491,1623,1
1491,1335,1
1491,1289,1
1491,1416,1
1491,1339,1
1491,966,1
1491,1603,1
1491,1736,1
1491,1457,1
1491,1288,1
1491,1107,1
1491,1644,1
1491,1737,1
1491,1269,1
1491,1272,1
1491,1827,1
1491,1879,1
1491,1678,1
1491,1538,1
1491,1146,1
1491,1712,1
1491,1867,1
1491,1125,1
1491,1597,1
1727,1418,1
1727,1189,1
1727,1536,1
1727,1051,1
1727,1052,1
1727,917,1
1727,1591,1
1727,606,1
1727,1037,1
1727,913,1
1727,1808,1
1727,1128,1
1727,1575,1
1727,1373,1
1727,1650,1
1727,1221,1
1727,1529,1
1727,1681,1
1727,1738,1
1727,1106,1
1727,1299,1
1727,1541,1
1727,1204,1
1418,1650,1
1418,1159,1
1418,1296,1
1418,917,1
1418,1504,1
1418,940,1
1418,1246,1
1418,1143,1
1418,1106,1
1418,1275,1
1418,1525,1
1418,1709,1
1418,1128,1
1418,1221,1
1418,1830,1
1418,1904,1
1167,1246,1
1167,1225,1
1167,1481,1
1167,1159,1
1167,917,1
1167,943,1
1167,1338,1
1167,1241,1
1167,1633,1
1167,1188,1
1167,1536,1
1167,1709,1
1167,1500,1
1167,1310,1
1167,1042,1
1167,1504,1
1167,1299,1
1167,1275,1
1246,1482,1
1246,1875,1
1246,1862,1
1246,1504,1
1246,1781,1
1246,1127,1
1246,1749,1
1246,1785,1
1246,1481,1
1246,1738,1
1246,1296,1
1246,1338,1
1246,917,1
1246,1635,1
1246,1611,1
1246,1226,1
1246,1646,1
1246,1807,1
1246,1183,1
1246,1159,1
1246,1699,1
1246,1035,1
1107,1665,1
1107,1388,1
1107,1269,1
1107,1827,1
1107,1888,1
1107,1736,1
1107,1845,1
1107,1409,1
1107,1125,1
1107,1879,1
1107,1123,1
1107,1267,1
1107,966,1
1107,1723,1
1107,1288,1
1107,1571,1
1107,1330,1
1107,1538,1
1107,1130,1
1107,1006,1
1107,1902,1
1107,1668,1
1107,1810,1
1107,1458,1
1107,1623,1
1107,983,1
1107,1603,1
1107,1375,1
1107,1351,1
1107,1843,1
1107,1407,1
1107,1457,1
1107,1598,1
1107,1683,1
1107,1335,1
1107,1620,1
1107,1271,1
1107,1563,1
1107,1861,1
1107,1456,1
1107,1289,1
1115,1550,1
1115,1862,1
1115,1148,1
1115,1315,1
1115,1019,1
1115,1691,1
1115,1104,1
1115,1462,1
1115,1628,1
1115,1647,1
1115,1221,1
1115,1655,1
1115,1257,1
1115,1120,1
1115,1231,1
1115,1576,1
1115,1284,1
1115,1277,1
1645,1400,1
1645,1677,1
1645,1744,1
1645,1318,1
1645,1790,1
1645,606,1
1645,1320,1
1645,601,1
1645,1514,1
1645,1446,1
1645,363,1
1645,1767,1
1645,1606,1
1645,1616,1
1645,1844,1
1645,1574,1
1645,931,1
1645,1679,1
1645,1349,1
1645,936,1
1645,976,1
1645,1179,1
1645,651,1
1645,484,1
1645,1778,1
1645,1766,1
1645,1155,1
1645,1526,1
1645,1694,1
1645,1763,1
1645,1300,1
1645,637,1
1645,1358,1
1645,1142,1
1645,1427,1
1645,1878,1
1645,1565,1
1645,517,1
1645,1113,1
1645,580,1
1400,1358,1
1400,1179,1
1400,1012,1
1400,1767,1
1400,538,1
1400,1616,1
1400,363,1
1400,1155,1
1400,1512,1
1400,1545,1
1400,1320,1
1529,1699,1
1529,1010,1
1529,1745,1
1529,1221,1
1529,1268,1
1529,1183,1
1529,1709,1
1529,1778,1
1529,1093,1
1529,1855,1
1529,1574,1
1529,363,1
1529,1035,1
1529,1296,1
1529,1828,1
1529,1785,1
1529,1650,1
1529,1807,1
1529,1189,1
1529,1052,1
1529,1385,1
1529,1037,1
1529,1525,1
1529,1781,1
1529,1482,1
1529,1770,1
1529,1667,1
1529,1169,1
596,420,1
596,1148,1
596,1650,1
596,1720,1
596,1311,1
596,1233,1
596,1828,1
596,1019,1
596,1229,1
596,1576,1
596,917,1
596,1032,1
596,1103,1
596,1022,1
1408,915,1
1408,1052,1
1408,428,1
1408,1247,1
1408,1575,1
1408,1878,1
1408,1818,1
1408,1897,1
1408,905,1
1408,1673,1
1408,1453,1
1408,1807,1
1408,1574,1
1408,484,1
1408,1844,1
1408,1217,1
1408,1155,1
1408,651,1
1408,913,1
1408,1885,1
1408,1602,1
1408,1349,1
1408,538,1
915,1574,1
915,1545,1
915,1155,1
915,948,1
915,1565,1
915,1110,1
915,1763,1
915,1897,1
915,962,1
915,1142,1
915,428,1
915,1602,1
915,1790,1
915,1671,1
915,1446,1
915,1673,1
915,1766,1
915,1844,1
915,1294,1
915,1778,1
915,606,1
915,1427,1
1112,1620,1
1112,1867,1
1112,1209,1
1112,1049,1
1112,1683,1
1112,1644,1
1112,1278,1
1112,1827,1
1112,1572,1
1112,1416,1
1112,1075,1
1112,1375,1
1112,1255,1
1112,1710,1
1112,1653,1
1112,1312,1
1112,967,1
1112,1888,1
1112,1737,1
1620,1519,1
1620,1029,1
1620,1553,1
1620,1209,1
1620,606,1
1620,1416,1
1620,484,1
1620,1409,1
1620,1845,1
1620,1084,1
1620,1480,1
1620,1659,1
1620,1160,1
1620,1407,1
1620,1644,1
1620,1393,1
1620,1375,1
1620,1068,1
1620,906,1
1620,1646,1
1620,1214,1
1620,1683,1
1620,1359,1
1620,1110,1
1620,1125,1
1620,1128,1
1620,995,1
1620,1877,1
1620,1861,1
1620,1653,1
1620,1827,1
1620,1056,1
1620,1217,1
1620,1867,1
1620,1571,1
1620,1531,1
1620,913,1
1620,1052,1
1620,1885,1
1620,1470,1
1620,1388,1
1620,1888,1
1620,1075,1
1620,1665,1
1620,1146,1
1620,1049,1
1588,1719,1
1588,1136,1
1588,1678,1
1588,1806,1
1588,1847,1
1588,1803,1
1588,1676,1
1588,1494,1
1588,1567,1
1588,1555,1
1588,1203,1
1588,1866,1
1588,1274,1
1588,1144,1
1719,1174,1
1719,1165,1
1719,1421,1
1719,1567,1
1719,1803,1
1719,1847,1
1719,1555,1
1719,1088,1
1719,1825,1
1719,1136,1
1381,1227,1
1381,1282,1
1381,1635,1
1381,1082,1
1381,1277,1
1381,1036,1
1381,1104,1
1381,1720,1
1381,1591,1
1381,1009,1
1381,1628,1
1381,1475,1
1043,955,1
1043,1030,1
1043,1368,1
1043,1045,1
1043,909,1
1043,1197,1
1043,1896,1
1043,1384,1
1043,1111,1
1043,1788,1
1043,1889,1
955,1030,1
955,1045,1
955,1368,1
955,1254,1
955,1788,1
955,1197,1
955,909,1
955,1111,1
1682,1315,1
1682,1120,1
1682,1292,1
1682,1379,1
1682,1475,1
1682,1611,1
1682,1715,1
1682,1893,1
1682,1873,1
1682,1841,1
1682,1227,1
1682,1647,1
1682,1104,1
1682,1655,1
1682,1204,1
1682,1148,1
1682,1426,1
1682,1015,1
1682,1413,1
1682,1576,1
1524,1867,1
1524,1572,1
1524,1278,1
1524,1580,1
1524,1623,1
1524,1456,1
1524,1888,1
1524,967,1
1524,1772,1
1524,1375,1
1524,1416,1
1524,1827,1
1888,1668,1
1888,1267,1
1888,966,1
1888,1272,1
1888,1205,1
1888,1861,1
1888,1637,1
1888,1737,1
1888,1130,1
1888,1877,1
1888,1723,1
1888,1538,1
1888,1128,1
1888,1049,1
1888,1076,1
1888,982,1
1888,1209,1
1888,967,1
1888,1271,1
1888,1598,1
1888,1401,1
1888,1590,1
1888,1388,1
1888,1068,1
1888,1375,1
1888,1048,1
1888,1293,1
1888,1201,1
1888,1821,1
1888,1639,1
1888,1416,1
1888,1075,1
1888,1597,1
1888,1160,1
1888,934,1
1888,1623,1
1888,1580,1
1888,1867,1
1888,1269,1
1888,1810,1
1888,1712,1
1888,1603,1
1888,1255,1
1888,1289,1
1888,1125,1
1888,1123,1
1888,1351,1
1888,1480,1
1888,1288,1
1888,1556,1
1888,1891,1
1888,1470,1
1888,1653,1
1888,1463,1
1888,1146,1
1888,1457,1
1888,1017,1
1888,1902,1
1888,1665,1
1888,1335,1
1888,1006,1
1888,1811,1
1888,1614,1
1888,906,1
1888,1330,1
1888,1398,1
1888,1091,1
1888,1439,1
1888,1772,1
1888,1484,1
1888,1874,1
1888,1339,1
1888,1863,1
1888,1217,1
1888,1683,1
1888,1736,1
1888,1659,1
1888,1198,1
1888,983,1
1888,1879,1
1888,1214,1
1888,1456,1
1888,1312,1
1888,1827,1
1888,1182,1
1907,1894,1
1907,941,1
1907,1284,1
1907,1373,1
1907,1742,1
1907,1148,1
1907,1828,1
1907,1261,1
1907,1732,1
1907,917,1
1907,1661,1
1907,1281,1
1907,1729,1
1907,1032,1
1766,1870,1
1766,1446,1
1766,1526,1
1766,606,1
1766,1427,1
1766,1113,1
1766,1763,1
1766,1574,1
1766,1606,1
1766,1660,1
1766,1358,1
1766,637,1
1766,948,1
1766,1142,1
1766,1878,1
1766,1237,1
1766,1318,1
1766,1565,1
1766,1320,1
1766,1294,1
1766,1844,1
1766,1773,1
1766,1464,1
1766,1744,1
1870,1113,1
1870,1075,1
1870,580,1
1870,948,1
1870,1318,1
1870,1574,1
1870,1763,1
1870,936,1
1870,1565,1
1870,1606,1
1870,1677,1
1870,1543,1
1870,1320,1
1870,538,1
1870,517,1
1231,1576,1
1231,1277,1
1231,1628,1
1231,1611,1
1231,1550,1
1231,1229,1
1231,1104,1
1231,1143,1
1231,1720,1
1231,1350,1
1231,1426,1
1231,1462,1
1231,1592,1
1231,1036,1
1231,1728,1
1231,1284,1
1231,1015,1
1231,1591,1
1231,1764,1
1231,1655,1
1231,1286,1
1231,1120,1
1231,1475,1
1231,1148,1
1231,1812,1
1231,981,1
1231,1221,1
1231,1204,1
1231,989,1
1231,1261,1
1231,1715,1
1231,1227,1
1231,1292,1
1231,1082,1
1231,1862,1
1231,1273,1
1231,1635,1
1231,1019,1
1231,1257,1
1231,1647,1
1571,1330,1
1571,1388,1
1571,1205,1
1571,1902,1
1571,1772,1
1571,1456,1
1571,1535,1
1571,1674,1
1571,1598,1
1571,1220,1
1571,1580,1
1571,1068,1
1571,1084,1
1571,1160,1
1571,1359,1
1571,1911,1
1571,1498,1
1571,1409,1
1571,1722,1
1571,1879,1
905,1536,1
905,1263,1
905,606,1
905,1422,1
905,1658,1
905,1226,1
905,1095,1
905,517,1
905,1237,1
905,1217,1
905,1001,1
905,651,1
1536,484,1
1536,1807,1
1536,1226,1
1536,1725,1
1536,1897,1
1536,1304,1
1536,1787,2
1536,1299,1
1536,1338,1
1536,1001,1
1536,1738,1
1536,1699,1
1536,1574,1
1536,1159,1
1536,376,1
1536,1217,1
1536,1709,1
1536,917,1
1536,1633,1
1536,1371,1
1536,965,1
1536,1051,1
1536,1241,1
1536,1504,1
1536,1770,1
1536,1906,1
1536,1397,1
1536,1025,1
1536,1634,1
1536,1525,1
1536,1482,1
1536,1052,1
1536,986,1
1536,1188,1
1536,1258,1
1536,606,1
1536,1183,1
1536,1275,1
1536,1500,1
1536,1357,1
1536,912,1
1536,651,1
1536,1225,1
1536,1690,1
1536,428,1
1536,363,1
1536,943,1
1536,1042,1
1536,1037,1
1536,1121,1
1536,1310,1
1536,1259,1
1536,637,1
1294,1427,1
1294,1844,1
1294,580,1
1294,962,1
1294,1602,1
1294,1142,1
1294,1113,1
1294,1095,1
1294,1671,1
1294,1464,1
1427,1767,1
1427,1790,1
1427,1565,1
1427,580,1
1427,1320,1
1427,1318,1
1427,1545,1
1427,1844,1
1427,994,1
1427,1032,1
1427,363,1
1427,1660,1
1427,1142,1
1427,1763,1
1427,1358,1
1427,1429,1
1427,1526,1
1427,1237,1
1427,1661,1
1427,637,1
1427,1313,1
1427,1303,1
1427,1446,1
1427,1773,1
1427,1464,1
1427,1807,1
1427,1001,1
1427,1853,1
1427,1893,1
1427,1300,1
1427,1673,1
1427,1525,1
1427,1878,1
1427,1025,1
1427,1113,1
1427,1349,1
1427,948,1
1123,1130,1
1123,1639,1
1123,1196,1
1123,1049,1
1123,1590,1
1123,1456,1
1123,1271,1
1123,1845,1
1123,1668,1
1123,1075,1
1123,1272,1
1123,1017,1
1123,1911,1
1123,1440,1
1123,1006,1
1123,1805,1
1123,1513,1
1123,1851,1
1123,1863,1
1123,1398,1
1123,1712,1
1123,1458,1
1123,1125,1
1123,922,1
1123,1480,1
1123,1585,1
1123,1501,1
1123,1614,1
1123,1843,1
1637,1056,1
1637,1388,1
1637,1563,1
1637,1048,1
1637,1580,1
1637,1405,1
1637,1269,1
1637,1076,1
1637,1513,1
1637,1214,1
1637,1182,1
1637,1195,1
1637,1470,1
1637,1312,1
1637,967,1
1637,1779,1
1637,1155,1
1637,934,1
1637,1845,1
1637,1359,1
1637,1205,1
1637,1280,1
1637,1590,1
1637,1811,1
1637,1639,1
1637,1075,1
1637,1146,1
1637,1861,1
1637,1851,1
1637,1255,1
1637,1160,1
1637,1774,1
1676,1144,1
1676,1061,1
1676,1136,1
1676,1555,1
1676,1410,1
1676,1174,1
1676,1494,1
1676,1825,1
1676,1713,1
1676,928,1
1144,1555,1
1144,1825,1
1144,1136,1
1144,928,1
1144,1494,1
1144,1174,1
1144,1410,1
1144,1421,1
1144,1061,1
1597,1623,1
1597,1683,1
1597,1867,1
1597,1017,1
1597,1737,1
1597,1209,1
1597,1603,1
1597,1572,1
1597,1644,1
1597,1128,1
1597,1327,1
1597,1665,1
1597,1879,1
1597,1075,1
1597,1335,1
1597,1049,1
1597,1375,1
1597,1827,1
1597,1416,1
1597,1267,1
1597,973,1
1597,1659,1
1597,1653,1
1597,1076,1
1597,1736,1
1597,1877,1
1597,934,1
992,963,1
992,1568,1
992,901,1
992,1895,1
992,1314,1
992,1787,1
992,1378,1
992,1333,1
992,1747,1
992,1363,1
992,1880,1
992,1533,1
992,1784,1
992,917,1
992,1548,1
992,1371,1
992,1216,1
992,938,1
992,1733,1
992,1798,1
992,1118,1
992,1601,1
992,1468,1
992,903,1
992,1452,1
963,1548,1
963,1378,1
963,1601,1
963,1493,1
963,1880,1
963,1798,1
963,1363,1
963,1747,1
963,1118,1
963,903,1
963,1787,1
963,1568,1
963,1733,1
963,1333,1
963,1216,1
963,606,2
963,1319,1
963,1533,1
963,1895,1
963,901,1
963,1371,1
963,1468,1
963,1137,1
963,1314,1
963,1452,1
934,1146,1
934,1538,1
934,1668,1
934,1269,1
934,1902,1
934,1827,1
934,1048,1
934,1456,1
934,1267,1
934,1076,1
934,1128,1
934,1603,1
934,1155,1
1877,1598,1
1877,1683,1
1877,1810,1
1877,1572,1
1877,1867,1
1877,1737,1
1877,1618,1
1877,1659,1
1877,906,1
1877,1146,1
1877,1075,1
1877,1076,1
1877,1827,1
1877,1523,1
1877,1416,1
1877,1049,1
1877,1653,1
1288,1271,1
1288,966,1
1288,983,1
1288,1205,1
1288,1335,1
1288,972,1
1288,1457,1
1288,1470,1
1288,1879,1
1288,1289,1
1288,1598,1
1288,1810,1
1288,1388,1
1288,1063,1
1288,1359,1
1288,1665,1
1288,1712,1
1288,1125,1
1288,982,1
1288,1006,1
1288,1456,1
1288,1069,1
1288,1668,1
1288,1736,1
1288,1330,1
1042,1225,1
1042,1338,1
1042,1299,1
1042,917,1
1042,1831,1
1042,943,1
1042,1051,1
1042,1634,1
1042,1052,1
1538,1556,2
1538,1603,1
1538,1128,1
1538,1269,1
1538,1665,1
1538,1821,1
1538,1416,1
1538,1335,1
1538,1874,1
1538,1198,1
1538,1339,1
1538,1125,1
1538,1398,1
1538,1780,1
1538,1653,1
1538,1365,1
1538,1375,1
1538,1563,1
1538,1146,1
1538,1810,1
1538,1195,1
1538,1769,1
1538,1623,1
1706,1103,1
1706,1032,1
1706,1661,1
1706,984,1
1706,1475,1
1706,1704,1
1706,1742,1
1706,1373,1
1706,1454,1
1706,1729,1
1706,917,1
1706,1893,1
1706,1591,1
1706,1850,1
1706,1204,1
1706,1503,1
1706,971,1
1706,1227,1
1706,941,1
1706,1649,1
1706,1429,1
1706,1104,1
1706,933,1
1706,1143,1
1393,935,1
1393,1531,1
1393,1007,1
1393,1110,1
1393,1357,1
1393,1407,1
1393,1879,1
1393,1388,1
1393,1049,1
1393,1048,1
1393,1335,1
1393,1409,1
1393,1095,1
1393,1845,1
1393,1902,1
1393,1535,1
1393,1702,1
1189,1109,1
1189,1681,1
1189,389,1
1189,1667,1
1189,943,1
1189,1553,2
1189,1226,1
1189,1025,1
1189,1338,1
1189,1106,1
1189,977,1
1189,1259,1
1189,1244,1
1189,1541,1
1189,1311,1
1189,1121,1
1189,1709,1
1189,1482,1
1189,637,1
1189,1847,1
1189,1831,1
1189,1507,1
1668,1712,1
1668,1125,1
1668,983,1
1668,1017,1
1668,1736,1
1668,1683,1
1668,1006,1
1668,1351,1
1668,1665,1
1668,1902,1
1668,1091,1
1668,1879,1
1668,1130,1
1668,1289,1
1668,1556,1
1668,1456,1
1668,1267,1
1668,1603,1
1668,1810,1
1668,1271,1
1668,1598,1
1668,982,1
1668,1214,1
1668,1821,1
1668,966,1
1668,1398,1
1668,1269,1
1668,1480,1
1668,1335,1
1146,1160,1
1146,1659,1
1146,1603,1
1146,1255,1
1146,1049,1
1146,1523,1
1146,1861,1
1146,1879,1
1146,1182,1
1146,1048,1
1146,1165,1
1146,1195,1
1146,1723,1
1146,1214,1
1146,1644,1
1146,1269,1
1146,1683,1
1146,1614,1
1146,967,1
1146,1726,1
1146,1047,1
1146,1891,1
1146,1164,1
1146,1563,1
1146,1653,1
1146,1365,1
1146,1075,1
1146,1827,1
1146,1205,1
1146,1076,1
1146,1867,1
1146,1265,1
1146,1209,1
1146,1293,1
1146,1267,1
1535,1843,1
1535,1409,1
1535,995,1
1535,1201,1
1535,1029,1
1535,1359,1
1535,1330,1
1535,1205,1
1535,1861,1
1535,1811,1
1535,1470,1
1535,1160,1
1535,1388,1
1535,1519,1
1535,1280,1
1535,1513,1
1535,1639,1
1296,1109,1
1296,1831,1
1296,1035,1
1296,1770,1
1296,1037,1
1296,1504,1
1296,1525,1
1296,1385,1
1296,1275,1
1296,1221,1
1296,1338,1
1296,1694,1
1296,1745,1
1296,1785,1
1296,389,1
1296,1170,1
1296,917,1
1109,1338,1
1109,1770,1
1109,1541,1
1109,1275,1
1109,1624,1
1109,1507,1
1109,1311,1
1109,1709,1
1109,1259,1
1109,1847,1
1109,940,1
1109,964,1
1109,1037,1
1109,1482,1
1109,1681,1
1109,1904,1
1109,389,1
1109,1052,1
1109,1035,1
1109,428,1
1109,1188,1
1109,1013,1
1033,970,1
1033,1274,1
1033,1908,1
1033,1806,1
1033,1325,1
1033,1698,1
1033,1567,1
1033,1697,1
1033,951,1
1186,1137,1
1186,901,1
1186,1216,1
1186,1333,1
1186,1118,1
1186,1363,1
1186,1548,1
1186,1798,1
1186,1895,1
1186,1733,1
1186,903,1
1186,1533,1
939,1356,1
939,1829,1
939,1453,1
939,931,1
939,1295,1
939,1831,1
939,1910,1
939,1212,1
939,1154,1
939,1545,1
1356,1234,1
1356,1154,1
1356,1829,1
1356,1453,1
1356,1094,1
1356,1694,1
1356,1212,1
1356,1910,1
1356,1831,1
1356,1443,1
1356,1372,1
1599,1901,1
1599,1162,1
1599,1744,1
1599,1696,1
1599,1814,1
1599,1731,1
1901,1025,1
1901,1910,1
1901,637,1
1901,1212,1
1901,1162,1
1901,1831,1
1901,1324,1
1277,1462,1
1277,1628,1
1277,1591,1
1277,1715,1
1277,1015,1
1277,1742,1
1277,1104,1
1277,1413,1
1277,1655,1
1277,1148,1
1277,1417,1
1277,1229,1
1277,1595,1
1277,1550,1
1277,1036,1
1277,1475,1
1277,941,1
1277,637,1
1277,1292,1
1277,1009,1
1277,1873,1
1277,1286,1
1277,917,1
1277,1728,1
1277,1227,1
1277,1894,1
1277,1647,1
1277,1082,1
1277,1382,1
1277,1576,1
1277,1261,1
1277,902,1
1277,1611,1
1277,1303,1
1277,1350,1
1277,1379,1
1277,1812,1
1277,1120,1
1277,1204,1
1277,1578,1
1277,1691,1
1277,1720,1
1277,1764,1
1277,1893,1
1277,1426,1
1277,1309,1
1277,1661,1
1277,989,1
1277,1032,1
1277,1875,1
1277,1284,1
1277,1392,1
1277,1282,1
1277,919,1
1277,1019,1
1277,1635,1
1277,1848,1
1277,1729,1
1277,1824,1
1277,1841,1
1277,1862,1
1277,1454,1
1277,1221,1
1277,1751,1
1277,1790,1
1841,1576,1
1841,1862,1
1841,1875,1
1841,1611,1
1841,1550,1
1841,1292,1
1841,1257,1
1841,1120,1
1841,1720,1
1841,1591,1
1841,1227,1
1841,1655,1
1841,1728,1
1841,1413,1
1841,1315,1
1841,1104,1
1841,1036,1
1841,1284,1
1841,1462,1
1841,1647,1
1841,1309,1
1841,1148,1
1841,1204,1
1841,1790,1
1841,1715,1
1841,1592,1
1312,1590,1
1312,1883,1
1312,1563,1
1312,1405,1
1312,1544,1
1312,1736,1
1312,1369,1
1312,1827,1
1312,967,1
1312,1255,1
1312,1272,1
1312,1614,1
1312,1513,1
1312,1398,1
1312,1182,1
1312,922,1
1312,1603,1
1312,1110,1
1312,1269,1
1312,1879,1
1590,967,1
1590,1480,1
1590,922,1
1590,1614,1
1590,1902,1
1590,1470,1
1590,1265,1
1590,1255,1
1590,1863,1
1590,1585,1
1590,1851,1
1590,1195,1
1590,1736,1
1590,1369,1
1590,1513,1
1590,1639,1
1590,1267,1
1590,1133,1
1590,1048,1
1590,1458,1
1590,1879,1
1590,1440,1
1590,1883,1
1590,1563,1
1590,1405,1
1590,1434,1
1590,1272,1
1214,1388,1
1214,1702,1
1214,1911,1
1214,1289,1
1214,1797,1
1214,1006,1
1214,1201,1
1214,1407,1
1214,1580,1
1214,1723,1
1214,1359,1
1214,1772,1
1214,1736,1
1214,1626,1
1214,1335,1
1214,1553,1
1214,995,1
1214,1861,1
1214,1712,1
1214,1879,1
1214,1598,1
1214,1280,1
1214,1845,1
1214,1321,1
1214,1480,1
1214,1863,1
1214,1722,1
1214,1902,1
1214,1160,1
1214,1029,1
1214,1409,1
1214,1858,1
1075,1407,1
1075,1012,1
1075,1827,1
1075,1209,1
1075,906,1
1075,1845,1
1075,1861,1
1075,1110,1
1075,1416,1
1075,1737,1
1075,1278,1
1075,1049,1
1075,1867,1
1075,1048,1
1075,1513,1
1075,1076,1
1075,1644,1
1075,1614,1
1075,1128,1
1075,1659,1
1075,1523,1
1075,1572,1
1880,1378,1
1880,1118,1
1880,1892,1
1880,1895,1
1880,1468,1
1880,1314,1
1880,938,1
1880,1216,1
1880,1363,1
1880,903,1
1880,1733,1
1880,1371,1
1880,1333,1
1880,1601,1
1880,901,1
1880,1787,1
1880,1548,1
1880,1493,1
1880,1533,1
1880,1747,1
1880,1798,1
1880,1319,1
1880,1568,1
1880,1452,1
1378,1333,1
1378,1137,1
1378,1798,1
1378,1895,1
1378,1548,1
1378,1216,1
1378,901,1
1378,1601,1
1378,1452,1
1378,1314,1
1378,1363,1
1378,1493,1
1378,1371,1
1378,1468,1
1378,1533,1
1378,1787,1
1378,903,1
1378,1892,1
1378,1733,1
1378,1118,1
1378,1319,1
1378,938,1
1378,1568,1
1446,1358,1
1446,1318,1
1446,1574,1
1446,1514,1
1446,580,1
1446,1744,1
1446,1142,1
1446,1790,1
1446,948,1
1446,517,1
1446,1763,1
1446,1778,1
1446,1616,1
1446,1113,1
1446,428,1
1446,1694,1
1446,1565,1
1446,1313,1
1446,1773,1
1131,1304,1
1131,1709,1
1131,1748,1
1131,1634,1
1131,1756,1
1131,1338,1
1131,1188,1
1131,1306,1
1131,1725,1
1131,1310,1
1131,977,1
1131,1090,1
1131,1106,1
1131,1831,1
1131,1504,1
1131,1169,1
1131,1258,1
1131,1249,1
1304,1258,1
1304,1000,1
1304,1299,1
1304,1010,1
1304,1725,1
1304,1106,1
1304,1308,1
1304,943,1
1304,1709,1
1304,965,1
1304,1188,1
1304,1759,1
1304,986,1
1304,1052,1
1304,1310,1
1304,1127,1
1304,1500,1
1304,977,1
1304,1634,1
1304,1840,1
1304,1090,1
1304,985,1
1304,1225,1
1304,1141,1
1304,1785,1
1821,1683,1
1821,1330,1
1821,1017,1
1821,1665,1
1821,1480,2
1821,1351,1
1821,966,1
1821,1006,1
1821,982,1
1683,1774,1
1683,1623,1
1683,1737,1
1683,1076,1
1683,1339,1
1683,1626,1
1683,1639,1
1683,1327,1
1683,1416,1
1683,1255,1
1683,1867,1
1683,1563,1
1683,1523,1
1683,1700,1
1683,1006,1
1683,1198,1
1683,1827,1
1683,1891,1
1683,1653,1
1683,1769,1
1683,1659,1
1683,1644,1
1683,1017,1
1683,1283,1
1683,1245,2
1513,1272,1
1513,1029,1
1513,1779,1
1513,1195,1
1513,1851,1
1513,1048,1
1513,1639,1
1513,1883,1
1513,1130,1
1513,1265,1
1513,1501,1
1513,1055,1
1513,1480,1
1513,1852,1
1513,1398,1
1513,1255,1
1513,1269,1
1513,1405,1
1603,1623,1
1603,1267,1
1603,1827,1
1603,1289,1
1603,1049,1
1603,1598,1
1603,1879,1
1603,1330,1
1603,1164,1
1603,967,1
1603,1456,1
1603,1810,1
1603,1845,1
1603,1272,1
1603,1401,1
1603,1182,1
1603,1736,1
1603,1563,1
1603,1017,1
1603,1255,1
1603,1269,1
1603,1712,1
1603,1195,1
1603,1335,1
1603,1006,1
1603,1128,1
1623,1339,1
1623,1335,1
1623,1827,1
1623,1375,1
1623,1269,1
1623,1737,1
1623,1810,1
1623,1330,1
1623,1017,1
1623,1909,1
1623,1659,1
1623,1365,1
1623,1879,1
1623,906,1
1623,1644,1
1623,1198,1
1623,1267,1
1623,1049,1
1623,1736,1
1623,1416,1
1623,1867,1
1623,1076,1
1623,1439,1
1142,1844,1
1142,1878,1
1142,1616,1
1142,948,1
1142,1602,1
1142,1773,1
1142,962,1
1142,637,1
1142,1790,1
1142,1565,1
1142,580,1
1142,1574,1
1142,1358,1
1142,1464,1
1142,1113,1
1142,1514,1
1844,1001,1
1844,1767,1
1844,1696,1
1844,1671,1
1844,1878,1
1844,1429,1
1844,1744,1
1844,1773,1
1844,1673,1
1844,1025,1
1844,1606,1
1844,1790,1
1844,1128,1
1844,1677,1
1844,1543,1
1844,1565,1
1844,1897,1
1844,580,1
1844,1155,1
1844,1397,1
1844,1281,1
1844,1763,1
1844,1464,1
1844,962,1
1844,1853,1
1844,1318,1
1844,1545,1
1844,1349,1
1844,363,1
1844,948,1
1844,1514,1
1844,1526,1
1844,1012,1
1844,1313,1
1844,1113,1
1844,1616,1
1844,1358,1
1844,1320,1
1456,1457,1
1456,1712,1
1456,1125,1
1456,982,1
1456,1388,1
1456,1280,1
1456,1480,1
1456,1874,1
1456,1614,1
1456,1580,1
1456,1598,1
1456,966,1
1456,1902,1
1456,1556,1
1456,1091,1
1456,1736,1
1456,1271,1
1456,1006,1
1456,1330,1
1456,1772,1
1456,1017,1
1456,1665,1
1456,1201,1
1456,1879,1
1456,1269,1
1456,983,1
1456,1205,1
1456,1335,1
1456,1130,1
1456,1068,1
1456,1810,1
1456,1416,1
1824,1273,1
1824,1661,1
1824,1281,1
1824,1245,1
1824,1451,1
1824,1204,1
1824,1742,1
1824,1751,1
1824,1373,1
1824,1282,1
1824,1316,1
1824,917,1
1824,1324,1
1824,1406,1
1824,1812,1
1824,1303,1
1824,969,1
1824,941,1
1824,1396,1
1824,1032,1
1824,1894,1
1824,989,1
1824,1104,1
1824,1848,1
1824,1454,1
1824,1893,1
1824,919,1
1824,1729,1
1824,1261,1
1824,1732,1
1273,1396,1
1273,941,1
1273,1729,1
1273,1032,1
1273,1850,1
1273,933,1
1273,1451,1
1273,1143,1
1273,1261,1
1273,1751,1
1273,1454,1
1273,1120,1
1273,971,1
1273,1204,1
1273,1241,1
1273,1503,1
1273,1247,1
1273,1373,1
1273,1282,1
1273,917,1
1273,1102,1
1273,1316,1
1273,1830,1
1273,1893,1
1273,1286,1
1273,1848,1
1273,1429,1
1273,1742,1
1273,984,1
1273,1595,1
1273,1704,1
1273,1170,1
1273,1725,1
1273,1382,1
1273,1106,1
1273,1649,1
1120,1462,1
1120,1611,1
1120,1781,1
1120,1591,1
1120,1475,1
1120,981,1
1120,1379,1
1120,1082,1
1120,1715,1
1120,1292,1
1120,1862,1
1120,1015,1
1120,1315,1
1120,1204,1
1120,1628,1
1120,1655,1
1120,1104,1
1120,1227,1
1120,1576,1
1120,1830,1
1462,1257,1
1462,1550,1
1462,1036,1
1462,941,1
1462,1611,1
1462,1578,1
1462,1284,1
1462,989,1
1462,1591,1
1462,1873,1
1462,1728,1
1462,1019,1
1462,981,1
1462,1392,1
1462,1720,1
1462,1426,1
1462,1204,1
1462,1628,1
1462,1475,1
1462,1227,1
1462,1015,1
1462,1790,1
1462,1286,1
1462,1576,1
1462,902,1
1462,1379,1
1462,1635,1
1462,1715,1
1462,1292,1
1462,1647,1
1462,1862,1
1462,1691,1
1462,1413,1
1462,1221,1
1462,1315,1
1462,1082,1
1462,1148,1
1462,1655,1
1462,1104,1
1462,1764,1
1284,1475,1
1284,1257,1
1284,1576,1
1284,1550,1
1284,1591,1
1284,1454,1
1284,1720,1
1284,1392,1
1284,1790,1
1284,1082,1
1284,1655,1
1284,1315,1
1284,1413,1
1284,1728,1
1284,1742,1
1284,1009,1
1284,1036,1
1284,1647,1
1284,1148,1
1284,1715,1
1284,1204,1
1284,1691,1
1284,1628,1
1284,1764,1
1284,1426,1
1379,1576,1
1379,1628,1
1379,1227,1
1379,1862,1
1379,1611,1
1379,1204,1
1379,1104,1
1379,1148,1
1379,1691,1
1379,902,1
1379,981,1
1379,1426,1
1379,1475,1
1379,1082,1
1379,1292,1
1379,1591,1
1379,941,1
1379,1655,1
1576,1257,1
1576,1720,1
1576,902,1
1576,1628,1
1576,1475,1
1576,1715,1
1576,1592,1
1576,1655,1
1576,1229,1
1576,1104,1
1576,1728,1
1576,1148,1
1576,1315,1
1576,1862,1
1576,1227,1
1576,1550,1
1576,1204,1
1576,1413,1
1576,1082,1
1576,1578,1
1576,1015,1
1576,1647,1
1576,1691,1
1576,1036,1
1576,1611,1
1576,1292,1
1076,1563,1
1076,1700,1
1076,1198,1
1076,1480,1
1076,1047,1
1076,1811,1
1076,1451,1
1076,1867,1
1076,1810,1
1076,1644,1
1076,1653,1
1076,1523,1
1076,1267,1
1076,1659,1
1076,967,1
1076,1017,1
1076,1861,1
1076,1330,1
1076,1827,1
1076,1375,1
1076,1879,1
1076,1736,1
1076,1416,1
1076,1339,1
1076,1737,1
1076,1335,1
1359,1255,1
1359,1280,1
1359,1772,1
1359,1470,1
1359,1056,1
1359,1160,1
1359,1205,1
1359,1063,1
1359,1409,1
1359,1722,1
1359,1388,1
1359,1811,1
1359,1029,1
1359,1902,1
1359,1517,1
1359,1861,1
1359,1580,1
1359,972,1
1359,1330,1
1359,1201,1
1160,1255,1
1160,1201,1
1160,1047,1
1160,1519,1
1160,1068,1
1160,1205,1
1160,1388,1
1160,1665,1
1160,484,1
1160,1861,1
1160,1470,1
1160,1409,1
1160,1029,1
1160,1723,1
1160,995,1
1160,1736,1
1160,1722,1
1160,1902,1
1160,1330,1
1160,1280,1
1160,1056,1
906,1867,1
906,1278,1
906,1269,1
906,1891,1
906,1116,1
906,1480,1
906,1407,1
906,1861,1
906,1644,1
906,1209,1
906,1737,1
906,1375,1
906,1572,1
906,1659,1
906,1110,1
906,1827,1
906,1048,1
906,1128,1
906,966,1
906,1049,1
906,1205,1
906,1653,1
906,1811,1
1445,951,1
1445,1806,1
1445,1274,1
1445,950,1
1445,1023,1
1445,1702,1
951,1274,1
951,1325,1
951,1656,1
951,1327,1
951,1806,1
951,1641,1
951,1523,1
951,1852,1
951,1161,1
951,973,1
951,1702,1
951,1618,1
1661,1382,1
1661,1282,1
1661,1454,1
1661,1281,1
1661,1396,1
1661,1143,1
1661,1591,1
1661,1742,1
1661,933,1
1661,1429,1
1661,1628,1
1661,1102,1
1661,1647,1
1661,1475,1
1661,1426,1
1661,1751,1
1661,1245,1
1661,1204,1
1661,1828,1
1661,919,1
1661,1303,1
1661,1732,1
1661,1261,1
1661,1324,1
1661,1595,1
1661,1894,1
1661,1373,1
1661,1032,1
1661,1007,1
1661,1309,1
1661,984,1
1661,1812,1
1661,1729,1
1661,1893,1
1661,917,1
1661,1848,1
1661,1316,1
1661,989,1
1382,1261,1
1382,1282,1
1382,1032,1
1382,1742,1
1382,1309,1
1382,1894,1
1382,1729,1
1382,1893,1
1382,1245,1
1382,1324,1
1382,1454,1
1382,1373,1
1382,1102,1
1382,917,1
1382,1751,1
1382,1812,1
1382,984,1
1382,1396,1
1382,1316,1
1282,1324,1
1282,1303,1
1282,1454,1
1282,1406,1
1282,1649,1
1282,1751,1
1282,984,1
1282,1373,1
1282,1591,1
1282,1828,1
1282,1893,1
1282,1170,1
1282,1261,1
1282,1729,1
1282,1451,1
1282,1102,1
1282,1245,1
1282,1281,1
1282,1742,1
1282,969,1
1282,1812,1
1282,941,1
1282,1595,1
1282,971,1
1282,1204,1
1282,1396,1
1282,1732,1
1282,1286,1
1282,1309,1
1282,1227,1
1282,1894,1
1282,917,1
1282,1475,1
1282,1032,1
1324,1893,1
1324,1875,1
1324,1628,1
1324,1032,1
1324,1729,1
1324,1261,1
1324,1102,1
1324,1009,1
1324,1850,1
1324,1396,1
1324,1742,1
1324,1894,1
1324,1751,1
1324,1454,1
1324,917,1
1324,1025,1
1324,637,1
1691,1628,1
1691,981,1
1691,1635,1
1691,1009,1
1691,1862,1
1691,1036,1
1691,1292,1
1691,1875,1
1691,1148,1
1691,1475,1
1691,902,1
1691,1611,1
1691,1104,1
1691,1591,1
1691,1229,1
1691,1426,1
1691,1413,1
1691,1257,1
1691,1873,1
1691,941,1
1691,1578,1
1691,1715,1
1691,1170,1
1691,1204,1
1691,1019,1
1691,1221,1
1691,1550,1
1606,1113,1
1606,1358,1
1606,1565,1
1606,1744,1
1606,637,1
1606,1300,1
1606,363,1
1606,936,1
1606,1320,1
1606,651,1
1606,1778,1
1606,606,1
1606,1318,1
1606,1616,1
1606,580,1
1606,1179,1
1606,1349,1
1113,948,1
1113,580,1
1113,1464,1
1113,1012,1
1113,1565,1
1113,1660,1
1113,606,1
1113,651,1
1113,1025,1
1113,1358,1
1113,1878,1
1113,1602,1
1113,1318,1
1113,1767,1
1113,1095,1
1113,1320,1
1113,637,1
1113,1744,1
1113,1763,1
1113,1237,1
1113,363,1
1113,1773,1
1416,1198,1
1416,966,1
1416,1339,1
1416,1278,1
1416,1736,1
1416,1810,1
1416,1375,1
1416,1209,1
1416,1879,1
1416,1572,1
1416,1017,1
1416,1049,1
1416,1480,1
1416,1653,1
1416,1255,1
1416,1128,1
1416,1048,1
1416,1659,1
1416,1827,1
1416,1644,1
1335,1810,1
1335,1369,1
1335,1811,1
1335,1772,1
1335,1902,1
1335,1267,1
1335,1879,1
1335,1736,1
1335,1198,1
1335,1598,1
1335,1293,1
1335,1289,1
1335,1330,1
1335,1017,1
1335,1594,1
1335,1006,1
1335,1737,1
1335,1827,1
1335,1365,1
1335,1351,1
1335,1665,1
1335,1580,1
1335,1125,1
1335,1339,1
1335,966,1
1335,1712,1
1159,1738,1
1159,1504,1
1159,1634,1
1159,1035,1
1159,1525,1
1159,1225,1
1159,1152,1
1159,1500,1
1159,1221,1
1159,1183,1
1159,1227,1
1159,1591,1
1159,1807,1
1159,1699,1
1159,1507,1
1159,1785,1
1159,1037,1
1159,1310,1
1159,1828,1
1159,1299,1
1159,1258,1
1159,1338,1
1159,1275,1
1159,1052,1
1159,1217,1
1159,1781,1
1159,1241,1
1159,1481,1
1159,917,1
1159,1188,1
1159,1170,1
1159,1010,1
1159,994,1
1159,1306,1
1159,1051,1
1159,1121,1
1738,913,1
1738,606,1
1738,1807,1
1738,1258,1
1738,1052,1
1738,1306,1
1738,1217,1
1738,1051,1
1738,1343,1
1738,1531,1
1738,917,1
1047,1902,1
1047,1891,1
1047,967,1
1047,1827,1
1047,1327,1
1047,1110,1
1047,1911,1
1047,1867,1
1047,1239,1
1047,907,1
1047,1523,1
1047,1407,1
1047,1861,1
1047,1330,1
1047,1626,1
1047,1811,1
1047,1267,1
1902,1845,1
1902,1255,1
1902,1861,1
1902,1772,1
1902,1879,1
1902,1639,1
1902,1125,1
1902,966,1
1902,1598,1
1902,1351,1
1902,1811,1
1902,1017,1
1902,1205,1
1902,1911,1
1902,1827,1
1902,1056,1
1902,1006,1
1902,1280,1
1902,1271,1
1902,1029,1
1902,1388,1
1902,1580,1
1902,1665,1
1902,1736,1
1375,1737,1
1375,1278,1
1375,1659,1
1375,1339,1
1375,1867,1
1375,1017,1
1375,1810,1
1375,1049,1
1375,1644,1
1375,1209,1
1375,1827,1
1375,1198,1
1375,1572,1
1611,1221,1
1611,1204,1
1611,1647,1
1611,1591,1
1611,1148,1
1611,1550,1
1611,1475,1
1611,1082,1
1611,1862,1
1611,1286,1
1611,1392,1
1611,1229,1
1611,1104,1
1611,1292,1
1611,941,1
1611,1019,1
1611,981,1
1611,1413,1
1611,1350,1
1611,1655,1
1611,1009,1
1611,1873,1
1611,902,1
1611,1628,1
1611,1315,1
1611,1227,1
1611,1887,1
1611,1720,1
1272,973,1
1272,1639,1
1272,1644,1
1272,1327,1
1272,1585,1
1272,1891,1
1272,1267,1
1272,1128,1
1272,1255,1
1272,1369,1
1272,1723,1
1272,967,1
1272,1563,1
1272,1405,1
1272,1196,1
1715,1315,1
1715,1729,1
1715,1647,1
1715,1413,1
1715,1204,1
1715,1227,1
1715,1036,1
1715,1015,1
1715,1728,1
1715,1873,1
1715,1628,1
1715,1281,1
1715,1720,1
1715,1221,1
1715,1875,1
1715,1426,1
1715,1475,1
1715,1019,1
1715,1104,1
1715,1148,1
1715,1655,1
1715,1591,1
1616,1358,1
1616,606,1
1616,1001,1
1616,580,1
1616,1677,1
1616,637,1
1616,1574,1
1616,1673,1
1616,1790,1
1616,517,1
1616,363,1
1616,936,1
1616,1490,1
1616,484,1
1616,1237,1
1616,1179,1
1616,1012,1
1616,1744,1
1616,1320,1
1616,1512,1
1616,1671,1
1616,376,1
1616,1767,1
1616,1506,1
1616,976,1
1616,1514,1
1616,1155,1
1616,1694,1
1616,1631,1
1048,1484,1
1048,1365,1
1048,1265,1
1048,1659,1
1048,1407,1
1048,1116,1
1048,1563,1
1048,1209,1
1048,1182,1
1048,1195,1
1048,1827,1
1048,1722,1
1048,1811,1
1048,1553,1
1048,1450,1
1048,1049,1
1048,1110,1
1048,1056,1
1048,1519,1
1048,967,1
1048,1845,1
1048,1269,1
1048,1409,1
1048,1614,1
1911,1865,1
1911,1521,2
1911,1327,1
1911,1909,1
1911,1805,1
1911,1008,1
1911,1594,1
1911,1161,1
1911,1077,1
1911,1523,1
1911,1419,1
1911,1860,1
1911,1858,1
1911,1774,1
1911,1440,1
1911,1561,1
1911,1321,1
1911,1626,1
1911,1283,1
1911,1863,1
1911,1817,1
1911,1110,1
1911,1527,1
1911,1702,1
1911,1150,1
1879,1017,1
1879,1810,1
1879,1863,1
1879,1289,1
1879,1351,1
1879,1712,1
1879,983,1
1879,1201,1
1879,1580,1
1879,1006,1
1879,1330,1
1879,1480,1
1879,1774,1
1879,1665,1
1879,1269,1
1879,1827,1
1879,1271,1
1879,1339,1
1879,1737,1
1879,1598,1
1879,1130,1
1879,1125,1
1879,1736,1
1879,1772,1
1879,1198,1
1879,966,1
1798,1118,1
1798,1137,1
1798,1548,1
1798,1787,1
1798,1468,1
1798,1601,1
1798,1895,1
1798,1493,1
1798,1333,1
1798,1533,1
1798,1452,1
1798,1216,1
1798,903,1
1798,1784,1
1798,901,1
1798,1733,1
1798,1568,1
1798,1314,1
1798,1319,1
1798,1371,1
1798,938,1
902,1104,1
902,1426,1
902,981,1
902,1257,1
902,1036,1
902,1628,1
902,1591,1
902,1082,1
902,1204,1
902,1227,1
902,1019,1
902,1873,1
902,1148,1
966,982,1
966,1271,1
966,1572,1
966,1665,1
966,983,1
966,1457,1
966,1130,1
966,1810,1
966,1289,1
966,1737,1
966,1125,1
966,1556,1
966,1017,1
966,1006,1
966,1351,1
966,1827,1
966,1736,1
966,1330,1
982,1029,1
982,1006,1
982,998,1
982,1736,1
982,1409,1
982,1598,1
982,1457,1
982,1271,1
982,983,1
982,1269,1
982,1346,1
982,1856,1
982,1056,1
982,1845,1
982,1017,1
982,1712,1
982,1125,1
1209,1572,1
1209,1339,1
1209,1049,1
1209,1737,1
1209,1867,1
1209,1278,1
1209,1110,1
1209,1644,1
1209,1407,1
1209,1659,1
1209,1827,1
1209,1710,1
1257,1229,1
1257,1292,1
1257,1082,1
1257,1790,1
1257,1019,1
1257,1009,1
1257,1592,1
1257,941,1
1257,1647,1
1257,1413,1
1257,1148,1
1257,1635,1
1257,981,1
1257,1591,1
1257,1104,1
1257,1204,1
1257,1655,1
1257,1036,1
1257,1862,1
1257,1426,1
1257,1315,1
1767,1051,1
1767,363,1
1767,376,1
1767,606,1
1767,1358,1
1767,1179,1
1767,1320,1
1767,1001,1
1767,1654,1
1767,1155,1
1767,1565,1
1767,1673,1
1767,651,1
1767,1357,1
1767,1512,1
1767,538,1
1767,936,1
1767,1545,1
1338,1504,1
1338,1183,1
1338,977,1
1338,1725,1
1338,917,1
1338,1482,1
1338,1828,1
1338,1217,1
1338,1310,1
1338,1051,1
1338,1258,1
1338,1221,1
1338,1241,1
1338,1037,1
1338,1525,1
1338,1373,1
1338,1275,1
1338,1785,1
1338,1306,1
1338,1906,1
1338,1225,1
1338,1869,1
1338,1259,1
1338,1709,1
1338,1745,1
1338,1807,1
1338,1357,1
1338,940,1
1338,1756,1
1338,1188,1
1338,1624,1
1338,1249,1
1338,1699,1
1338,1052,1
1712,1665,1
1712,1006,1
1712,1267,1
1712,1457,1
1712,1017,1
1712,1056,1
1712,1351,1
1712,1480,1
1712,1409,1
1712,1068,1
1712,1125,1
1712,1736,1
1712,1398,1
1712,1130,1
1712,1271,1
1712,983,1
1712,1598,1
1712,1339,1
1712,1863,1
1500,1634,1
1500,1188,1
1500,1225,1
1500,1035,1
1500,1227,1
1500,1525,1
1500,1275,1
1500,965,1
1500,1051,1
1500,1633,1
1500,1504,1
1500,1170,1
1500,1299,1
1500,1785,1
1500,1010,1
1634,1141,1
1634,1188,1
1634,1633,1
1634,1525,1
1634,1504,1
1634,985,1
1634,1807,1
1634,1299,1
1634,965,1
1634,1482,1
1634,986,1
1634,1310,1
1634,1225,1
1634,1090,1
1634,1258,1
1634,1699,1
1634,1308,1
1634,1725,1
1634,1906,1
1634,1052,1
1029,1577,1
1029,1220,1
1029,1856,1
1029,1772,1
1029,1056,1
1029,995,1
1029,1171,2
1029,1409,1
1029,998,1
1029,1330,1
1029,1470,1
1029,1165,1
1029,1205,1
1029,1722,1
1029,1519,1
1029,1861,1
1029,1774,1
1029,1084,1
1029,1201,1
1029,1346,1
1029,484,1
1029,1580,1
1029,1553,1
1029,1280,1
1029,1843,1
1029,1598,1
1205,1722,1
1205,1388,1
1205,1280,1
1205,1891,1
1205,1736,1
1205,1056,1
1205,1580,1
1205,1811,1
1205,1772,1
1205,1201,1
1205,1517,1
1205,1470,1
1205,1861,1
1205,1271,1
1205,995,1
1205,1330,1
1205,1255,1
1205,1409,1
1722,1056,1
1722,1280,1
1722,1330,1
1722,1702,1
1722,1388,1
1722,1271,1
1722,1909,1
1722,1084,1
1722,1797,1
1722,1517,1
1722,1805,1
1722,1409,1
1722,998,1
1722,995,1
1333,1468,1
1333,1452,1
1333,1548,1
1333,1314,1
1333,1216,1
1333,1319,1
1333,1787,1
1333,903,1
1333,1733,1
1333,901,1
1333,1137,1
1333,1118,1
1333,1371,1
1333,1601,1
1333,1568,1
1333,938,1
1333,1784,1
1333,1533,1
1333,1493,1
1333,1895,1
1468,903,1
1468,1493,1
1468,1787,1
1468,1733,1
1468,1319,1
1468,901,1
1468,938,1
1468,1895,1
1468,1601,1
1468,1548,1
1468,1892,1
1468,1568,1
1468,1371,1
1468,1118,1
1468,1533,1
1468,1216,1
1468,1137,1
1468,1452,1
1410,1866,1
1410,950,1
1410,1825,1
1410,1555,1
1410,1136,1
1410,1421,1
1410,1803,1
1410,1174,1
1410,1494,1
1866,1421,1
1866,1088,1
1866,1806,1
1866,1641,1
1866,1178,1
1866,1325,1
1866,1077,1
1866,1803,1
1866,1165,1
1866,1555,1
1866,1136,1
1866,1847,1
1866,1567,1
1866,970,1
1866,1274,1
1655,1862,1
1655,1578,1
1655,1392,1
1655,1104,1
1655,1015,1
1655,1009,1
1655,1720,1
1655,989,1
1655,1426,1
1655,1591,1
1655,1647,1
1655,1413,1
1655,1148,1
1655,1204,1
1655,1036,1
1655,1315,1
1655,1728,1
1655,1229,1
1655,1764,1
1655,1221,1
1895,1601,1
1895,1118,1
1895,1568,1
1895,901,1
1895,1747,1
1895,1493,1
1895,1733,1
1895,1137,1
1895,1784,1
1895,1216,1
1895,1314,1
1895,903,1
1895,1052,2
1895,1548,1
1895,1452,1
1895,1787,1
1895,1371,1
1895,1319,1
1895,938,1
1895,1533,1
1601,1568,1
1601,1319,1
1601,1452,1
1601,1371,1
1601,938,1
1601,1784,1
1601,1118,1
1601,1314,1
1601,1548,1
1601,903,1
1601,1787,1
1601,901,1
1601,1216,1
1601,1493,1
1601,1533,1
1601,1137,1
1601,1733,1
1764,1720,1
1764,1303,1
1764,1647,1
1764,1350,1
1764,1104,1
1764,1204,1
1764,1591,1
1764,1728,1
1764,941,1
1764,1229,1
1764,1082,1
1519,995,1
1519,1553,1
1519,1845,1
1519,1056,1
1519,1642,1
1519,1084,1
1519,1861,1
1519,1674,1
1519,1527,1
1519,1470,1
1267,1867,1
1267,1017,1
1267,1339,1
1267,1198,1
1267,1365,1
1267,1891,1
1267,1289,1
1267,1269,1
1267,1125,1
1267,1723,1
1267,1827,1
1267,1128,1
1267,1644,1
1267,1736,1
1628,1286,1
1628,1015,1
1628,1413,1
1628,1104,1
1628,1292,1
1628,1082,1
1628,1592,1
1628,1009,1
1628,1475,1
1628,989,1
1628,1873,1
1628,1578,1
1628,1392,1
1628,1426,1
1628,1148,1
1628,1647,1
1628,1221,1
1628,1204,1
1628,1227,1
1628,1591,1
1628,1550,1
1628,1350,1
1628,1720,1
1628,1887,1
1628,637,1
1628,1635,1
1628,941,1
1628,1019,1
1628,1875,1
1292,1315,1
1292,1475,1
1292,1720,1
1292,1148,1
1292,1261,1
1292,1082,1
1292,1862,1
1292,1227,1
1292,1104,1
1292,1392,1
1292,1887,1
1292,981,1
1292,1550,1
1292,1647,1
1292,1591,1
1339,1827,1
1339,1659,1
1339,1644,1
1339,1572,1
1339,1653,1
1339,1110,1
1339,1867,1
1339,1563,1
1339,1128,1
1339,1810,1
1339,1293,1
1339,1598,1
1339,1736,1
1339,1737,1
1827,1523,1
1827,1867,1
1827,1845,1
1827,1220,1
1827,1128,1
1827,1110,1
1827,1398,1
1827,1269,1
1827,1351,1
1827,1810,1
1827,1710,1
1827,1289,1
1827,1644,1
1827,1125,1
1827,1843,1
1827,1409,1
1827,1618,1
1827,1017,1
1827,1737,1
1827,1498,1
1827,1006,1
1827,1659,1
1827,1255,1
1827,1517,1
1827,1198,1
1827,1572,1
1827,1278,1
1827,1653,1
1827,1116,1
1827,1700,1
1827,1861,1
1827,1049,1
1827,1563,1
1827,1891,1
1827,967,1
1827,1283,1
1827,1736,1
1827,1723,1
1805,1440,1
1805,1130,1
1805,1702,1
1805,1852,1
1805,1458,1
1805,1056,1
1805,1255,1
1805,1626,1
1805,1858,1
1805,922,1
1805,1480,1
1805,1580,1
1618,1327,1
1618,1523,1
1618,1577,1
1618,1411,1
1618,1161,1
1618,1196,1
1271,1330,1
1271,1280,1
1271,1130,1
1271,1068,1
1271,1125,1
1271,1665,1
1271,995,1
1271,1457,1
1271,1598,1
1271,1006,1
1271,1091,1
1271,983,1
1271,1480,1
1330,1056,1
1330,1453,1
1330,1598,1
1330,998,1
1330,1125,1
1330,995,1
1330,1401,1
1330,1580,1
1330,1280,1
1330,1017,1
1330,1665,1
1330,1861,1
1330,1736,1
1330,1772,1
1330,1811,1
1330,1388,1
1744,1677,1
1744,1358,1
1744,1778,1
1744,580,1
1744,1320,1
1744,1349,1
1744,1179,1
1744,1121,1
1744,606,1
1744,651,1
1744,1514,1
1744,1829,1
1744,637,1
1744,1300,1
1744,1565,1
1744,363,1
1744,1574,1
1744,1318,1
1744,1237,1
1845,1769,1
1845,1351,1
1845,1665,1
1845,1049,1
1845,1774,1
1845,1269,1
1845,1398,1
1845,1196,1
1845,1388,1
1845,1810,1
1845,1239,1
1845,1116,1
1845,1501,1
1845,1110,1
1845,1458,1
1845,967,1
1845,1563,1
1845,1736,1
1845,1517,1
1845,1017,1
1845,1843,1
1845,907,1
1845,983,1
1845,1006,1
1845,1484,1
1845,1702,1
1845,1409,1
1845,1775,1
1572,1659,1
1572,1810,1
1572,1049,1
1572,1653,1
1572,1278,1
1572,1644,1
1572,1737,1
1572,1523,1
1406,1261,1
1406,1732,1
1406,1751,1
1406,941,1
1406,1893,1
1406,1704,1
1406,1170,1
1406,945,1
1406,1729,1
1406,1894,1
1406,1032,1
1406,1245,1
1406,969,1
1406,917,1
1406,1742,1
1261,1281,1
1261,1828,1
1261,1595,1
1261,933,1
1261,1850,1
1261,984,1
1261,1812,1
1261,1032,1
1261,1316,1
1261,919,1
1261,1451,1
1261,1475,1
1261,1204,1
1261,1309,1
1261,1894,1
1261,1893,1
1261,1454,1
1261,1102,1
1261,1229,1
1261,1732,1
1261,1848,1
1261,917,1
1261,1009,1
1261,1729,1
1261,1396,1
1261,1751,1
1261,1742,1
1261,1245,1
1261,1373,1
1261,900,1
1261,969,1
484,913,1
484,1512,1
484,1897,1
484,1422,1
484,1001,1
484,420,1
484,1300,1
484,1885,1
484,1543,1
484,1358,1
484,651,1
484,538,1
484,1545,1
484,1514,1
484,1677,1
484,1179,1
484,1223,1
484,1313,1
484,428,1
484,1574,1
484,1673,1
484,363,1
484,637,1
484,1778,1
484,348,1
484,580,1
484,1320,1
484,1155,1
484,606,1
484,1694,1
484,1357,1
484,1237,1
484,1598,1
484,1506,1
484,1397,1
484,1349,1
484,1095,1
484,936,1
484,1217,1
484,517,1
1710,1861,1
1710,1110,1
938,1314,1
938,1787,1
938,1216,1
938,917,1
938,1747,1
938,1319,1
938,1493,1
938,1733,1
938,901,1
938,1548,1
938,1452,1
938,1533,1
938,1568,1
938,1363,1
938,1118,1
1314,901,1
1314,903,1
1314,1533,1
1314,1216,1
1314,1787,1
1314,1548,1
1314,1784,1
1314,1733,1
1314,1747,1
1314,606,1
1314,917,1
1314,1118,1
1310,1141,1
1310,1052,1
1310,1051,1
1310,1308,1
1310,1504,1
1310,1275,1
1310,1188,1
1310,1633,1
1310,1299,1
1563,1774,1
1563,1810,1
1563,1017,1
1563,1891,1
1563,1665,1
1563,1195,1
1563,1327,1
1563,1470,1
1563,1369,1
1563,1198,1
1563,967,1
1563,1255,1
1563,1852,1
1563,1769,1
1563,1409,1
1563,1861,1
1563,1736,1
1563,1196,1
1543,1318,1
1543,580,1
1543,1574,1
1543,1679,1
1543,948,1
1543,1313,1
1543,1094,1
1543,1154,1
1543,637,1
1543,1677,1
1543,1358,1
1543,1237,1
1543,538,1
1543,1531,1
1543,517,1
1543,1878,1
1543,1349,1
1543,1001,1
1543,1660,1
1543,1512,1
1177,956,1
1177,1499,1
1177,1016,1
1177,1896,1
1177,1889,1
1177,979,1
1177,987,1
1177,1218,1
1177,1403,1
1177,1641,1
1177,1138,1
1694,1831,1
1694,1343,1
1694,1358,1
1694,1313,1
1694,1320,1
1694,517,1
1694,1790,1
1694,931,1
1694,649,1
1694,580,1
1694,637,1
1694,1234,1
1694,1512,1
1694,1514,1
1694,1910,1
1694,1300,1
1694,1212,1
1694,1453,1
1831,931,1
1831,1249,1
1831,1234,1
1831,1453,1
1831,1910,1
1831,1531,1
1831,977,1
1831,1443,1
1831,1545,1
1831,962,1
1831,1671,1
1831,1756,1
1831,1212,1
1831,1372,1
1831,1343,1
1831,1094,1
1831,1162,1
1831,1709,1
1831,1829,1
1831,1385,1
1831,1169,1
1565,1671,1
1565,1602,1
1565,948,1
1565,651,1
1565,538,1
1565,1320,1
1565,1526,1
1565,1679,1
1565,1763,1
1565,580,1
1565,1358,1
1565,606,1
1565,1660,1
1565,1318,1
1565,1773,1
1565,1313,1
1671,1313,1
1671,363,1
1671,1763,1
1671,1878,1
1671,1358,1
1671,637,1
1671,1453,1
1671,606,1
1671,1910,1
1671,931,1
1671,962,1
1671,1212,1
1671,1234,1
1671,1829,1
1010,1709,1
1010,1640,1
1010,1667,1
1010,1525,1
1010,1000,1
1010,1781,1
1010,1785,1
1010,1051,1
1010,389,1
1010,1037,1
1010,1035,1
1010,1170,1
1010,1275,1
1010,1134,1
1010,1633,1
1010,1828,1
1010,1725,1
1010,1650,1
1010,1308,1
1010,974,1
1010,1141,1
1010,1770,1
1289,1577,1
1289,1598,1
1289,1017,1
1289,1665,1
1289,1006,1
1289,1125,1
1289,983,1
1289,1736,1
1720,1893,1
1720,1309,1
1720,1392,1
1720,1426,1
1720,1862,1
1720,989,1
1720,1591,1
1720,1009,1
1720,1148,1
1720,1281,1
1720,1104,1
1720,1729,1
1720,1808,1
1720,637,1
1720,1647,1
1102,1893,1
1102,1032,1
1102,1316,1
1102,1848,1
1102,1812,1
1102,984,1
1102,1729,1
1102,1286,1
1102,1373,1
1102,1894,1
1102,917,1
1102,1309,1
1102,1742,1
1102,1303,1
1102,1454,1
1102,1751,1
1102,1475,1
1102,1451,1
1102,1396,1
1102,919,1
1102,1245,1
1102,1591,1
1102,1732,1
1893,1812,1
1893,1281,1
1893,1850,1
1893,917,1
1893,1227,1
1893,1591,1
1893,1104,1
1893,1454,1
1893,1595,1
1893,1170,1
1893,1032,1
1893,1426,1
1893,1204,1
1893,1514,1
1893,1303,1
1893,1286,1
1893,941,1
1893,984,1
1893,1742,1
1893,1373,1
1893,1475,1
1893,1894,1
1893,1828,1
1893,1396,1
1893,1309,1
1893,1729,1
1893,1009,1
1893,1751,1
1677,936,1
1677,1320,1
1677,580,1
1677,606,1
1677,1349,1
1677,1514,1
1677,1763,1
1677,538,1
1677,948,1
1677,363,1
1677,962,1
1677,517,1
1677,1358,1
1677,1464,1
1677,1679,1
1677,637,1
1677,976,1
1677,1155,1
1677,1574,1
1677,1237,1
1677,907,1
1665,1867,1
1665,1614,1
1665,1068,1
1665,1736,1
1665,995,1
1665,1517,1
1665,1458,1
1665,1017,1
1665,983,1
1665,1006,1
1665,1409,1
1665,1772,1
1665,1580,1
1665,1457,1
1665,1810,1
1665,1388,1
1665,1598,1
1665,1125,1
1426,1578,1
1426,1475,1
1426,1647,1
1426,1036,1
1426,1392,1
1426,1591,1
1426,1303,1
1426,1007,1
1426,1104,1
1426,1019,1
1426,1148,1
1426,1790,1
1426,1227,1
1426,994,1
1426,981,1
1426,1204,1
1426,1873,1
1017,1128,1
1017,1293,1
1017,1457,1
1017,1006,1
1017,1614,1
1017,1401,1
1017,1130,1
1017,1501,1
1017,1810,1
1017,1653,1
1017,1269,1
1017,1398,1
1017,1125,1
1017,1737,1
1017,1198,1
1017,1867,1
1017,1598,1
1017,1351,1
1017,1480,1
1017,1736,1
1017,1909,1
1504,1725,1
1504,1188,1
1504,1672,1
1504,1507,1
1504,1624,1
1504,1052,1
1504,1482,1
1504,1525,1
1504,1275,1
1504,940,1
1504,1785,1
1504,1259,1
1504,1633,1
1504,1904,1
1504,917,1
1504,1225,1
1504,1037,1
1504,1709,1
1504,1906,1
1504,1699,1
1504,1541,1
1504,1221,1
1504,1306,1
1504,1770,1
1504,1299,1
1319,1452,1
1319,901,1
1319,903,1
1319,1118,1
1319,1371,1
1319,1733,1
1319,1137,1
1319,1747,1
1319,1533,1
1319,1548,1
1319,1216,1
1319,1493,1
1319,1568,1
1770,1012,1
1770,1650,1
1770,1121,1
1770,1035,1
1770,1778,1
1770,1259,1
1770,1052,1
1770,1624,1
1770,1244,1
1770,1541,1
1770,1311,1
1770,1709,1
1770,1906,1
1770,1904,1
1770,1385,1
1770,1275,1
1770,1226,1
1770,1037,1
1770,389,1
1770,1699,1
1770,1507,1
1770,1745,1
1770,1525,1
1770,1106,1
1770,1482,1
1770,1510,1
1770,917,1
1484,920,1
1484,1874,1
1484,1269,1
1484,1265,1
1484,967,1
1484,1116,1
1269,1810,1
1269,1580,1
1269,1198,1
1269,1388,1
1269,1049,1
1269,1891,1
1269,1480,1
1269,1736,1
1269,1116,1
1269,1182,1
1269,1128,1
1269,1409,1
1269,1439,1
1269,1265,1
1269,1255,1
1531,1154,1
1531,1035,1
1531,1781,1
1531,1443,1
1531,1007,1
1531,917,1
1531,1234,1
1531,1094,1
1531,935,1
1531,1349,1
1531,1268,1
1531,1646,1
1531,1385,1
1614,1407,1
1614,922,1
1614,1867,1
1614,1405,1
1614,1772,1
1614,1195,1
1614,967,1
1614,1480,1
1614,1255,1
1614,1130,1
1614,1851,1
1614,1580,1
1769,1327,1
1769,1196,1
1769,1458,1
1769,1774,1
1769,1369,1
901,1548,1
901,1533,1
901,1568,1
901,1118,1
901,1892,1
901,1363,1
901,1452,1
901,1733,1
901,1493,1
901,1137,1
901,903,1
901,1787,1
901,1216,1
901,1371,1
1548,1371,1
1548,1493,1
1548,1747,1
1548,1363,1
1548,1118,1
1548,1568,1
1548,1452,1
1548,1533,1
1548,1733,1
1548,1137,1
1548,1216,1
1548,606,1
1548,903,1
1548,1787,1
1548,956,1
1548,1892,1
1709,1672,1
1709,1756,1
1709,1725,1
1709,1127,1
1709,1525,1
1709,1169,1
1709,1482,1
1709,977,1
1709,917,1
1709,1785,1
1709,1051,1
1709,1624,1
1709,1226,1
1709,1748,1
1709,1134,1
1709,1275,1
1709,1259,1
1709,1749,1
1709,651,1
1709,1904,1
1709,1221,1
1709,1141,1
1709,1258,1
1709,913,1
1709,1807,1
1204,984,1
1204,1873,1
1204,1227,1
1204,1475,1
1204,917,1
1204,981,1
1204,1894,1
1204,1742,1
1204,1082,1
1204,1728,1
1204,1875,1
1204,1104,1
1204,1429,1
1204,1635,1
1204,1315,1
1204,1032,1
1204,1036,1
1204,1729,1
1204,637,1
1204,1649,1
1204,1009,1
1204,1019,1
1204,1503,1
1204,1303,1
1204,1828,1
1204,1413,1
1204,1221,1
1204,1591,1
1204,1887,1
1204,1373,1
1204,1647,1
1204,1454,1
1204,971,1
1204,1229,1
1737,1255,1
1737,1198,1
1737,1810,1
1737,1659,1
1737,1365,1
1737,1049,1
1198,1810,1
1198,1653,1
1198,1867,1
1198,1736,1
1198,1644,1
1198,1598,1
1198,1125,1
1350,1036,1
1350,1894,1
1350,1229,1
1350,1128,1
1350,1862,1
1350,1578,1
1350,1575,1
1350,1550,1
1350,1104,1
1350,1413,1
1350,1221,1
1350,1635,1
1350,1019,1
1036,1315,1
1036,1647,1
1036,1862,1
1036,1550,1
1036,1104,1
1036,1229,1
1036,981,1
1036,1221,1
1036,1475,1
1036,1148,1
1036,1227,1
1036,1019,1
1036,1592,1
1036,1413,1
1036,1009,1
1574,948,1
1574,936,1
1574,976,1
1574,1300,1
1574,428,1
1574,538,1
1574,1013,1
1574,962,1
1574,651,1
1574,1773,1
1574,637,1
1574,1357,1
1574,1237,1
1574,1679,1
1574,1358,1
1574,517,1
1574,1763,1
1574,1349,1
1574,1545,1
1574,1320,1
1574,1778,1
1574,606,1
1574,1514,1
1574,580,1
1574,1385,1
1574,1155,1
1574,363,1
1574,1179,1
1493,1733,1
1493,1568,1
1493,1118,1
1493,1216,1
1493,1452,1
1493,903,1
1493,1363,1
1493,1137,1
1493,1787,1
1733,1118,1
1733,1892,1
1733,1787,1
1733,1363,1
1733,1533,1
1733,1371,1
1733,917,2
1733,1747,1
1733,1137,1
1733,1452,1
1733,1568,1
1733,1216,1
1733,1784,1
1733,903,1
637,1148,1
637,1512,1
637,1853,1
637,1001,1
637,1179,1
637,1300,1
637,1012,1
637,1545,1
637,1595,1
637,1830,1
637,1143,1
637,1679,1
637,601,1
637,363,1
637,1318,1
637,1128,1
637,1320,1
637,1578,1
637,1475,1
637,936,1
637,1429,1
637,1358,1
637,1790,1
637,1104,1
637,1897,1
637,376,1
637,1673,1
637,1155,1
637,1464,1
637,1025,1
637,1526,1
637,1778,1
637,414,1
637,1647,1
637,1808,1
637,580,1
637,1313,1
637,538,1
637,517,1
1503,933,1
1503,1429,1
1503,1828,1
1503,1032,1
1503,1649,1
1503,971,1
1503,1481,1
1503,1373,1
1503,1729,1
1503,1247,1
1503,1454,1
1503,1850,1
1503,917,1
1503,1241,1
1503,1894,1
1134,1474,1
1134,974,1
1134,1725,1
1134,1640,1
1134,1000,1
1134,1127,1
1227,941,1
1227,1032,1
1227,1649,1
1227,1875,1
1227,1550,1
1227,1647,1
1227,1009,1
1227,1309,1
1227,981,1
1227,1392,1
1227,1812,1
1227,1229,1
1227,1082,1
1227,1148,1
1227,1873,1
1227,989,1
1227,1742,1
1227,1728,1
1227,1475,1
1227,1591,1
1227,1019,1
1227,1104,1
1843,1598,1
1843,1419,1
1843,1195,1
1843,967,1
1843,1440,1
1843,1470,1
1396,1751,1
1396,1245,1
1396,984,1
1396,1373,1
1396,919,1
1396,1281,1
1396,969,1
1396,1595,1
1396,1451,1
1396,1894,1
1396,1812,1
1396,1732,1
1396,1848,1
1396,1032,1
1396,917,1
1396,1303,1
1396,1828,1
1396,1454,1
1396,1742,1
1396,1729,1
1396,1316,1
1756,1748,1
1756,977,1
1756,1624,1
1756,1249,1
1756,1306,1
1742,1649,1
1742,1019,1
1742,1812,1
1742,1451,1
1742,1281,1
1742,1245,1
1742,1303,1
1742,1848,1
1742,1309,1
1742,984,1
1742,1475,1
1742,1104,1
1742,1751,1
1742,1316,1
1742,969,1
1742,1828,1
1742,1595,1
1742,1454,1
1742,1729,1
1742,1732,1
1742,933,1
1742,941,1
1742,917,1
1742,1170,1
1742,1894,1
1742,1032,1
1742,919,1
1742,1373,1
1742,1704,1
1649,1591,1
1649,933,1
1649,1241,1
1649,1729,1
1649,1850,1
1649,971,1
1649,1475,1
1649,1032,1
1649,1732,1
1649,1790,1
1649,1247,1
1649,984,1
1649,1429,1
1049,1534,1
1049,1867,1
1049,1407,1
1049,1110,1
1049,1278,1
1049,1128,1
1049,1644,1
1049,1659,1
1049,1523,1
1049,1116,1
1049,1653,1
1049,967,1
1534,1666,1
1534,1825,1
1534,990,1
1534,1758,1
1534,1674,1
1534,1450,1
1534,1701,1
1534,1140,1
1534,1171,1
1534,1642,1
1534,1577,1
1534,1684,1
1452,1747,1
1452,1137,1
1452,1118,1
1452,1784,1
1452,1533,1
1452,1568,1
1452,903,1
1452,1371,1
1452,1216,1
1452,1787,1
1411,1450,1
1411,1283,1
1411,1523,1
1411,1891,1
1470,1409,1
1470,1058,2
1470,1861,1
1470,1811,1
1470,1553,1
1470,1084,1
1470,1388,1
1470,995,1
1470,1280,1
1470,1201,1
1591,1550,1
1591,1413,1
1591,1887,1
1591,1862,1
1591,1828,1
1591,1807,1
1591,1481,1
1591,1781,1
1591,1229,1
1591,1286,1
1591,1176,1
1591,1032,1
1591,1595,1
1591,1019,1
1591,1148,1
1591,1082,1
1591,1873,1
1591,1106,1
1591,1475,1
1591,1263,1
1591,971,1
1591,1143,1
1591,1373,1
1591,1244,1
1591,984,1
1550,1578,1
1550,1413,1
1550,1104,1
1550,1728,1
1550,1082,1
1550,1647,1
1550,1875,1
1550,1229,1
1639,1644,1
1639,1891,1
1639,1598,1
1639,1255,1
1639,1774,1
1639,1130,1
1639,1723,1
1639,1405,1
1639,1501,1
1639,1182,1
1639,1480,1
1639,1670,1
1639,1851,1
1639,1440,1
1639,1195,1
1639,1779,1
1598,1867,1
1598,1772,1
1598,1388,1
1598,1480,1
1598,1056,1
1598,1580,1
1598,1068,1
1598,1125,1
1598,1280,1
1598,1130,1
1598,1457,1
1598,1201,1
1598,1659,1
1598,1797,1
1598,1091,1
1598,1006,1
1598,1409,1
1598,1736,1
1201,1388,1
1201,1056,1
1201,1580,1
1201,1772,1
1201,995,1
1201,1811,1
1201,1480,1
1201,1006,1
1201,1280,1
1225,1051,1
1225,965,1
1225,986,1
1225,943,1
1225,917,1
1225,1299,1
1225,1633,1
1225,977,1
1225,1275,1
1225,1748,1
1225,1052,1
1830,1781,1
1830,1650,1
1830,1745,1
1830,1221,1
1525,1781,1
1525,1785,1
1525,1052,1
1525,1745,1
1525,1482,1
1525,1343,1
1525,1037,1
1525,1183,1
1525,1897,1
1525,1541,1
1525,917,1
1525,1275,1
1525,1699,1
1525,1299,1
1525,994,1
1525,1152,1
1525,1306,1
1525,1807,1
1525,1051,1
1525,1258,1
1525,1217,1
1525,1681,1
1525,1035,1
1525,1221,1
538,1223,1
538,1679,1
538,363,1
538,1358,1
538,1237,1
538,1226,1
538,348,1
538,1179,1
538,1763,1
538,1545,1
538,1025,1
538,1320,1
538,948,1
538,580,1
538,376,1
538,1349,1
538,1878,1
538,517,1
538,606,1
538,1778,1
538,1313,1
538,651,1
1453,1807,1
1453,1885,1
1453,1247,1
1453,1897,1
1453,1234,1
1453,1217,1
1453,1212,1
1453,1443,1
1453,913,1
1453,1575,1
1453,962,1
1453,1052,1
1453,931,1
1453,1818,1
1453,1829,1
1889,1499,1
1889,1546,1
1889,909,1
1889,1218,1
1889,1016,1
1889,1562,2
1889,956,1
1889,979,1
1889,1138,1
1889,1403,1
1499,1403,1
1499,1138,1
1499,1218,1
1499,1546,1
1499,1562,1
1499,956,1
1499,979,1
1499,1016,1
1499,1552,1
1293,967,1
1293,1006,1
1293,1653,1
1006,1130,1
1006,1388,1
1006,1874,1
1006,1702,1
1006,972,1
1006,1398,1
1006,1351,1
1006,1063,1
1006,983,1
1006,1810,1
1006,1125,1
1006,1069,1
1006,1480,1
1006,1736,1
1006,1556,1
1006,1091,1
1056,1861,1
1056,1409,1
1056,1772,1
1056,1110,1
1056,1280,1
1056,1580,1
1056,1811,1
1056,1457,1
1056,1527,1
1865,1321,1
1865,1626,1
1865,1150,1
1865,1440,1
1865,1702,1
1303,1751,1
1303,1595,1
1303,1032,1
1303,1894,1
1303,1170,1
1303,919,1
1303,917,1
1303,1828,1
1303,1104,1
1303,1007,1
1303,1812,1
1303,969,1
1303,1732,1
1303,1429,1
1303,1729,1
1303,941,1
1128,1894,2
1128,1650,1
1128,1143,1
1128,1575,1
1128,1810,1
1001,1512,1
1001,1179,1
1001,1155,1
1001,1358,1
1001,1506,1
1001,1217,1
1001,606,1
1001,1673,1
1001,651,1
1001,1397,1
1001,936,1
1001,1095,1
1001,1237,1
1001,1422,1
1001,1349,1
1001,1357,1
1514,606,1
1514,1320,1
1514,1878,1
1514,976,1
1514,1602,1
1514,363,1
1514,580,1
1514,1300,1
1514,1349,1
1514,517,1
1514,1237,1
1514,1358,1
1514,1679,1
1413,1647,1
1413,1592,1
1413,1148,1
1413,1728,1
1413,1732,1
1413,1104,1
1413,1082,1
1413,1790,1
1413,1578,1
1413,1475,1
1413,1392,1
1413,1019,1
1413,1875,1
1413,1229,1
1413,1315,1
1413,989,1
1523,1811,1
1523,1110,1
1523,1369,1
1523,1674,1
1523,1659,1
1523,1891,1
1523,1867,1
1523,967,1
1523,1440,1
1523,1780,1
1523,1852,1
1523,1278,1
1523,1327,1
1523,1723,1
1523,1863,1
1523,1283,1
1729,1451,1
1729,1894,1
1729,1104,1
1729,1009,1
1729,1828,1
1729,917,1
1729,971,1
1729,1595,1
1729,1247,1
1729,984,1
1729,1429,1
1729,1229,1
1729,1732,1
1729,989,1
1729,1281,1
1729,1032,1
1729,1751,1
1729,1848,1
1729,1725,1
1729,1316,1
1729,919,1
1729,1850,1
1729,933,1
1729,1454,1
1729,1704,1
1729,1373,1
1729,969,1
1729,1812,1
1729,941,1
1451,917,1
1451,1732,1
1451,1245,1
1451,969,1
1451,1894,1
1451,1373,1
1103,1850,1
1103,933,1
1103,1725,1
1653,1810,1
1653,1867,1
1653,1480,1
1118,1137,1
1118,1533,1
1118,1892,1
1118,903,1
1118,1747,1
1118,1787,1
1118,1363,1
1118,1371,1
1118,1216,1
1118,1568,1
983,1810,1
983,1125,1
983,1409,1
983,972,1
983,1457,1
983,1736,1
983,1069,1
983,1063,1
1275,1482,1
1275,1188,1
1275,917,1
1275,1869,1
1275,1633,1
1275,1221,1
1275,1299,1
1275,1904,1
1275,965,1
1275,1785,1
1275,1906,1
1275,1781,1
1275,1672,1
1275,1037,1
1275,1259,1
1275,1258,1
1275,1170,1
1275,1624,1
1275,1828,1
1275,389,1
1275,1051,1
1275,1152,1
1482,1226,1
1482,1311,1
1482,964,1
1482,1541,1
1482,1188,1
1482,1037,1
1482,1052,1
1482,1847,1
1482,1869,1
1482,1904,1
1482,1681,1
1482,977,1
1482,1299,1
1482,1169,1
1482,1121,1
1482,1650,1
1482,1259,1
1482,1217,1
1482,1624,1
917,1785,1
917,1299,1
917,1454,1
917,1051,1
917,1906,1
917,1894,1
917,1217,1
917,1739,2
917,1032,1
917,1751,1
917,919,1
917,1216,1
917,1057,1
917,1007,1
917,933,1
917,606,1
917,1371,1
917,1848,1
917,1037,1
917,1373,1
917,1221,1
917,1812,1
917,1281,1
917,1807,1
917,1052,1
917,1699,1
917,1595,1
917,965,1
917,1828,1
917,1309,1
917,1121,1
917,969,1
917,1245,1
917,964,1
917,1732,1
917,1316,1
917,1183,1
917,903,1
917,1507,1
917,1241,1
917,1541,1
917,1787,1
917,1429,1
917,1725,1
917,1681,1
917,1481,1
917,984,1
917,1533,1
1785,1667,1
1785,1154,1
1785,1725,1
1785,1308,1
1785,1141,1
1785,1248,1
1785,1127,1
1785,937,1
1785,1106,1
1785,1295,1
1785,1749,1
1785,1828,1
1785,1221,1
941,933,1
941,984,1
941,1032,1
941,1635,1
941,969,1
941,1454,1
941,1429,1
941,1894,1
941,971,1
941,945,1
941,1281,1
941,1104,1
941,1828,1
941,1850,1
941,1704,1
1009,989,1
1009,1148,1
1009,1635,1
1009,1392,1
1009,1850,1
1009,1104,1
1009,1082,1
1009,1790,1
1009,994,1
1009,1015,1
1009,1229,1
1009,1862,1
1009,1475,1
1009,1592,1
1807,1221,1
1807,994,1
1807,1781,1
1807,1258,1
1807,1364,1
1807,1217,1
1807,1051,1
1807,1575,1
1807,935,1
1807,1897,1
1807,1052,1
1807,1699,1
1807,1658,1
1807,1885,1
1807,913,1
1807,1343,1
1807,1152,1
1807,1818,1
1807,1247,1
1807,1183,1
1221,1862,1
1221,1286,1
1221,1229,1
1221,1650,1
1221,1315,1
1221,1647,1
1221,1873,1
1221,1019,1
1221,1745,1
1221,1035,1
1221,1904,1
1221,1104,1
1221,1578,1
1221,940,1
1221,1635,1
1237,428,1
1237,363,1
1237,580,1
1237,517,1
1237,1155,1
1237,1012,1
1237,936,1
1237,1763,1
1237,1853,1
1237,1512,1
1237,420,1
1237,1025,1
1237,1179,1
1237,1030,1
1237,1778,1
1237,1320,1
1237,1358,1
1237,1673,1
1237,1464,1
1237,1526,1
1237,1313,1
1237,1318,1
1237,948,1
1237,1397,1
1237,1349,1
1647,1104,1
1647,1082,1
1647,1592,1
1647,1148,1
1647,989,1
1647,1315,1
1647,1862,1
1647,1728,1
1051,1699,1
1051,1481,1
1051,1152,1
1051,943,1
1051,1183,1
1051,1258,1
1051,1188,1
1051,1306,1
1699,1052,1
1699,1681,1
1699,389,1
1699,606,1
1699,1012,1
1699,1667,1
1699,1541,1
1699,1217,1
1699,1223,1
1699,913,1
1699,1062,1
1699,1343,1
1699,1633,1
1699,1183,1
1660,1354,1
1660,1464,1
1660,1068,1
1660,1358,1
1660,948,1
1660,1313,1
1660,1512,1
1660,1773,1
1660,1430,1
1541,1847,1
1541,1507,1
1541,1226,1
1541,1672,1
1541,940,1
1541,1259,1
1541,1681,1
1541,1311,1
1541,1037,1
1541,1904,1
1541,1121,1
1541,1052,1
1541,1624,1
936,1320,1
936,1155,1
936,1358,1
936,517,1
936,1179,1
936,1512,1
936,1012,1
936,1673,1
936,1506,1
936,363,1
936,420,1
936,606,1
936,580,1
936,1223,1
936,651,1
936,1300,1
1320,1179,1
1320,948,1
1320,1679,1
1320,1349,1
1320,1012,1
1320,1318,1
1320,428,1
1320,1545,1
1320,1673,1
1320,1300,1
1320,1778,1
1320,363,1
1320,1313,1
1320,580,1
1320,1512,1
1320,651,1
1320,1095,1
1320,517,1
1320,1223,1
1320,606,1
1320,1357,1
1320,1226,1
1320,1155,1
1320,1358,1
1365,967,1
1365,1068,1
1365,1810,1
1365,1125,1
967,1255,1
967,1772,1
967,1891,1
967,1774,1
967,1626,1
967,1405,1
967,1182,1
967,1265,1
967,1110,1
967,1195,1
967,1659,1
967,1867,1
967,1369,1
967,1441,1
967,1480,1
1544,1441,1
1544,1779,1
1544,1822,1
1544,1585,1
1544,1564,1
1544,1434,1
1544,1197,1
1544,1055,1
1544,1050,1
1544,1405,1
1544,1905,1
1441,1779,1
1441,1905,1
1441,1666,1
1441,1055,1
1441,1564,1
1441,1197,1
1441,1585,1
1441,1050,1
1441,1822,1
1441,1434,1
1441,1266,1
1351,1702,1
1351,1736,1
1351,1125,1
1155,907,1
1155,1878,1
1155,580,1
1155,1012,1
1155,1358,1
1155,1179,1
1155,1679,1
1155,1349,1
1155,1506,1
1155,363,1
1155,1673,1
1155,1631,1
1155,1490,1
1315,1019,1
1315,1148,1
1315,1015,1
1315,1104,1
1315,1875,1
1553,1698,1
1553,1555,1
1553,1861,1
1553,995,1
1553,900,1
1553,1908,1
1553,1825,1
1553,1806,1
1553,1274,1
1553,1847,1
1553,1409,1
994,1818,1
994,1217,1
994,1658,1
994,1258,1
1398,1851,1
1398,1480,1
1398,922,1
1398,1458,1
1398,1863,1
1398,1130,1
1398,1125,1
1851,1626,1
1851,1774,1
1851,1405,1
1851,1501,1
1851,1594,1
1851,1195,1
1851,1779,1
1851,1369,1
1851,1182,1
1851,1480,1
1851,1197,1
1494,1061,1
1494,900,1
1494,1825,1
1494,1136,1
1494,1421,1
1494,1803,1
1494,1555,1
1494,950,1
1494,1567,1
1494,928,1
1494,1174,1
1061,1174,1
1061,1136,1
1061,928,1
1061,1325,1
428,1545,1
428,414,1
428,1013,1
428,517,1
428,1512,1
428,651,1
428,1300,1
428,1313,1
428,1358,1
428,962,1
428,601,1
428,606,1
428,1778,1
428,1226,1
428,1179,1
428,348,1
428,376,1
1229,1728,1
1229,1578,1
1229,1015,1
1229,1635,1
1229,1592,1
1229,1812,1
1229,1019,1
1229,1104,1
1229,1862,1
1702,1465,1
1702,1077,1
1702,1780,1
1702,922,1
1702,1858,1
1702,1909,1
1702,1419,1
1702,1817,1
1702,1626,1
1702,1161,1
1702,1697,1
1702,973,1
1702,1440,1
1702,1327,1
1702,1150,1
1702,1561,1
1702,1656,1
1702,1806,1
1702,1863,1
1702,1521,1
1702,1321,1
1465,1171,1
1465,1013,1
1465,1883,1
1465,1077,1
1465,1577,1
1812,1751,1
1812,1373,1
1812,1032,1
1812,1309,1
1812,1894,1
1812,1454,1
1812,1104,1
348,414,1
348,363,1
348,420,1
348,376,1
348,389,1
348,517,1
348,1025,1
1736,972,1
1736,1280,1
1736,1068,1
1736,1069,1
1736,1580,1
1736,1772,1
1736,1409,1
1736,1810,1
1736,1388,1
1736,1723,1
1736,1125,1
1736,1063,1
1394,1240,2
1240,1642,2
1240,1203,1
1240,1353,1
1240,1693,1
1240,987,1
1644,1700,1
1644,1369,1
1644,1164,1
1644,1659,1
1644,1068,1
1644,1867,1
1644,1239,1
1022,1650,1
1178,1369,1
1178,1088,1
1178,1803,1
1178,1641,1
1178,1758,1
1178,1165,1
1178,1419,1
1178,973,1
1178,1461,1
1751,1732,1
1751,1894,1
1751,1875,1
1751,1309,1
1751,1281,1
1751,1245,1
1751,1828,1
1751,1848,1
1751,1454,1
1751,989,1
1751,1032,1
1751,919,1
1751,969,1
1810,1125,1
1810,1278,1
1810,1556,1
1461,1369,1
1461,973,1
1461,1758,1
1461,1165,1
1461,995,1
1369,1779,1
1369,920,1
1369,1852,1
1369,1182,1
1369,1283,1
1369,1165,1
1369,1561,1
1369,973,1
1369,1726,1
1369,1656,1
1369,1327,1
1369,1255,1
1369,1301,1
1369,1780,1
1369,1405,1
1434,1564,1
1434,1055,1
1434,1666,1
1434,1266,1
1434,1585,1
1434,1860,1
1434,1779,1
1434,1822,1
1564,1779,1
1564,1905,1
1564,1050,1
1564,1585,1
1564,1055,1
1564,1666,1
1564,1860,1
1564,1822,1
1564,1266,1
1659,1867,1
1659,1891,1
1659,1110,1
1659,1255,1
1659,1861,1
1000,1474,1
1000,1640,1
1000,1840,1
1000,1759,1
1000,1667,1
1000,974,1
1000,985,1
1000,1127,1
1000,1725,1
1474,1840,1
1723,1280,1
981,1475,1
981,1862,1
981,1104,1
933,1850,1
933,971,1
933,1704,1
933,1241,1
1318,1773,1
1318,580,1
1318,651,1
1318,1878,1
1318,606,1
1318,1464,1
1318,1012,1
1318,1763,1
1318,1602,1
1318,1358,1
1318,363,1
1318,948,1
1773,948,1
1773,1763,1
1773,1679,1
1032,1732,1
1032,1828,1
1032,1245,1
1032,1454,1
1032,1309,1
1032,1281,1
1032,1595,1
1032,1247,1
1032,1373,1
1032,1848,1
1032,1286,1
1032,969,1
1032,971,1
1032,919,1
1032,1316,1
1032,1104,1
1032,1429,1
1032,1894,1
1032,1704,1
1032,1170,1
1032,984,1
1032,1850,1
1512,1878,1
1512,1673,1
1512,606,1
1512,363,1
1512,1790,1
1512,1223,1
1512,601,1
1512,1179,1
1512,1358,1
1512,1313,1
1512,517,1
1512,651,1
1512,1506,1
920,1860,1
920,1477,1
920,1792,1
920,1182,1
1635,1019,1
1635,1104,1
1635,1578,1
1635,1862,1
1521,1626,1
1521,1909,1
1521,1321,1
903,1892,1
903,1568,1
903,1216,1
903,1747,1
903,1533,1
903,1371,1
903,1363,1
903,1137,1
903,1787,1
995,1239,1
995,1388,1
995,1274,1
995,1409,1
995,1265,1
995,1651,1
995,1458,1
995,1280,1
995,1419,1
995,1084,1
995,1171,1
995,1861,1
995,1517,1
995,1580,1
1258,1781,1
1258,1818,1
1258,1249,1
1258,1343,1
1258,1152,1
1258,1306,1
1258,977,1
1258,1658,1
1258,1217,1
1457,1125,1
1457,1091,1
1457,1068,1
1226,1311,1
1226,1121,1
1226,1778,1
1226,1681,1
1226,1679,1
1226,1062,1
1226,1106,1
1226,1847,1
1226,1507,1
1226,1052,1
1226,1259,1
1125,1501,1
1125,1556,1
1125,1480,1
1130,1863,1
1130,922,1
1130,1501,1
1130,1458,1
1130,1480,1
1909,1161,1
1909,1321,1
1909,1697,1
1909,1419,1
1909,1626,1
1909,1477,1
1909,1395,1
1909,1157,1
1909,1440,1
1909,1327,1
1909,1594,1
1909,1383,1
1909,1150,1
1909,1863,1
1909,1501,1
1909,1817,1
1909,1780,1
1909,922,1
1545,1025,1
1545,389,1
1545,1455,1
1545,1696,1
1545,1679,1
1545,962,1
1545,1654,1
1545,1526,1
1545,1212,1
1545,1385,1
1545,1853,1
1545,1778,1
1545,1094,1
1545,363,1
1545,1910,1
1545,1358,1
1545,1762,1
1545,651,1
1545,1179,1
1878,1358,1
1878,1790,1
1878,1526,1
1878,1349,1
1878,1464,1
1878,1763,1
1878,1673,1
1878,948,1
1878,580,1
1878,1313,1
1878,976,1
1052,1343,1
1052,965,1
1052,1106,1
1052,1885,1
1052,1188,1
1052,1299,1
1052,1681,1
1052,1897,1
1052,1247,1
1052,1121,1
1052,913,1
1052,1818,1
1052,606,1
1052,1217,1
1052,1259,1
1052,1507,1
1052,1725,1
1052,1037,1
1136,1803,1
1136,1555,1
1136,1174,1
1136,1421,1
1136,1698,1
1136,900,1
1136,1325,1
1136,950,1
1136,1806,1
1136,1567,1
1136,1825,1
1464,948,1
1464,1526,1
1464,1025,1
1464,907,1
1464,1429,1
1464,1853,1
1850,1725,1
1850,971,1
1850,1704,1
1850,1247,1
1850,1429,1
1850,1241,1
1781,1244,1
1781,935,1
1781,1646,1
1781,1869,1
1781,1170,1
1580,1517,1
1580,1068,1
1580,1409,1
1580,1861,1
1580,1388,1
1580,1772,1
913,1357,1
913,1561,1
913,1183,1
913,1818,1
913,1247,1
913,1867,1
913,1658,1
913,1897,1
913,1217,1
913,1093,1
913,1068,1
913,1910,1
913,1646,1
913,1885,1
913,1575,1
1567,1421,1
1567,1806,1
1567,970,1
1567,1325,1
1567,1825,1
1567,1555,1
1567,1803,1
1567,1698,1
1567,1274,1
1567,1847,1
1121,1681,1
1121,1106,1
1121,1311,1
1121,1507,1
1121,1259,1
1121,1847,1
1121,389,1
1885,1867,1
1885,1247,1
1885,1646,1
1885,1217,1
1885,1818,1
1885,1897,1
1885,1575,1
1867,1278,1
1867,1646,1
1154,1295,1
1154,1349,1
1154,1094,1
651,1673,1
651,1223,1
651,1179,1
651,1012,1
651,363,1
651,1763,1
651,1357,1
651,376,1
651,1778,1
651,517,1
651,1169,1
651,414,1
651,1358,1
651,1679,1
651,1526,1
972,1069,1
1388,1409,1
1388,1280,1
1388,1772,1
1811,1678,1
1811,1861,1
1811,1265,1
1650,940,1
1650,1828,1
1650,1037,1
1650,1143,1
1650,1510,1
1650,1904,1
1818,1475,1
1818,1364,1
1818,1658,1
1818,1343,1
1818,1575,1
1818,1217,1
1818,1897,1
1818,1247,1
1656,1852,1
1656,1684,1
1656,1161,1
1656,1806,1
1656,1140,1
1656,1274,1
1656,1726,1
1656,1327,1
1656,1150,1
1656,1555,1
1656,1561,1
1656,1450,1
1656,1666,1
1656,973,1
1656,990,1
1852,1283,1
1852,1863,1
1852,961,1
1852,1561,1
1852,1527,1
1852,1458,1
1852,1196,1
1852,1678,1
1852,1440,1
1852,1327,1
1585,1822,1
1585,1193,1
1585,1905,1
1585,1779,1
1585,1050,1
1585,1055,1
1585,1266,1
1585,1666,1
1585,1477,1
1585,1860,1
1822,1050,1
1822,1779,1
1822,1905,1
1822,1055,1
1822,1266,1
1822,1666,1
1286,1887,1
1392,1475,1
1392,1104,1
1392,1309,1
1392,1082,1
1392,1894,1
1358,606,1
1358,1397,1
1358,517,1
1358,1179,1
1358,1679,1
1358,1631,1
1358,1673,1
1358,580,1
1358,1012,1
1358,976,1
1358,1790,1
1358,948,1
1358,1300,1
1358,1313,1
1358,1349,1
1358,1463,1
1358,1490,1
1358,363,1
1358,376,1
1358,1763,1
1475,1082,1
1475,1104,1
1475,1148,1
1475,1862,1
1475,1790,1
1475,1019,1
1475,1887,1
1280,1670,1
1280,1674,1
1280,1409,1
1280,1255,1
1280,1861,1
1280,1068,1
1321,1283,1
1321,1561,1
1321,1161,1
1321,973,1
1321,1255,1
1321,1863,1
1321,1774,1
1321,1327,1
1321,1110,1
1321,1780,1
1321,1858,1
1321,1626,1
1321,1150,1
1283,1803,1
1283,1421,1
1283,1301,1
1283,1858,1
1283,1863,1
1283,1641,1
1283,1477,1
1283,1150,1
1283,1165,1
1283,1087,1
1283,1034,1
1283,1161,1
1283,1327,1
1283,961,1
1283,1626,1
1283,1891,1
1283,1384,1
1283,1817,1
1861,1772,1
1861,1409,1
1861,1110,1
1861,1073,1
1861,1891,1
1861,1023,1
1861,1265,1
1861,1038,1
1772,1670,1
1255,1405,1
1255,1195,1
1255,1891,1
1255,1409,1
1255,1626,1
1255,1182,1
1278,1110,1
1278,964,1
1578,1104,1
1578,1019,1
1578,1862,1
1316,1732,1
1316,1454,1
1316,1894,1
1316,1245,1
1316,1828,1
919,1732,1
919,900,1
919,1373,1
919,1245,1
1179,363,1
1179,1223,1
1179,606,1
1179,1300,1
1179,1631,1
1179,1349,1
1179,1778,1
1179,1357,1
1179,376,1
1179,1673,1
1179,517,1
1179,580,1
1141,1725,1
1141,1090,1
1141,1308,1
1141,1188,1
1141,1667,1
1401,1248,1
1561,1161,1
1561,1678,1
1561,973,1
1561,1450,1
1561,1626,1
1561,1327,1
1561,1165,1
1561,1555,1
1561,1863,1
1891,1265,1
1891,1195,1
1696,1062,1
1696,1162,1
1696,1814,1
1696,1731,1
1696,1526,1
1696,1025,1
1062,1343,1
1062,964,1
1062,1896,1
1062,1357,1
1062,1053,1
1062,1739,1
1062,1183,1
1062,1223,1
1480,1863,1
1480,1874,1
1480,1758,1
1480,922,1
1480,1458,1
1480,1666,1
1480,1774,1
1480,1501,1
1480,1858,1
1480,1556,1
1309,1732,1
1309,1848,1
1309,1281,1
1309,1894,1
1309,1454,1
1309,1245,1
1309,1373,1
1409,1517,1
1409,1527,1
1409,1397,1
1409,1863,1
1409,1458,1
1015,1592,1
1015,1104,1
984,1894,1
984,1828,1
984,1373,1
984,971,1
984,1245,1
1863,1077,1
1863,1817,1
1863,1458,1
1863,1440,1
1863,1858,1
1863,922,1
1863,973,1
1863,1883,1
1863,1626,1
1863,1674,1
1077,1858,1
1077,1058,1
1077,1165,1
1077,1577,1
1077,1171,1
1077,1642,1
1803,1555,1
1803,1088,1
1803,1847,2
1803,1421,1
1803,1641,1
1803,1174,1
1507,389,1
1507,1311,1
1507,1847,1
1507,1306,1
1507,1672,1
1507,1667,1
1507,1106,1
1507,1089,1
1507,964,1
1507,1259,1
1507,1624,1
1507,1681,1
1327,1161,1
1327,1110,1
1327,1626,1
1327,1858,1
1327,961,1
1327,1774,1
1327,1384,1
1327,973,1
1327,1150,1
1556,1143,1
1847,1678,1
1847,1681,1
1847,1698,1
1847,970,1
1847,1203,1
1847,1555,1
977,1306,1
977,1249,1
977,1624,1
977,1748,1
977,1169,1
977,986,1
1306,1624,1
1306,1748,1
1306,1249,1
1306,1169,1
1421,1165,1
1421,1174,1
1421,1555,1
1421,1088,1
1421,1825,1
1825,970,1
1825,900,1
1825,1274,1
1825,1698,1
1825,1555,1
1825,1174,1
1825,928,1
1825,1806,1
1110,1407,1
1110,1526,1
1110,1897,1
1110,1711,1
1110,606,1
1624,1667,1
1624,964,1
1624,1169,1
1624,1089,1
1624,1259,1
1624,1672,1
1624,1904,1
1405,1684,1
1405,1779,1
1405,1182,1
1405,1883,1
1405,1860,1
931,1910,1
931,1829,1
931,1343,1
931,580,1
931,1212,1
1763,948,1
1763,1349,1
1281,1429,1
1281,1595,1
1281,1245,1
1281,1828,1
1281,1894,1
1281,1373,1
1894,1373,1
1894,1454,1
1894,1595,1
1894,1828,1
1894,1704,1
1894,1848,1
1894,1147,1
1894,1575,1
1894,969,1
1894,1170,1
1894,1104,1
1182,1265,1
1182,1195,1
1182,1165,1
1182,1171,1
1188,965,1
1188,1308,1
1188,1259,1
1188,1299,1
1673,1631,1
1673,580,1
1673,1313,1
1673,1300,1
1673,363,1
1673,1349,1
1673,1490,1
1673,420,1
1673,1397,1
1673,606,1
1012,606,1
1012,1223,1
1012,1778,1
1012,948,1
1012,1407,1
606,363,1
606,1897,1
606,1183,1
606,414,1
606,1490,1
606,1313,1
606,1357,1
606,1349,1
606,376,1
606,1674,2
606,517,1
606,1300,1
606,1778,1
606,1371,1
606,580,1
1140,1450,1
1140,1666,1
1450,1666,1
1450,1684,1
1450,1792,1
1450,1678,1
1450,1171,1
1450,990,1
1450,1726,1
1728,1875,1
1728,989,1
1728,1104,1
1234,1343,1
1234,1829,1
1234,1910,1
1234,1212,1
1234,1443,1
1234,962,1
1373,1454,1
1373,1481,1
1373,1241,1
1373,964,1
1373,1873,1
1373,1749,1
1373,1104,1
1373,1152,1
1373,1245,1
1373,1828,1
1454,1828,1
1454,1245,1
1454,1875,1
1454,1704,1
1454,1148,1
1454,1732,1
1906,1725,1
1906,1904,1
1906,940,1
1906,1739,1
1906,1259,1
1577,1666,1
1774,1458,1
1774,1384,1
1774,1626,1
1774,1196,1
922,1458,1
922,1817,1
922,1780,1
922,1626,1
922,1858,1
1778,1035,1
1778,517,1
1778,1510,1
1778,1357,1
1778,962,1
1778,1223,1
1778,1385,1
1171,1908,1
1171,1642,1
1171,1387,1
1171,1058,1
1171,171,2
1171,1151,1
1171,1486,2
1171,1297,1
1171,1053,1
1171,1684,1
1171,1883,1
956,1138,1
956,1403,1
956,1016,1
956,979,1
956,1218,1
1308,986,1
1308,1759,1
1308,943,1
1725,1106,1
1725,937,1
1725,1089,1
1725,1248,1
1725,1667,1
1725,1672,1
1725,1247,1
1725,1090,1
1725,1259,1
1725,1127,1
1725,1749,1
1725,964,1
1725,1264,1
1196,1197,1
1666,1477,1
1666,1055,1
1666,990,1
1666,1726,1
1666,1031,1
1666,1684,1
1666,1792,1
1666,1266,1
1780,961,1
1780,1419,1
1780,1858,1
1780,1626,1
1780,1440,1
1780,1674,1
1780,1817,1
1633,1481,1
1429,1828,1
1429,1007,1
1429,1247,1
1429,1704,1
1429,1526,1
1429,1025,1
1429,971,1
1429,1104,1
1165,1031,1
1165,1641,1
1165,1758,1
1165,1384,1
1165,1254,1
1165,1088,1
1165,1419,1
1860,1674,1
1860,1792,1
1860,1558,1
1104,1082,1
1104,989,1
1104,1019,1
1104,1575,1
1104,1862,1
1104,1873,1
1104,1007,1
1104,1148,1
1035,1745,1
1035,1170,1
1035,1013,1
1035,1152,1
1035,1646,1
1035,1037,1
1161,1038,1
1161,1779,1
1161,1626,1
1161,1858,1
1217,1364,1
1217,1343,1
1217,1658,1
1217,1910,1
1217,1183,1
1217,1247,1
1217,1575,1
1217,1897,1
1640,1840,1
1640,974,1
1640,1127,1
601,517,1
601,1679,1
601,414,1
601,976,1
601,580,1
601,1349,1
973,990,1
973,1150,1
973,1626,1
973,1883,1
1873,1082,1
580,363,1
580,1790,1
580,1095,1
580,1349,1
580,1853,1
580,1025,1
580,517,1
580,1300,1
580,414,1
580,1313,1
580,976,1
580,1679,1
580,376,1
1748,1169,1
1748,1249,1
1019,989,1
1019,1828,1
1019,1862,1
1371,1787,1
1371,1784,1
1371,1758,1
1371,1533,1
1371,1216,1
1371,1568,1
1371,1223,1
1371,987,1
1371,1137,1
1371,1363,1
1646,1093,1
1908,1806,1
1908,1642,1
1908,1274,1
1908,1073,1
1908,1858,1
1908,1670,1
1806,1697,1
1806,1698,1
1806,1073,1
1806,1555,1
1806,1023,1
1806,970,1
1806,1274,1
1046,1586,1
1046,1194,1
1586,1194,1
976,1679,1
976,1349,1
976,517,1
976,363,1
1595,1875,1
1892,1137,1
1892,1787,1
1875,989,1
1325,1555,1
1325,1073,1
1325,1708,1
1325,1274,1
928,1174,1
1672,964,1
1672,1828,1
1672,1089,1
1672,1855,1
1672,1667,1
1672,1739,1
1672,1869,1
1672,1354,1
1672,1259,1
1030,1197,1
1030,1368,1
1030,1252,1
1030,1788,1
1030,909,1
1030,1254,1
1030,1111,1
1828,1481,1
1828,1848,1
1828,1245,1
1828,1732,1
1357,912,1
1357,1300,1
1357,376,1
1357,1008,1
1357,1422,1
1357,1397,1
1357,1095,1
1357,1353,1
1357,1897,1
1533,1787,1
1533,1137,1
1533,1747,1
1533,1216,1
1533,1758,1
1533,1363,1
1533,1568,1
1674,1758,2
1674,1419,1
1674,1008,1
1674,1527,1
1674,990,1
1674,1883,1
1674,1023,1
1674,1642,1
1674,1552,2
1674,1626,1
1758,1684,2
1758,1384,1
1758,1858,1
1758,987,1
1758,1787,1
1758,1419,1
363,1790,1
363,414,1
363,517,1
363,1506,1
363,376,1
363,1349,1
1311,1259,1
1311,1667,1
1311,1681,1
1311,1106,1
1311,420,1
1311,964,1
1259,1089,1
1259,1037,1
1259,1904,1
1259,1745,1
1259,1667,1
1259,940,1
1259,1362,1
1259,389,1
1259,964,1
1745,1170,1
1745,389,1
1299,1037,1
1299,986,1
1299,1681,1
1299,965,1
1790,1602,1
1790,1349,1
1817,1458,1
1817,1626,1
1817,1858,1
1817,1641,1
1817,1440,1
1148,1082,1
1776,1808,1
1776,910,1
1776,912,1
1776,1657,1
1808,1657,1
1808,1053,1
1808,912,1
1808,910,1
1808,1422,1
910,912,1
910,1657,1
1093,1168,1
1093,1667,1
1440,1858,1
1440,1419,1
1440,1626,1
1440,1594,1
1440,1883,1
1681,1037,1
1681,389,1
1681,1106,1
1091,1890,2
1704,971,1
1704,945,1
1704,969,1
971,1732,1
971,1241,1
971,1247,1
1050,1055,1
1050,1905,1
1050,1779,1
1050,1266,1
1203,1555,1
948,907,1
948,1025,1
948,1526,1
948,1313,1
1526,1025,1
1526,1853,1
1779,1055,1
1779,1905,1
1779,1266,1
1779,1883,1
912,1657,1
912,1422,1
1684,58,1
1684,171,1
1684,1419,1
1684,1642,1
1684,1726,1
1684,990,1
1568,1137,1
1568,1747,1
1568,1216,1
1568,1787,1
1106,1147,1
1106,937,1
1106,1749,1
1106,1248,1
1127,1090,1
1127,1759,1
1127,1244,1
1127,974,1
1127,1183,1
1127,1840,1
1127,985,1
1090,1244,1
1090,985,1
1090,1749,1
1732,1848,1
1732,969,1
1678,1726,1
1678,990,1
1678,1387,1
1678,1555,1
1678,1670,1
1667,1168,1
1667,1840,1
1667,964,1
1667,1183,1
1667,1089,1
1069,1063,1
1197,1111,1
1197,1788,1
1197,1045,1
1197,1368,1
1197,961,1
1197,909,1
1223,1385,1
1223,1183,1
1626,1858,1
1626,1150,1
1626,1883,1
970,1555,1
970,1073,1
1082,989,1
1458,1084,1
1058,1552,1
1058,1642,1
1552,1858,1
1552,1642,1
1481,1241,1
1481,1749,1
517,376,1
517,1313,1
517,1095,1
517,1268,1
517,1025,1
420,376,1
1397,1095,1
998,1346,1
376,1343,1
376,1095,1
376,414,1
376,1300,1
376,1313,1
376,1897,1
1268,1814,1
1268,1910,1
1268,1343,1
1254,1252,1
1254,1368,1
1301,961,1
1301,1088,1
961,1038,1
961,1087,1
961,1088,1
900,1698,1
1183,1053,1
1183,1343,1
1216,1747,1
1216,1137,1
1216,1787,1
1216,1363,1
1216,1784,1
1364,1343,1
1364,1747,1
1364,1897,1
1195,1265,1
1195,1594,1
940,1904,1
1170,1007,1
1170,1037,1
1170,969,1
964,1664,1
964,1904,1
964,1089,1
964,1739,1
1664,1607,1
1664,1057,1
1477,1792,1
1477,1641,1
1631,1490,1
1025,1897,1
1025,1853,1
1023,1073,1
1023,649,1
1073,1008,1
1670,1476,1
1670,1527,1
1670,1642,1
1403,1218,1
1403,1016,1
1403,1138,1
1403,979,1
1089,1168,1
1089,1354,1
1869,1904,1
1883,1419,1
1137,1784,1
1698,1274,1
1007,935,1
1274,1708,1
1654,1762,1
1654,1455,1
1419,990,1
1419,1594,1
1419,1858,1
1787,1363,1
1787,1784,1
1787,1747,1
1562,1896,1
1562,1138,1
1562,979,1
1562,1218,1
1045,909,1
1045,1368,1
1045,1788,1
1045,1384,1
1045,1111,1
1212,1343,1
1212,1443,1
1212,962,1
1212,1910,1
1212,1829,1
1212,1372,1
1343,1094,1
1343,1897,1
1343,1910,1
1897,1095,1
1897,1910,1
1897,1247,1
1897,1658,1
1168,943,1
1858,1150,1
1858,1594,1
1905,1055,1
1905,1266,1
1829,1910,1
1829,1575,1
1220,1498,1
1244,943,1
1476,1150,1
1476,1642,1
1476,1527,1
1088,1641,1
1088,1193,1
1247,1575,1
1422,1095,1
1138,979,1
1138,1016,1
1138,1266,1
1138,1053,1
1138,1896,1
1138,1057,1
1138,1218,1
1708,1008,1
1501,1157,1
1501,1151,1
0,171,1
0,58,1
171,1297,1
171,1486,1
171,904,2
171,1387,1
171,58,1
171,1193,2
965,986,1
1904,1169,1
1904,1037,1
1904,1739,1
1169,1249,1
1111,1788,1
1111,909,1
1111,1368,1
1555,950,1
1555,1726,1
1218,979,1
1218,1016,1
1245,1848,1
1840,985,1
1840,1759,1
1193,1838,1
1193,1387,1
1349,1300,1
1349,1094,1
1368,1788,1
1368,909,1
979,1016,1
389,1013,1
389,1037,1
389,1385,1
1037,1855,1
1527,1642,1
1747,1784,1
1013,1713,1
1013,1385,1
1300,1313,1
1300,1095,1
1443,1910,1
1384,1788,1
1384,909,1
1788,909,1
414,649,1
1087,1838,1
990,1726,1
1162,1814,1
1162,1731,1
1095,962,1
1208,1105,1
1208,1002,1
1105,1002,1
1105,1890,1
1053,1607,1
1053,1896,1
1910,1372,1
1910,1094,1
1910,1385,1
1910,962,1
937,1264,1
937,1248,1
937,1749,1
1264,1295,1
1264,1749,1
1607,1896,1
1607,1057,1
1797,1854,1
1253,1071,1
1739,1065,2
1002,1890,1
1055,1266,1
1701,1838,1
1749,1248,1
1594,1157,1
1594,1383,1
1726,1387,1
1711,1270,1
1486,1387,1
1486,1297,1
1387,1297,1
1890,1027,1
1890,1627,1
1157,1383,1
1814,1731,1
1133,1442,1
1133,899,1
899,1442,1
1627,1027,1
904,1224,2
