344,52,1
344,53,1
344,63,1
344,156,1
344,208,1
344,217,1
344,222,1
344,225,1
344,232,1
344,302,1
344,1351,1
344,1410,1
344,54,1
344,1259,1
344,423,1
344,1065,1
344,706,1
344,947,1
344,964,1
344,959,1
344,1159,1
344,353,1
344,1704,1
344,790,1
344,1290,1
344,632,1
344,1292,1
344,743,1
344,667,1
344,1691,1
344,1570,1
344,1602,1
344,1684,1
344,497,1
344,481,1
344,639,1
344,736,1
344,1521,1
344,460,1
344,563,1
344,1202,1
344,1158,1
344,723,1
344,328,1
344,1687,1
344,948,1
344,926,1
344,740,1
344,1671,1
344,383,1
344,1660,1
344,888,1
344,386,1
344,1217,1
344,659,1
344,1580,1
344,1603,1
344,1607,1
344,857,1
344,981,1
344,1588,1
344,1319,1
344,1304,1
344,988,1
344,831,1
344,214,1
344,1727,1
344,27,1
344,535,1
344,862,1
344,897,1
344,1276,1
344,350,1
344,368,1
344,478,1
344,483,1
344,490,1
344,522,1
344,544,1
344,598,1
344,603,1
344,739,1
344,745,1
344,872,1
344,931,1
344,936,1
344,941,1
344,954,1
344,1181,1
344,1417,1
344,1589,1
344,1699,1
1602,17,1
1602,40,1
1602,46,1
1602,52,1
1602,53,1
1602,62,1
1602,151,1
1602,156,1
1602,208,1
1602,214,1
1602,222,1
1602,225,1
1602,258,1
1602,288,1
1602,340,1
1602,347,1
1602,353,1
1602,368,1
1602,372,1
1602,383,1
1602,386,1
1602,395,1
1602,415,1
1602,423,1
1602,424,1
1602,435,1
1602,464,1
1602,481,1
1602,497,1
1602,512,1
1602,535,1
1602,544,1
1602,595,1
1602,639,1
1602,643,1
1602,668,1
1602,730,1
1602,733,1
1602,741,1
1602,743,1
1602,745,2
1602,746,1
1602,788,1
1602,790,1
1602,806,1
1602,862,1
1602,872,1
1602,931,1
1602,936,1
1602,947,1
1602,973,1
1602,978,1
1602,1041,1
1602,1064,1
1602,1065,1
1602,1095,1
1602,1114,1
1602,1147,1
1602,1169,1
1602,1181,1
1602,1259,1
1602,1260,1
1602,1270,1
1602,1293,1
1602,1319,1
1602,1351,1
1602,1354,1
1602,1368,1
1602,1417,1
1602,1466,1
1602,1580,1
1602,1581,1
1602,1704,1
1602,1292,1
1602,1607,1
1602,1603,1
1602,831,1
1602,1684,1
1602,401,1
1602,948,1
1602,1056,1
1602,997,1
1602,1652,1
1602,1542,1
1602,1614,1
1602,1003,1
1602,723,1
1602,1314,1
1602,996,1
1602,1067,1
1602,773,1
1602,981,1
1602,1617,1
1602,1637,1
1602,1640,1
1602,1645,2
1602,1660,1
1602,1748,1
1351,208,1
1351,353,1
1351,743,1
1351,745,1
1351,947,1
1351,981,1
1351,288,1
1351,63,1
1351,156,1
1351,1352,1
1351,497,1
1351,46,1
1351,295,1
1351,639,1
1351,903,1
1351,1366,1
1351,676,1
1351,339,1
1351,340,1
1351,1319,1
1351,213,1
1351,1607,1
1351,1338,1
1351,1292,1
1351,706,1
1351,964,1
1351,225,1
1351,959,1
1351,1159,1
1351,1065,1
1351,423,1
1351,328,1
1351,232,2
1351,324,1
1351,350,1
1351,1704,1
1351,1589,2
1351,1572,1
1351,1580,1
1351,106,1
1351,493,2
1351,978,1
1351,746,1
1351,741,1
1351,733,1
1351,490,1
1351,53,1
1351,723,1
1351,1691,1
1351,872,1
1351,926,1
1351,54,1
1351,424,1
1351,1091,1
1351,568,1
1351,1660,1
1351,888,1
1351,922,1
1351,52,1
1351,496,1
1351,403,1
1351,394,1
1351,632,1
1351,12,1
1351,222,1
1351,368,1
1351,1684,1
1351,603,1
1351,1417,1
1351,435,1
1351,712,1
1351,908,1
1351,940,1
1351,625,1
1351,395,1
1351,1181,1
1351,740,1
1351,1588,1
1351,1570,1
1351,1158,1
1351,790,1
1351,931,1
1351,1354,1
1351,1603,1
1351,386,1
1351,177,1
1351,464,1
1351,1690,1
1351,517,1
1351,988,1
1351,1687,1
1351,1671,1
1351,857,1
1351,850,1
1351,429,1
1351,1147,1
1351,17,1
1351,1594,1
333,79,1
333,83,1
333,85,1
333,87,1
333,151,1
333,303,1
333,308,1
333,313,1
333,319,1
333,338,1
333,1202,1
333,1203,1
333,1044,1
333,877,1
333,195,1
333,1104,1
333,537,1
333,1438,1
333,347,1
333,1555,1
333,1584,1
333,1485,1
333,1331,1
333,1617,1
333,1559,1
333,1373,1
333,1169,1
333,119,1
333,1581,1
333,1631,1
333,1614,1
333,896,1
333,639,1
333,1640,1
333,912,1
333,1429,1
333,884,1
333,468,1
333,1470,1
333,1237,1
333,1311,1
333,35,1
333,5,1
333,1461,1
333,895,1
333,764,1
333,1075,1
333,1275,1
333,342,1
333,772,1
333,349,1
333,334,1
333,335,1
333,337,1
333,408,1
333,446,1
333,533,1
333,608,1
333,666,1
333,1065,1
333,1273,1
333,1332,1
333,1386,1
333,1444,1
333,1445,1
333,1615,1
333,1626,1
333,1637,1
333,1742,1
1704,53,1
1704,62,1
1704,63,1
1704,103,1
1704,177,1
1704,203,1
1704,208,1
1704,225,1
1704,258,1
1704,277,1
1704,301,1
1704,347,1
1704,357,1
1704,368,1
1704,383,1
1704,395,1
1704,415,1
1704,423,1
1704,544,1
1704,603,1
1704,610,1
1704,659,1
1704,743,1
1704,745,1
1704,755,1
1704,831,1
1704,845,1
1704,862,1
1704,947,1
1704,954,1
1704,978,1
1704,981,1
1704,1064,1
1704,1065,1
1704,1159,1
1704,1169,1
1704,1266,1
1704,1271,1
1704,1304,1
1704,1353,1
1704,1368,1
1704,1417,1
1704,1466,1
1704,1570,1
1704,1581,1
1704,1588,1
1704,1589,1
1704,1660,1
1704,1671,1
1704,1690,1
1704,1691,1
1704,1715,1
1704,926,1
1704,988,1
1704,1684,1
1704,850,1
1704,1276,1
1704,639,1
1704,948,1
1704,464,1
1704,1714,1
1704,1687,1
1704,626,1
1704,964,1
1704,1374,1
1704,1079,1
1704,903,1
1704,1748,1
1704,941,1
1704,222,1
1704,1181,1
242,31,1
242,48,1
242,203,1
242,206,1
242,1352,1
242,1521,1
242,1551,1
242,639,1
242,1158,1
242,930,1
242,811,1
242,736,1
242,1645,1
242,506,1
242,936,1
242,1703,1
242,1661,1
242,1480,1
242,1727,1
242,1168,1
242,1076,1
242,1067,1
242,983,1
242,971,1
242,977,1
242,715,1
242,696,1
242,669,1
242,1653,1
242,1650,1
242,1511,1
242,1497,1
242,1439,1
242,1244,1
242,1103,1
242,1030,1
242,987,1
242,1598,1
242,646,1
242,753,1
242,377,1
242,1571,1
242,1563,1
242,1541,1
242,1553,1
242,1550,1
242,490,1
242,1476,1
242,1601,1
242,243,1
242,378,1
242,537,1
242,708,1
242,1046,1
242,1079,1
242,1086,1
242,1191,1
242,1202,1
242,1482,1
460,11,1
460,22,1
460,24,1
460,80,1
460,101,1
460,149,1
460,163,1
460,164,1
460,180,1
460,235,1
460,237,1
460,248,1
460,251,1
460,312,1
460,363,1
460,404,1
460,409,1
460,412,1
460,415,1
460,442,1
460,451,1
460,453,2
460,456,1
460,1247,1
460,643,1
460,996,1
460,459,1
460,450,1
460,1685,1
460,716,1
460,1412,1
460,515,1
460,747,1
460,1293,1
460,568,1
460,256,1
460,1720,1
460,1158,1
460,1089,1
460,306,1
460,563,1
460,478,1
460,479,1
460,618,1
460,619,1
460,722,1
460,773,1
460,812,1
460,855,1
460,875,1
460,944,2
460,966,1
460,973,1
460,1008,1
460,1101,1
460,1127,1
460,1132,1
460,1135,1
460,1136,1
460,1254,1
460,1259,1
460,1261,1
460,1270,1
460,1328,1
460,1346,1
460,1348,1
460,1381,1
460,1403,1
460,1408,1
460,1415,1
460,1479,1
460,1512,1
460,1546,1
460,1686,1
639,29,1
639,53,1
639,63,1
639,209,1
639,243,2
639,302,1
639,321,1
639,353,1
639,451,1
639,482,1
639,490,1
639,522,1
639,537,1
639,1621,1
639,1250,1
639,1243,1
639,1608,1
639,640,1
639,641,1
639,649,1
639,650,1
639,657,1
639,659,1
639,666,1
639,693,2
639,698,2
639,736,1
639,743,1
639,750,1
639,758,1
639,855,1
639,866,1
639,891,1
639,917,1
639,940,1
639,946,1
639,981,1
639,1004,1
639,1079,1
639,1094,1
639,1104,1
639,1106,1
639,1108,1
639,1158,1
639,1159,2
639,1191,1
639,1203,1
639,1204,1
639,1244,1
639,1247,1
639,1271,1
639,1273,1
639,1304,1
639,1347,1
639,1352,1
639,1496,1
639,1546,1
639,1553,1
639,1556,1
639,1563,1
639,1570,1
639,1585,1
639,1588,1
639,1589,1
639,1594,1
639,1612,1
639,1624,1
639,1632,1
639,1637,1
639,1640,1
639,1647,1
639,1653,1
639,1691,1
639,1706,1
1244,203,1
1244,206,1
1244,310,1
1244,377,1
1244,378,1
1244,506,1
1244,669,2
1244,707,1
1244,715,1
1244,809,1
1244,840,1
1244,930,1
1244,936,1
1244,938,1
1244,971,1
1244,977,1
1244,1021,1
1244,1067,1
1244,1168,1
1244,1212,1
1244,1653,1
1244,1650,1
1244,1645,1
1244,1598,1
1244,1521,1
1244,1202,1
1244,1551,1
1244,1352,2
1244,1622,1
1244,1271,1
1244,1569,1
1244,1656,1
1244,1608,1
1244,1542,1
1244,1573,1
1244,1605,1
1244,1570,1
1244,1655,1
1244,1614,1
1244,595,1
1244,1588,1
1244,1703,1
1244,1601,1
1244,1727,1
1244,1480,1
1244,1563,1
1244,1439,1
1244,1520,1
1244,736,1
1244,589,1
1244,1030,1
1244,1599,1
1244,1504,1
1244,1535,1
1244,1364,1
1244,1497,1
1244,1518,2
1244,1523,1
1244,1541,1
1244,1612,2
1645,50,1
1645,142,1
1645,206,1
1645,279,1
1645,377,1
1645,378,2
1645,506,1
1645,707,1
1645,708,1
1645,736,1
1645,930,1
1645,936,1
1645,938,1
1645,971,1
1645,977,1
1645,995,1
1645,1157,1
1645,1284,1
1645,1352,2
1645,1439,1
1645,1480,1
1645,1482,1
1645,1497,1
1645,1500,1
1645,1511,1
1645,1521,1
1645,1523,1
1645,1541,1
1645,1542,1
1645,1551,1
1645,1553,1
1645,1563,1
1645,1598,1
1645,1609,1
1645,1632,1
1645,715,1
1645,1703,2
1645,1650,1
1645,1158,1
1645,1476,1
1645,1653,1
1645,1379,1
1645,1661,1
1645,1550,1
1645,1484,2
1645,595,2
1645,1618,1
1645,1620,1
1645,1652,1
1645,1605,1
1645,1594,1
1645,1330,1
1645,743,1
1645,1603,1
1645,1570,2
743,46,1
743,52,1
743,53,1
743,151,1
743,156,1
743,208,1
743,225,1
743,234,1
743,288,1
743,324,1
743,368,1
743,423,1
743,435,1
743,464,1
743,497,1
743,512,1
743,741,1
743,746,1
743,1065,1
743,1621,1
743,739,1
743,947,2
743,1589,1
743,603,1
743,706,1
743,959,1
743,964,1
743,214,1
743,1607,1
743,733,2
743,1259,1
743,676,1
743,1591,1
743,1570,1
743,1580,1
743,1748,1
743,353,1
743,941,1
743,862,1
743,481,1
743,740,1
743,40,1
743,745,1
743,788,1
743,872,1
743,978,1
743,1064,1
743,1104,1
743,1147,1
743,1260,2
743,1319,1
743,1354,2
743,1612,1
743,1660,1
936,50,1
936,62,1
936,151,1
936,206,1
936,279,1
936,377,1
936,378,1
936,386,1
936,506,1
936,669,1
936,707,1
936,736,1
936,822,1
936,837,1
936,927,1
936,930,1
936,1422,1
936,715,1
936,1563,1
936,1727,1
936,1168,1
936,1523,1
936,1521,1
936,1352,1
936,1202,1
936,1650,1
936,1598,1
936,1601,1
936,1653,1
936,1541,1
936,1550,1
936,1067,1
936,1646,1
936,1570,1
936,977,1
936,1553,1
936,1511,1
936,1439,1
936,1030,1
936,987,1
936,1551,1
936,971,1
936,1157,1
936,1169,1
936,1245,1
936,1267,1
936,1482,1
936,1497,1
936,1542,1
936,1625,1
936,1749,1
981,53,1
981,99,1
981,105,1
981,106,1
981,109,1
981,201,1
981,214,1
981,225,1
981,313,1
981,383,1
981,403,1
981,439,1
981,650,1
981,651,1
981,712,1
981,954,1
981,978,1
981,1353,1
981,412,1
981,481,1
981,646,1
981,377,1
981,922,1
981,1713,1
981,648,1
981,948,1
981,850,1
981,1570,1
981,926,1
981,1374,1
981,1690,1
981,1580,1
981,497,1
981,1671,1
981,1684,1
981,328,1
981,1630,1
981,252,1
981,1368,1
981,1466,1
981,1698,1
981,12,1
981,217,1
981,861,1
981,755,1
981,1715,1
981,1589,1
981,1588,1
981,532,1
981,1541,1
981,1609,1
981,1612,1
981,1650,1
151,1637,1
151,1717,2
151,1285,1
151,1298,1
151,10,1
151,1232,1
151,1656,1
151,275,1
151,921,1
151,890,1
151,891,1
151,829,1
151,840,1
151,405,1
151,885,1
151,1719,1
151,1652,1
151,1327,1
151,1638,1
151,1251,1
151,1626,1
151,1316,1
151,1333,1
151,1301,1
151,1619,1
151,1655,1
151,1307,1
151,980,1
151,1605,1
151,1245,1
151,1749,1
151,1618,1
151,273,1
151,266,1
151,1286,1
151,228,1
151,448,1
151,1594,1
151,1557,1
151,1556,1
151,1271,2
151,1266,1
151,469,1
151,1649,1
151,310,1
151,1263,1
151,1654,1
151,1646,1
151,1013,1
151,1571,1
151,698,1
151,1470,1
151,912,1
151,877,1
151,1202,1
151,1724,1
151,1386,1
151,1607,1
151,1417,1
151,1563,1
151,1598,1
151,122,1
151,1621,1
151,1569,1
151,1211,1
151,1330,1
151,1210,1
151,1622,1
151,595,1
151,1065,1
1570,53,1
1570,62,1
1570,63,1
1570,68,1
1570,99,1
1570,105,1
1570,149,1
1570,201,1
1570,208,1
1570,214,1
1570,225,1
1570,423,1
1570,512,1
1570,603,1
1570,610,1
1570,650,1
1570,712,1
1570,739,1
1570,741,1
1570,755,1
1570,845,1
1570,940,1
1570,947,1
1570,954,1
1570,978,1
1570,1004,1
1570,1064,1
1570,1159,1
1570,1271,1
1570,1328,1
1570,1368,1
1570,1414,1
1570,1589,1
1570,583,1
1570,1572,1
1570,1690,1
1570,922,1
1570,1353,1
1570,1715,1
1570,857,1
1570,1699,1
1570,1417,1
1570,1684,1
1570,1671,1
1570,723,1
1570,1158,1
1570,926,1
1570,490,1
1570,361,1
1570,1588,1
1570,1609,1
1570,1612,1
1570,1660,1
1521,206,1
1521,377,1
1521,378,1
1521,490,1
1521,506,1
1521,551,1
1521,663,1
1521,696,1
1521,715,1
1521,736,1
1521,753,1
1521,837,1
1521,930,1
1521,983,1
1521,989,1
1521,1030,1
1521,1067,1
1521,1079,1
1521,1157,1
1521,1168,1
1521,1202,1
1521,1334,1
1521,1352,1
1521,1423,1
1521,1439,1
1521,1497,1
1521,1500,1
1521,1511,1
1521,1551,1
1521,1553,1
1521,1703,1
1521,1563,1
1521,646,1
1521,1170,1
1521,1212,1
1521,1284,1
1521,279,1
1521,1069,1
1521,1661,1
1521,1480,1
1521,1727,2
1521,1076,1
1521,1650,2
1521,1598,1
1521,1541,1
1521,1653,1
1580,40,1
1580,52,1
1580,53,1
1580,156,1
1580,162,1
1580,206,1
1580,208,1
1580,214,1
1580,353,1
1580,395,1
1580,435,1
1580,464,1
1580,497,1
1580,512,2
1580,625,1
1580,650,1
1580,740,1
1580,741,1
1580,746,1
1580,1147,1
1580,1259,1
1580,1260,1
1580,1270,1
1580,1304,1
1580,1319,1
1580,1541,1
1580,1417,1
1580,1603,1
1580,429,1
1580,424,1
1580,1588,1
1580,1748,1
1580,903,1
1580,947,1
1580,328,1
1580,1158,1
1580,1607,1
1580,46,1
1580,1354,1
1580,288,2
1580,1037,1
1580,1197,1
1580,237,1
1580,1609,1
1580,1614,1
1580,1653,1
791,57,1
791,104,1
791,286,1
791,356,1
791,362,1
791,510,1
791,592,1
791,609,1
791,758,1
791,1367,1
791,1032,1
791,1313,1
791,630,1
791,269,1
791,588,1
791,183,1
791,238,1
791,1542,1
791,1516,1
791,1024,1
791,816,1
791,1708,1
791,1241,1
791,542,1
791,634,1
791,937,1
791,1451,1
791,1378,1
791,1508,1
791,601,1
791,992,1
791,1498,1
791,593,1
791,1465,1
791,1214,1
791,1504,1
791,960,1
791,956,1
791,1137,1
791,1509,1
791,1421,1
791,243,1
791,1015,1
791,1651,1
791,551,1
791,596,1
791,1289,1
791,1426,1
791,818,1
791,1033,1
791,1023,1
791,1022,1
791,1025,1
791,519,1
791,1446,1
791,821,1
791,968,1
791,970,1
791,1021,1
1021,183,1
1021,362,1
1021,597,1
1021,609,1
1021,1516,1
1021,510,1
1021,1708,1
1021,247,1
1021,1145,1
1021,1214,1
1021,1023,1
1021,627,1
1021,385,1
1021,1426,1
1021,1361,1
1021,943,1
1021,1367,1
1021,617,1
1021,970,1
1021,593,1
1021,577,1
1021,592,1
1021,1498,1
1021,1504,1
1021,1027,1
1021,104,1
1021,238,2
1021,1567,1
1021,370,1
1021,1421,1
1021,76,1
1021,1542,1
1021,698,1
1021,203,2
1021,243,1
1021,758,1
1021,286,1
1021,1031,1
1021,1024,1
1021,958,1
1021,601,1
1021,1015,1
1021,956,1
1021,1675,1
1021,1441,1
1021,1241,1
1021,1186,1
1021,969,1
1021,993,1
1021,802,1
1021,1045,1
1021,1465,1
1021,1678,1
1021,992,1
1021,1025,1
1021,14,1
1021,1651,1
1021,1022,1
1021,1343,1
1021,1509,1
1588,27,1
1588,53,1
1588,63,1
1588,103,1
1588,147,1
1588,208,1
1588,225,1
1588,236,1
1588,273,1
1588,435,1
1588,439,1
1588,610,1
1588,625,1
1588,659,1
1588,676,1
1588,741,1
1588,845,1
1588,922,1
1588,954,1
1588,964,1
1588,1064,1
1588,1065,1
1588,1374,1
1588,1417,1
1588,1715,1
1588,1589,1
1588,978,1
1588,328,1
1588,1699,1
1588,1690,1
1588,1158,1
1588,857,1
1588,1671,1
1588,850,1
1588,201,1
1588,926,1
1588,723,1
1588,988,1
1588,947,1
1588,603,1
1588,1714,1
1588,1202,1
1588,302,1
1588,1612,1
1588,1617,1
1588,1632,1
1588,1655,1
1588,1691,1
1588,1730,1
1191,141,1
1191,156,1
1191,490,1
1191,560,1
1191,595,1
1191,668,1
1191,869,1
1191,870,1
1191,925,1
1191,950,1
1191,975,1
1191,985,1
1191,986,1
1191,1104,1
1191,1106,1
1191,1108,1
1191,1178,1
1191,1540,1
1191,1061,1
1191,55,1
1191,1529,1
1191,645,1
1191,1196,1
1191,1712,1
1191,1612,1
1191,1502,1
1191,984,1
1191,1202,1
1191,1490,1
1191,1569,1
1191,1468,1
1191,1330,1
1191,1211,1
1191,974,1
1191,482,1
1191,400,1
1191,1243,1
1191,1551,1
1191,1035,1
1191,1684,1
1191,543,1
1191,1158,1
1191,632,1
1191,1352,1
1191,978,1
1191,850,1
1191,1531,1
1650,142,1
1650,147,1
1650,206,1
1650,377,1
1650,378,1
1650,506,1
1650,669,1
1650,707,1
1650,708,1
1650,715,1
1650,736,1
1650,837,1
1650,930,1
1650,971,1
1650,977,1
1650,1030,1
1650,1079,1
1650,1168,1
1650,1352,1
1650,1439,1
1650,1541,1
1650,1551,1
1650,1553,1
1650,1562,1
1650,1598,1
1650,1550,1
1650,1157,1
1650,1703,1
1650,1571,1
1650,1271,1
1650,1612,1
1650,1594,1
1650,1661,2
1650,1067,1
1650,1727,1
1650,1563,1
1650,1476,1
1650,1569,1
1650,1655,1
1650,595,1
1650,1653,1
1104,209,1
1104,243,1
1104,400,1
1104,408,1
1104,482,1
1104,510,1
1104,537,1
1104,560,1
1104,595,1
1104,668,1
1104,679,1
1104,825,1
1104,869,1
1104,950,1
1104,951,1
1104,985,1
1104,986,1
1104,1036,1
1104,1046,1
1104,1055,1
1104,1364,1
1104,1460,1
1104,1106,1
1104,1108,1
1104,1274,1
1104,1105,1
1104,1569,1
1104,1243,1
1104,1113,1
1104,543,1
1104,1175,1
1104,984,1
1104,1034,1
1104,1622,1
1104,1210,1
1104,1211,1
1104,1330,1
1104,1386,1
1104,1490,1
1104,1525,1
1104,1612,1
1104,1663,1
1104,1712,1
1352,378,2
1352,506,1
1352,646,1
1352,736,1
1352,1046,1
1352,1079,1
1352,1703,1
1352,1551,1
1352,1539,1
1352,1661,1
1352,1553,1
1352,1523,1
1352,1480,1
1352,1727,1
1352,1168,1
1352,1076,1
1352,1067,1
1352,983,1
1352,971,1
1352,977,1
1352,715,2
1352,696,1
1352,753,1
1352,669,1
1352,377,1
1352,1476,1
1352,48,1
1352,206,1
1352,1653,1
1352,1550,1
1352,1511,1
1352,1563,1
1352,1497,1
1352,1030,1
1352,1598,1
1352,930,1
1352,1541,1
1653,237,1
1653,279,1
1653,377,1
1653,506,1
1653,744,1
1653,930,1
1653,971,1
1653,1212,1
1653,1284,1
1653,1334,1
1653,1439,1
1653,1511,1
1653,1541,1
1653,1551,1
1653,1561,1
1653,1612,1
1653,715,1
1653,1703,1
1653,1480,1
1653,1727,1
1653,1476,1
1653,1236,1
1653,1168,1
1653,1076,1
1653,1067,1
1653,983,1
1653,48,1
1653,1330,1
1653,1618,1
1653,220,1
1653,1718,1
1653,1652,1
1653,1542,1
1653,927,1
1653,736,1
1653,1661,1
1653,1202,1
1653,490,1
1653,1550,1
1653,1598,1
1653,1030,1
1653,206,1
1158,9,1
1158,53,1
1158,62,1
1158,119,1
1158,181,2
1158,209,1
1158,266,1
1158,366,1
1158,397,1
1158,408,1
1158,427,1
1158,481,1
1158,483,1
1158,522,1
1158,666,1
1158,668,1
1158,741,1
1158,815,1
1158,872,1
1158,891,1
1158,902,1
1158,978,1
1158,985,1
1158,986,1
1158,1044,1
1158,1088,1
1158,1102,1
1158,1419,1
1158,1178,1
1158,1183,1
1158,1203,1
1158,1245,1
1158,1315,1
1158,1373,1
1158,1386,1
1158,1496,1
1158,1589,1
1158,1594,1
1158,1605,1
1158,1609,1
1158,1614,1
1158,1631,1
1158,1632,1
1158,1637,1
1158,1638,1
1158,1640,1
1158,1649,2
1158,1749,1
1158,1752,1
506,1076,1
506,1157,1
506,1067,1
506,1563,1
506,810,1
506,715,1
506,1168,1
506,971,1
506,1703,1
506,1480,1
506,1727,1
506,707,1
506,1103,1
506,206,1
506,1550,1
506,1562,1
506,1511,1
506,1497,1
506,1439,1
506,1423,1
506,1170,1
506,1284,1
506,1212,1
506,1069,1
506,1003,1
506,1030,1
506,995,1
506,989,1
506,987,1
506,1598,1
506,938,1
506,927,1
506,930,1
506,279,1
506,1500,1
506,1551,1
816,76,1
816,95,1
816,181,1
816,203,1
816,238,1
816,356,2
816,362,1
816,481,1
816,510,1
816,537,1
816,550,1
816,551,1
816,583,1
816,621,1
816,649,1
816,653,1
816,758,1
816,804,1
816,874,2
816,965,1
816,1233,1
816,589,1
816,1231,1
816,243,1
816,1508,1
816,960,1
816,1567,1
816,281,1
816,1343,1
816,1516,2
816,1451,1
816,805,1
816,630,1
816,190,1
816,1542,1
816,652,1
816,579,1
816,818,2
816,821,1
816,868,1
816,918,1
816,946,1
816,1313,1
816,1360,1
816,1446,1
816,1509,1
816,1518,1
1605,448,1
1605,686,1
1605,688,1
1605,840,1
1605,930,1
1605,1169,1
1605,1307,1
1605,1559,1
1605,1594,1
1605,980,1
1605,274,2
1605,1337,1
1605,122,1
1605,275,1
1605,1652,1
1605,267,1
1605,1626,1
1605,1333,1
1605,1619,1
1605,1301,1
1605,1618,1
1605,1245,1
1605,1286,1
1605,273,1
1605,228,1
1605,1557,1
1605,1556,1
1605,1637,1
1605,219,1
1605,372,1
1605,1271,1
1605,1717,2
1605,1263,1
1605,1654,1
1605,1250,1
1605,589,1
1605,1202,1
1605,1606,1
1605,1655,1
1605,1232,1
1605,1329,1
1605,1285,1
1605,1614,1
1605,1617,1
1605,1625,1
1605,1638,1
1605,1730,1
1386,91,1
1386,110,1
1386,209,1
1386,314,1
1386,407,1
1386,713,1
1386,901,1
1386,920,1
1386,1082,1
1386,1321,1
1386,30,1
1386,1399,1
1386,1397,1
1386,1390,1
1386,1396,1
1386,1395,1
1386,1394,1
1386,1393,1
1386,1392,1
1386,1391,1
1386,1389,1
1386,1388,1
1386,1387,1
1386,1400,1
1386,1398,1
1386,330,1
1386,580,1
1386,892,1
1386,1050,1
1386,1250,1
1386,1012,1
1386,1202,1
1386,1180,1
1386,227,1
1386,1430,1
1386,1722,1
362,57,1
362,154,1
362,865,1
362,1032,1
362,190,1
362,1516,1
362,1015,1
362,943,1
362,592,1
362,992,1
362,1651,1
362,542,1
362,956,1
362,1678,1
362,1465,1
362,588,1
362,1024,1
362,1313,1
362,1186,1
362,1367,1
362,1451,1
362,269,1
362,1560,1
362,1022,1
362,758,1
362,657,1
362,818,1
362,630,1
362,1426,1
362,286,1
362,612,1
362,634,1
362,1565,1
362,1045,1
362,970,1
362,596,1
362,1667,1
362,1214,1
362,1508,1
362,1025,1
362,601,1
362,356,1
362,979,1
362,1026,1
362,593,1
362,968,1
715,203,1
715,206,1
715,279,1
715,489,1
715,601,1
715,696,1
715,490,1
715,1598,1
715,1703,2
715,977,1
715,1727,1
715,1541,1
715,1076,1
715,897,1
715,1067,1
715,1480,1
715,657,1
715,811,1
715,1551,1
715,736,1
715,840,1
715,989,1
715,995,1
715,1030,1
715,1065,1
715,1157,1
715,1186,1
715,1212,1
715,1284,1
715,1334,1
715,1535,1
715,1545,1
715,1553,1
715,1562,1
930,62,1
930,147,1
930,206,1
930,378,1
930,510,1
930,707,1
930,736,1
930,1550,1
930,1511,1
930,1497,1
930,1439,1
930,1030,1
930,977,1
930,1067,1
930,1542,1
930,1598,2
930,537,1
930,1727,1
930,1170,1
930,971,1
930,951,2
930,980,1
930,1157,1
930,1364,1
930,1482,1
930,1541,1
930,1609,1
930,1654,1
1614,308,1
1614,310,1
1614,313,1
1614,319,1
1614,347,1
1614,468,1
1614,518,1
1614,533,1
1614,666,1
1614,1044,1
1614,1065,1
1614,1094,1
1614,1169,1
1614,1171,1
1614,1218,1
1614,1237,1
1614,1271,1
1614,1373,1
1614,1445,1
1614,1461,1
1614,1485,1
1614,1559,1
1614,1581,1
1614,1584,1
1614,1591,1
1614,595,1
1614,1652,1
1614,1730,1
1614,438,1
1614,1203,1
1614,8,1
1614,136,1
1614,1144,1
1614,877,1
1614,16,1
1614,1640,1
1614,1273,1
1614,470,1
1614,1615,1
1614,1631,1
1614,1692,1
1614,1717,1
1108,77,1
1108,560,1
1108,655,1
1108,1046,1
1108,1105,1
1108,1061,1
1108,1243,1
1108,739,1
1108,1460,1
1108,1493,1
1108,1494,1
1108,1055,1
1108,1210,1
1108,1622,1
1108,438,1
1108,1364,1
1108,1274,1
1108,615,1
1108,1529,1
1108,1502,1
1108,298,1
1108,1211,1
481,52,1
481,206,1
481,221,1
481,314,1
481,324,1
481,378,1
481,397,1
481,412,1
481,443,1
481,909,1
481,427,1
481,974,1
481,294,1
481,464,1
481,483,1
481,518,1
481,524,1
481,570,1
481,576,1
481,646,1
481,668,1
481,735,1
481,755,1
481,806,1
481,978,1
481,1094,1
481,1105,1
481,1168,1
481,1208,1
481,1239,1
481,1264,1
481,1368,1
481,1476,1
481,1478,1
481,1491,1
481,1523,1
481,1544,1
481,1596,1
481,1625,1
481,1652,1
481,1671,1
481,1718,1
481,1752,1
1652,53,1
1652,62,1
1652,405,1
1652,510,1
1652,840,1
1652,891,1
1652,1266,1
1652,1329,1
1652,1612,2
1652,1626,1
1652,1632,1
1652,1637,1
1652,1638,1
1652,691,1
1652,1250,1
1652,275,1
1652,273,1
1652,1649,2
1652,1656,1
1652,1620,1
1652,1655,1
1652,1619,1
1652,1618,1
1652,980,1
1652,1594,1
1652,1654,1
1652,1333,1
1652,1301,1
1652,1245,1
1652,1286,1
1652,1557,1
1652,1271,1
1652,1263,1
1652,228,1
1652,271,1
1652,219,1
1652,701,1
1652,1718,1
156,40,1
156,53,1
156,1607,1
156,733,1
156,872,1
156,429,1
156,213,1
156,741,1
156,1603,1
156,424,1
156,435,1
156,52,1
156,493,1
156,324,1
156,926,1
156,922,1
156,304,1
156,996,1
156,739,1
156,931,1
156,790,1
156,1684,1
156,747,1
156,1065,1
156,1314,1
156,632,1
156,1259,1
156,745,1
156,288,1
156,598,1
156,1147,1
1203,2,1
1203,87,1
1203,113,1
1203,136,1
1203,303,1
1203,319,1
1203,347,1
1203,364,1
1203,533,1
1203,717,1
1203,1044,1
1203,1094,1
1203,1114,1
1203,390,1
1203,490,1
1203,1204,1
1203,1751,1
1203,349,1
1203,342,1
1203,896,1
1203,1144,1
1203,537,1
1203,1243,1
1203,649,1
1203,589,1
1203,1237,1
1203,1273,1
1203,1275,1
1203,1331,1
1203,1332,1
1203,1373,1
1203,1444,1
1203,1559,1
1203,1584,1
1203,1616,1
1203,1640,1
206,1562,1
206,279,1
206,1553,1
206,1439,1
206,1563,1
206,1550,1
206,1541,1
206,1511,1
206,1497,1
206,1476,1
206,736,1
206,983,1
206,971,1
206,1168,1
206,377,1
206,707,1
206,806,1
206,1157,1
206,1334,1
206,1482,1
206,1596,1
1313,57,1
1313,61,2
1313,75,2
1313,76,1
1313,183,1
1313,203,1
1313,238,1
1313,356,1
1313,385,1
1313,510,1
1313,547,1
1313,551,1
1313,592,1
1313,593,1
1313,621,1
1313,635,1
1313,653,1
1313,758,1
1313,804,1
1313,805,1
1313,868,1
1313,918,1
1313,939,1
1313,968,1
1313,970,1
1313,979,1
1313,1024,1
1313,1214,1
1313,269,1
1313,579,1
1313,1451,1
1313,1367,1
1313,1509,1
1313,1516,1
1313,1518,1
1313,1651,1
1607,17,1
1607,40,1
1607,46,1
1607,52,1
1607,225,1
1607,288,1
1607,368,1
1607,386,1
1607,435,1
1607,464,1
1607,497,1
1607,512,1
1607,733,1
1607,745,1
1607,872,1
1607,1064,1
1607,1065,1
1607,1147,1
1607,1260,1
1607,1319,1
1607,598,1
1607,568,1
1607,931,1
1607,1748,1
1607,1259,1
1607,1408,1
1607,1603,1
1607,1617,1
1612,482,1
1612,560,1
1612,595,1
1612,636,1
1612,668,2
1612,741,1
1612,779,1
1612,951,1
1612,1105,1
1612,1210,1
1612,1212,1
1612,1284,2
1612,1502,1
1612,1559,1
1612,1598,1
1612,60,1
1612,1542,1
1612,204,1
1612,1620,1
1612,1608,1
1612,1589,1
1612,746,1
1612,275,1
1612,1579,1
1612,1540,1
1612,1494,1
1612,1529,1
235,164,1
235,566,1
235,1136,1
235,1328,1
235,236,1
235,693,1
235,730,1
235,1685,1
235,1197,1
235,716,1
235,643,1
235,1720,1
235,1621,1
235,1408,1
235,1381,1
235,428,1
235,1089,1
235,1134,1
235,409,1
235,1293,1
235,906,1
235,45,1
235,997,1
235,237,1
235,1101,1
235,456,1
235,258,1
235,1412,1
235,1403,1
235,404,1
235,1314,1
235,1056,1
235,747,1
235,1404,1
235,1247,1
235,413,1
235,264,1
235,618,1
592,57,1
592,104,1
592,154,1
592,183,1
592,286,1
592,356,1
592,510,1
592,821,1
592,1465,1
592,588,1
592,1025,1
592,1651,1
592,1708,1
592,13,1
592,1032,1
592,630,1
592,269,1
592,955,1
592,1451,1
592,593,1
592,190,1
592,1426,1
592,1516,1
592,1024,1
592,551,1
592,758,1
592,943,1
592,968,1
592,1015,1
592,1186,1
592,1361,1
592,1367,1
1067,203,1
1067,258,1
1067,378,1
1067,490,1
1067,669,1
1067,696,1
1067,708,1
1067,753,1
1067,989,1
1067,1030,1
1067,1727,1
1067,1598,1
1067,1703,1
1067,707,1
1067,1212,1
1067,1168,1
1067,1551,1
1067,1541,1
1067,1157,1
1067,1186,1
1067,1284,1
1485,308,1
1485,313,1
1485,319,1
1485,347,1
1485,482,1
1485,1044,1
1485,1094,1
1485,1169,1
1485,1171,1
1485,1237,1
1485,1275,1
1485,1373,1
1485,1461,1
1485,303,1
1485,1438,1
1485,1616,1
1485,1201,1
1485,119,1
1485,1581,1
1485,1631,1
1485,1554,1
1485,1331,1
1485,1114,1
1485,1559,1
1485,1617,1
1485,1669,1
1485,1584,1
1485,398,1
1485,438,1
1485,935,1
1485,1238,1
1485,1609,1
1485,1615,1
1485,1692,1
1589,53,1
1589,63,1
1589,208,1
1589,277,1
1589,313,1
1589,741,1
1589,845,1
1589,1353,1
1589,1368,1
1589,1413,1
1589,1414,1
1589,1466,1
1589,1585,1
1589,1276,1
1589,1690,1
1589,733,2
1589,978,1
1589,988,1
1589,926,1
1589,328,1
1589,922,1
1589,488,1
1589,201,1
1589,941,1
1589,1715,1
1589,947,1
1589,1304,1
1589,1671,1
347,313,1
347,1617,1
347,1584,1
347,1616,1
347,1169,1
347,1581,1
347,1554,1
347,1631,1
347,1438,1
347,1373,1
347,1559,1
347,398,1
347,319,1
347,1742,1
347,175,1
347,589,1
347,670,1
347,1603,1
347,1201,1
347,1669,1
347,731,1
347,397,1
347,608,1
347,342,1
347,717,1
347,1238,1
347,470,1
347,1044,1
347,1094,1
347,1171,1
347,1331,1
347,1615,1
347,1692,1
551,154,1
551,181,1
551,182,1
551,238,1
551,269,1
551,356,1
551,365,1
551,370,1
551,510,1
551,1542,1
551,758,1
551,1560,1
551,1360,1
551,630,1
551,818,1
551,1508,1
551,926,1
551,241,1
551,588,1
551,593,1
551,612,1
551,649,1
551,754,1
551,805,1
551,868,1
551,946,1
551,1015,1
551,1186,1
551,1426,1
551,1509,1
551,1510,1
551,1518,2
551,1567,2
551,1708,1
862,214,1
862,258,1
862,477,1
862,535,1
862,544,1
862,788,1
862,831,1
862,1290,1
862,1532,1
862,383,1
862,1478,1
862,624,1
862,994,1
862,1197,1
862,1354,1
862,1318,1
862,1697,1
862,1720,1
862,52,1
862,948,1
862,304,1
862,395,1
862,1304,1
862,568,1
862,997,1
862,201,1
862,603,1
862,1056,1
862,517,1
862,353,1
862,796,1
862,872,1
862,1095,1
1546,363,1
1546,855,1
1546,1357,1
1546,165,1
1546,917,1
1546,1515,1
1546,1123,1
1546,771,1
1546,795,1
1546,641,1
1546,526,1
1546,1256,1
1546,555,1
1546,1459,1
1546,463,1
1546,904,1
1546,1202,1
1546,563,1
1546,1125,1
1546,1283,1
1546,409,1
1546,34,1
1546,1093,1
1546,1681,1
1546,459,1
1546,1415,1
1546,1127,1
1546,811,1
1546,657,1
1546,1138,1
1546,1043,1
1546,673,1
1546,1261,1
1546,681,1
1546,282,1
1546,1126,1
1546,876,1
1546,744,1
1546,1530,1
1546,1268,1
1546,306,1
52,17,1
52,40,1
52,1259,1
52,1354,1
52,897,1
52,1065,1
52,1603,1
52,1159,1
52,861,1
52,947,1
52,746,1
52,499,1
52,1181,1
52,733,1
52,831,1
52,948,1
52,53,1
52,226,1
52,234,1
52,258,1
52,324,1
52,353,1
52,368,1
52,544,1
52,603,1
52,624,1
52,745,1
52,857,1
52,872,1
52,1095,1
225,53,1
225,201,1
225,214,1
225,1064,1
225,1259,1
225,948,2
225,845,1
225,1292,1
225,706,1
225,964,1
225,959,1
225,423,1
225,947,1
225,988,1
225,1159,1
225,1089,1
225,1603,1
225,941,2
225,1065,1
225,222,1
225,709,1
225,353,1
225,386,1
1089,11,1
1089,17,1
1089,80,1
1089,162,1
1089,164,1
1089,237,1
1089,258,1
1089,312,1
1089,386,1
1089,409,1
1089,478,1
1089,515,1
1089,619,1
1089,643,1
1089,659,1
1089,693,1
1089,709,1
1089,722,1
1089,875,1
1089,944,1
1089,973,1
1089,985,1
1089,986,1
1089,1040,1
1089,1064,1
1089,766,1
1089,1129,1
1089,1135,1
1089,1136,1
1089,1159,1
1089,1248,1
1089,1254,1
1089,1282,1
1089,1346,1
1089,1383,1
1089,1403,1
1089,1404,1
1089,1408,1
1089,1479,1
1089,1673,1
1516,104,1
1516,183,1
1516,238,1
1516,510,2
1516,593,1
1516,1024,1
1516,1233,1
1516,1361,1
1516,1367,1
1516,1498,1
1516,956,1
1516,1504,1
1516,1027,1
1516,577,1
1516,1025,1
1516,596,1
1516,630,1
1516,1708,1
1516,1137,1
1516,1465,1
1516,937,1
1516,957,1
1516,1015,1
1516,802,1
1516,1651,1
1671,63,1
1671,106,1
1671,226,1
1671,364,1
1671,368,1
1671,376,1
1671,386,1
1671,403,1
1671,532,1
1671,657,1
1671,712,1
1671,845,1
1671,954,1
1671,1414,1
1671,1660,1
1671,1699,1
1671,1684,1
1671,922,1
1671,926,1
1671,1687,1
1671,850,1
1671,1672,1
1671,1703,1
1671,948,1
1671,383,1
1559,31,1
1559,313,1
1559,319,1
1559,1094,1
1559,1171,1
1559,1373,1
1559,303,1
1559,470,1
1559,1615,1
1559,1245,1
1559,1563,1
1559,136,1
1559,1616,1
1559,1554,1
1559,1114,1
1559,1617,1
1559,1584,1
1559,119,1
1559,1581,1
1559,1631,1
1559,1169,1
1559,1438,1
1559,47,1
1559,1555,1
1559,1626,1
1559,1640,1
1559,1692,1
1603,17,1
1603,40,1
1603,46,1
1603,53,1
1603,208,1
1603,288,1
1603,340,1
1603,368,1
1603,386,1
1603,464,1
1603,497,1
1603,512,1
1603,598,1
1603,659,1
1603,669,1
1603,699,1
1603,745,1
1603,872,1
1603,947,1
1603,978,1
1603,1020,1
1603,1041,1
1603,1064,1
1603,1147,1
1603,1217,1
1603,1260,1
1603,1294,1
1603,1417,1
1603,1581,1
1603,1305,1
1603,1748,1
451,59,1
451,191,1
451,249,1
451,251,1
451,419,1
451,430,1
451,1261,1
451,426,1
451,1646,1
451,1681,1
451,387,1
451,714,1
451,811,1
451,674,1
451,1013,1
451,859,1
451,641,1
451,1608,1
451,1049,1
451,563,1
451,363,1
451,1254,1
451,238,1
451,79,1
451,637,1
451,1627,1
451,1571,1
451,418,1
451,306,1
451,1625,1
668,62,1
668,654,1
668,1112,1
668,1035,1
668,645,1
668,1196,1
668,1712,1
668,1540,2
668,1178,1
668,1569,1
668,1491,1
668,1225,1
668,1211,1
668,1210,1
668,1622,1
668,537,1
668,660,1
668,793,1
668,718,1
668,825,1
668,975,1
668,1364,1
668,571,1
668,1061,1
668,1113,1
668,1529,1
1212,142,1
1212,491,1
1212,1157,1
1212,1500,1
1212,1423,1
1212,1379,1
1212,1284,1
1212,1003,1
1212,995,1
1212,989,1
1212,938,1
1212,927,1
1212,1069,1
1212,279,1
1212,1170,1
1212,1545,1
1212,1333,1
1212,1557,1
1212,219,1
1212,1569,1
1212,1330,1
1212,1622,1
1212,1542,1
1212,1271,1
1212,736,1
1212,1476,1
1212,1562,1
1212,1490,1
1581,313,1
1581,319,1
1581,349,1
1581,468,1
1581,666,1
1581,1094,1
1581,1171,1
1581,1237,1
1581,1373,1
1581,1438,1
1581,1616,1
1581,1169,1
1581,1554,1
1581,1201,1
1581,1631,1
1581,1615,1
1581,1114,1
1581,1617,1
1581,1669,1
1581,1584,1
1581,398,1
1581,1245,1
1581,1608,1
1581,1555,1
1581,1692,1
630,57,1
630,75,1
630,76,1
630,203,2
630,238,1
630,356,2
630,385,1
630,510,2
630,547,1
630,588,1
630,593,1
630,1032,1
630,269,1
630,634,1
630,758,1
630,805,1
630,822,1
630,918,1
630,943,1
630,946,1
630,968,1
630,970,1
630,992,1
630,1024,1
630,1214,1
630,1367,1
630,1451,2
630,1508,1
630,1518,1
630,1560,1
630,1651,1
630,1664,1
1247,163,1
1247,224,1
1247,237,1
1247,312,1
1247,409,1
1247,478,1
1247,479,1
1247,619,1
1247,643,1
1247,673,1
1247,741,1
1247,766,1
1247,812,1
1247,966,1
1247,996,1
1247,1007,1
1247,1041,1
1247,1135,1
1247,1314,1
1247,693,1
1247,1621,1
1247,442,1
1247,1477,1
1247,1304,1
1247,306,1
1247,1254,1
1247,1261,1
1247,1293,1
1247,1346,1
1247,1383,1
1247,1403,1
1247,1408,1
1247,1512,1
1094,2,1
1094,175,1
1094,349,1
1094,1171,1
1094,1144,1
1094,1742,1
1094,1616,1
1094,1617,1
1094,113,1
1094,319,1
1094,119,1
1094,398,1
1094,1438,1
1094,1554,1
1094,1669,1
1094,1584,1
1094,1373,1
1094,1201,1
1094,1169,1
1094,1631,1
1094,1615,1
1094,1114,1
1094,313,1
1094,390,1
1094,490,1
1094,1751,1
1094,1331,1
1094,1237,1
1094,1332,1
1243,537,1
1243,560,1
1243,595,1
1243,1106,1
1243,1211,1
1243,1525,1
1243,1046,1
1243,1460,1
1243,543,1
1243,1202,1
1243,1250,1
1243,649,1
1243,243,1
1243,1034,1
1243,817,1
1243,1210,1
1243,1490,1
1243,1569,1
1243,1468,1
1243,1330,1
1243,438,1
1243,1622,1
1243,679,1
1243,1364,1
1243,1502,1
1243,1712,1
1563,142,1
1563,310,1
1563,378,1
1563,698,1
1563,837,1
1563,1157,1
1563,1168,1
1563,1245,1
1563,1266,1
1563,1271,1
1563,1284,1
1563,1423,1
1563,1439,1
1563,1480,1
1563,1482,1
1563,1500,1
1563,1541,1
1563,1553,1
1563,1727,1
1563,1476,1
1563,1749,1
872,435,1
872,234,1
872,324,1
872,947,1
872,741,1
872,897,1
872,857,1
872,1684,1
872,222,1
872,790,1
872,383,1
872,603,1
872,17,1
872,904,1
872,429,1
872,733,1
872,424,1
872,850,1
872,1408,1
872,747,1
872,490,1
872,1259,1
872,948,1
872,493,1
872,903,1
872,217,1
872,497,1
947,208,1
947,209,1
947,288,1
947,324,1
947,423,1
947,464,1
947,940,1
947,941,1
947,948,1
947,959,1
947,706,1
947,1181,1
947,978,1
947,746,1
947,1064,1
947,964,2
947,1065,1
1373,313,1
1373,319,1
1373,1171,1
1373,31,1
1373,438,1
1373,1616,1
1373,1617,1
1373,119,1
1373,398,1
1373,1438,1
1373,1554,1
1373,1669,1
1373,1584,1
1373,1201,1
1373,1169,1
1373,1631,1
1373,136,1
1373,2,1
1373,1751,1
1373,490,1
1373,470,1
1373,1615,1
1373,1640,1
1373,1692,1
203,57,1
203,1214,2
203,588,1
203,1451,1
203,1542,1
203,601,1
203,960,1
203,946,1
203,76,1
203,698,2
203,649,2
203,652,1
203,243,2
203,1446,1
203,696,1
203,579,1
203,1465,1
203,132,2
203,542,1
203,593,1
203,818,1
203,1361,1
203,1509,1
203,1708,1
490,181,1
490,373,1
490,408,1
490,641,1
490,522,1
490,657,1
490,659,1
490,707,1
490,1020,1
490,1088,1
490,1093,1
490,1204,1
490,1245,1
490,1315,1
490,1476,1
490,1594,1
490,1637,1
490,1655,1
490,1706,1
490,1749,1
643,11,1
643,163,1
643,415,1
643,478,1
643,515,1
643,1007,2
643,417,1
643,1135,1
643,1039,1
643,590,1
643,1293,1
643,230,1
643,673,1
643,459,1
643,414,1
643,1037,1
643,413,2
643,409,1
643,747,1
643,450,1
643,428,1
643,693,1
643,944,1
643,1136,1
643,1383,1
643,1408,1
643,1512,1
1065,17,1
1065,53,1
1065,97,1
1065,222,1
1065,232,1
1065,659,1
1065,741,1
1065,959,1
1065,964,1
1065,423,1
1065,706,1
1065,897,1
1065,601,1
1065,1684,1
1065,764,1
1065,1217,1
1065,1691,1
1169,308,1
1169,313,1
1169,319,1
1169,468,1
1169,741,1
1169,1044,1
1169,1669,1
1169,1617,1
1169,119,1
1169,1238,1
1169,5,1
1169,814,1
1169,701,1
1169,1640,1
1169,1470,1
1169,1541,1
1169,1284,1
1169,810,1
1169,1615,1
1169,1171,1
1169,1275,1
1169,1631,1
1169,1692,1
1703,301,1
1703,378,1
1703,657,1
1703,669,1
1703,676,2
1703,708,1
1703,753,2
1703,977,1
1703,989,1
1703,1003,1
1703,1030,1
1703,1157,1
1703,1284,1
1703,1346,1
1703,1423,1
1703,1480,1
1703,1541,1
1703,1553,1
1703,1076,1
1727,48,1
1727,377,1
1727,378,1
1727,510,1
1727,669,1
1727,753,2
1727,983,1
1727,989,1
1727,1168,1
1727,1476,1
1727,1480,1
1727,1535,1
1727,1553,1
1727,1562,1
1727,1661,2
1727,696,1
1727,1598,1
1727,790,2
164,4,2
164,22,1
164,45,1
164,157,1
164,162,1
164,730,1
164,500,1
164,1380,1
164,973,1
164,1685,1
164,716,1
164,258,1
164,1686,1
164,906,1
164,1720,1
164,997,1
164,236,1
164,1056,1
164,453,2
164,788,1
164,994,1
164,1134,1
164,1197,1
164,1412,1
164,1478,1
164,1715,1
672,570,1
672,1248,1
672,855,1
672,752,1
672,192,1
672,1127,1
672,774,1
672,681,1
672,917,1
672,876,1
672,354,1
672,1459,1
672,911,1
672,1012,1
672,239,1
672,1125,1
672,1515,1
672,1093,1
672,1268,1
672,1138,1
672,1256,1
672,692,1
672,165,1
672,614,1
672,229,1
672,589,1
672,787,1
672,725,1
672,494,1
672,1738,1
672,744,1
672,425,1
672,709,1
672,991,1
977,279,1
977,377,1
977,378,1
977,669,1
977,736,1
977,1598,1
977,1553,1
977,1541,1
977,1476,1
977,1480,1
977,1496,1
977,888,1
977,1076,1
977,995,1
977,1086,1
977,1284,1
977,1318,1
977,1561,1
1157,209,1
1157,279,1
1157,989,1
1157,1030,1
1157,1439,1
1157,1103,1
1157,1168,1
1157,1511,1
1157,1551,1
1157,1334,1
1157,1423,1
1157,1379,1
1157,1284,1
1157,938,1
1157,142,1
1157,1598,1
1157,696,1
1202,16,1
1202,176,1
1202,209,1
1202,302,1
1202,306,1
1202,364,1
1202,373,1
1202,537,1
1202,657,1
1202,666,1
1202,741,1
1202,747,1
1202,750,1
1202,766,1
1202,840,1
1202,1020,1
1202,1180,1
1202,1407,1
1202,1496,1
1202,1617,1
1202,1686,1
1202,1718,1
238,1214,1
238,635,1
238,243,1
238,811,1
238,612,1
238,306,1
238,563,1
238,542,1
238,61,1
238,1560,1
238,1451,1
238,588,1
238,1664,1
238,818,2
238,1032,1
238,758,1
238,812,1
238,966,1
238,1261,1
238,1509,1
238,1512,1
378,377,1
378,777,1
378,776,1
378,669,1
378,753,1
378,1551,1
378,363,1
378,142,1
378,995,1
378,1562,1
378,1069,1
378,412,1
378,646,1
378,1561,1
378,1598,2
378,1535,1
544,383,1
544,1290,1
544,535,1
544,1532,1
544,831,1
544,1478,1
544,624,1
544,994,1
544,258,1
544,1197,1
544,1720,1
544,1697,1
544,1354,1
544,948,2
544,304,1
544,353,1
544,568,1
544,997,1
544,1304,1
544,201,1
544,603,1
544,1056,1
544,517,1
544,897,1
544,477,1
544,796,1
1598,377,1
1598,669,1
1598,777,1
1598,1334,1
1598,1553,1
1598,1609,1
1637,147,1
1637,840,1
1637,1266,1
1637,1298,1
1637,1596,1
1637,1609,1
1637,1617,1
1637,1626,1
1637,1632,1
1637,1619,1
1637,980,1
1637,1618,1
1637,1656,1
1637,1620,1
1637,1654,1
1637,1638,1
1637,1597,1
1637,1594,1
1637,219,1
1637,1182,1
1637,427,1
1637,1315,1
1637,1232,1
319,308,1
319,313,1
319,397,1
319,1554,1
319,119,1
319,342,1
319,1617,1
319,1331,1
319,1631,1
319,1584,1
319,1438,1
319,533,1
319,1044,1
319,1171,1
319,1615,1
319,1692,1
747,11,1
747,149,1
747,162,1
747,166,1
747,180,1
747,231,1
747,237,1
747,409,1
747,478,1
747,515,1
747,667,1
747,744,1
747,1383,1
747,716,1
747,994,1
747,476,1
747,1720,1
747,866,1
747,1007,1
747,1136,1
747,1293,1
747,1328,1
747,1346,1
747,1381,1
747,1408,1
747,1412,1
1284,142,1
1284,279,1
1284,995,1
1284,1423,1
1284,1500,1
1284,1553,1
1284,1569,1
1284,1622,1
1284,1617,1
1284,811,1
1284,1076,2
1284,1476,1
1408,237,1
1408,428,1
1408,515,1
1408,618,1
1408,1254,1
1408,1346,1
1408,442,1
1408,450,1
1408,272,1
1408,312,1
1408,415,1
1408,1166,1
1408,766,1
1408,459,1
1408,80,1
1408,1621,1
1408,1686,1
1408,1293,1
1408,409,1
1408,590,1
1408,1127,1
1408,1412,1
1408,1433,1
1541,811,1
1541,1030,1
1541,1334,1
1541,1511,1
1541,1497,1
1541,987,1
1541,1079,1
1541,736,1
1541,971,1
53,54,1
53,1684,1
53,493,2
53,497,1
53,222,1
53,831,1
53,857,1
53,922,1
53,1292,1
53,696,1
53,859,1
53,926,1
53,850,1
53,1691,1
53,1181,1
258,6,1
258,773,1
258,485,1
258,994,1
258,500,1
258,1720,1
258,45,1
258,716,1
258,566,1
258,590,1
258,498,1
258,831,1
258,1281,1
258,535,1
258,788,1
258,906,1
258,1056,1
258,1197,1
258,1685,1
313,1571,1
313,274,1
313,1438,1
313,1631,1
313,398,1
313,1616,1
313,1554,1
313,1615,1
313,1114,1
313,1584,1
313,1617,1
313,1669,1
313,666,1
313,1171,1
313,1655,1
313,1692,1
741,46,1
741,214,1
741,288,1
741,464,1
741,497,1
741,512,1
741,478,1
741,450,1
741,1720,1
741,866,1
741,1684,1
741,746,1
741,745,1
741,1748,1
1211,571,1
1211,1046,1
1211,645,1
1211,1196,1
1211,1712,1
1211,1061,1
1211,1364,1
1211,1569,1
1211,1490,1
1211,1330,1
1211,595,1
1211,1622,1
1211,141,1
1211,718,1
1211,1460,1
1211,1491,1
1211,543,1
1211,654,1
1211,1175,1
1211,1036,1
1211,1493,1
1211,1540,1
1211,1468,1
1542,76,1
1542,182,1
1542,194,1
1542,243,1
1542,385,1
1542,392,1
1542,542,1
1542,583,1
1542,649,1
1542,818,1
1542,822,1
1542,874,1
1542,918,1
1542,980,1
1542,1024,1
1542,1233,1
1542,1331,1
1542,1509,1
1542,1617,1
1617,31,1
1617,666,1
1617,1044,1
1617,1171,1
1617,1461,1
1617,1615,1
1617,470,1
1617,303,1
1617,1692,1
1617,1275,1
1617,1608,1
1617,1594,1
1617,1622,1
1617,1569,1
1626,266,1
1626,989,1
1626,1210,1
1626,1490,1
1626,938,1
1626,1201,1
1626,980,1
1626,1656,1
1626,1620,1
1626,1655,1
1626,1619,1
1626,1618,1
1626,1599,1
1626,1594,1
1626,1654,1
1626,1182,1
1626,122,1
1626,909,1
1626,352,1
1626,373,1
1626,1250,1
1626,1638,1
1626,1718,1
669,226,1
669,377,1
669,983,1
669,1553,1
669,753,1
669,1480,1
669,1440,1
669,1076,2
669,777,1
669,1086,1
669,1561,1
693,11,1
693,38,1
693,163,2
693,237,1
693,409,1
693,414,1
693,442,1
693,1262,1
693,1403,1
693,728,1
693,474,1
693,1280,1
693,1037,1
693,413,1
693,415,1
693,944,1
693,280,1
693,248,1
693,283,1
693,1348,1
693,1314,1
693,1007,1
693,1136,1
693,1412,1
736,707,1
736,1476,1
736,1236,1
736,1553,1
736,1523,1
736,646,1
736,1168,1
736,1551,1
736,989,1
1271,122,1
1271,228,1
1271,448,1
1271,659,1
1271,812,2
1271,836,1
1271,891,1
1271,1151,1
1271,1266,1
1271,1573,1
1271,301,1
1271,1566,1
1271,1232,1
1271,684,1
1271,537,1
1271,1182,1
1271,1571,1
1271,1329,1
1271,1585,1
1271,1632,1
1293,11,1
1293,224,1
1293,237,1
1293,312,1
1293,456,1
1293,457,1
1293,478,1
1293,658,1
1293,721,1
1293,1101,1
1293,1254,1
1293,1259,1
1293,459,1
1293,409,1
1293,1348,1
1293,80,1
1293,256,1
1293,931,1
1293,450,1
1293,1280,1
1293,1403,1
1551,707,1
1551,708,1
1551,811,1
1551,1086,1
1551,1439,1
1551,1482,1
1551,1523,1
1551,1535,1
1551,1539,1
1551,1553,1
1640,79,1
1640,468,1
1640,533,1
1640,666,1
1640,1044,1
1640,1332,1
1640,1615,1
1640,303,1
1640,1554,1
1640,390,1
1640,1238,1
1640,1018,1
1640,1273,1
1640,136,1
1640,482,1
1640,1438,1
1640,5,1
1640,814,1
1640,717,1
386,17,1
386,63,1
386,232,1
386,353,1
386,857,1
386,988,1
386,1159,1
386,1319,1
386,1691,1
386,709,1
386,603,1
386,745,1
386,845,1
386,941,1
386,1064,1
386,1660,1
588,76,1
588,154,1
588,356,1
588,547,1
588,548,1
588,1032,1
588,1451,1
588,269,1
588,979,1
588,1446,1
588,1233,1
588,601,1
588,593,1
588,805,1
588,946,1
588,968,1
588,992,1
588,1024,1
588,1518,1
588,1560,1
588,1565,1
811,251,1
811,363,1
811,306,1
811,1168,1
811,1535,1
811,563,1
811,612,1
811,1439,1
811,812,1
811,966,1
811,1003,1
811,1079,1
811,1127,1
811,1261,1
811,1482,1
811,1509,1
811,1512,1
1015,286,1
1015,510,1
1015,593,1
1015,597,1
1015,943,1
1015,970,1
1015,992,1
1015,802,1
1015,1241,1
1015,1695,1
1015,609,1
1015,1045,1
1015,1186,1
1015,596,1
1015,1361,1
1015,1421,1
1015,1441,1
1015,1465,1
1171,113,1
1171,1438,1
1171,398,1
1171,1631,1
1171,1616,1
1171,1554,1
1171,1555,1
1171,1201,1
1171,119,1
1171,1114,1
1171,47,1
1171,1584,1
1171,1669,1
1171,1332,1
1171,1615,1
1171,1692,1
1553,279,1
1553,1183,1
1553,1476,1
1553,1076,1
1553,1480,1
1632,273,1
1632,1586,1
1632,236,1
1632,1030,1
1632,1622,1
1632,1749,1
1632,1307,1
1632,1286,1
1632,1656,1
1632,267,1
1632,274,1
1632,275,1
1632,1649,1
1632,1655,1
1632,1620,1
1632,1609,1
1632,980,1
1632,1594,1
1632,1333,1
1632,219,1
1632,122,1
1632,1315,1
1632,438,1
1632,1232,1
228,98,1
228,1232,1
228,1250,1
228,826,1
228,1656,1
228,1556,1
228,1316,1
228,1333,1
228,1301,1
228,1749,1
228,1307,1
228,1286,1
228,1557,1
228,1266,1
228,1263,1
228,1649,1
228,310,1
228,836,1
228,840,1
228,891,1
228,1264,1
228,1463,1
228,1594,1
243,76,1
243,182,1
243,634,1
243,960,1
243,596,1
243,698,1
243,649,1
243,408,1
243,988,1
243,1250,1
243,281,1
243,621,1
243,818,1
243,968,1
243,1560,1
243,1735,1
745,234,1
745,464,1
745,232,1
745,493,1
745,723,1
745,1305,1
745,497,1
745,288,1
745,850,1
745,922,1
745,746,1
745,733,1
745,236,1
745,25,1
745,17,1
745,1260,2
831,226,1
831,368,1
831,383,1
831,395,1
831,535,1
831,603,1
831,897,1
831,888,1
831,1354,1
831,861,1
831,857,1
831,1095,1
831,1159,1
831,1478,1
831,1487,1
1594,147,1
1594,266,1
1594,273,1
1594,448,1
1594,700,1
1594,840,1
1594,1264,1
1594,1266,1
1594,1286,1
1594,1250,1
1594,1638,1
1631,31,1
1631,308,1
1631,1273,1
1631,1461,1
1631,1584,1
1631,1615,1
1631,397,1
1631,342,1
1631,349,1
1631,1554,1
1631,1201,1
1631,1692,1
377,753,1
377,1511,1
377,1439,1
377,1030,1
377,987,1
377,646,1
377,777,1
377,1086,1
377,1523,1
409,38,1
409,163,1
409,306,1
409,478,1
409,153,1
409,450,1
409,404,1
409,1346,1
409,256,1
409,1127,1
409,1117,1
409,459,1
409,415,1
409,442,1
409,485,1
409,1512,1
818,75,2
818,621,1
818,1508,2
818,1023,2
818,1022,1
818,1359,2
818,1214,1
818,269,1
818,601,2
818,57,1
818,649,1
818,1509,1
818,1567,1
818,960,1
818,634,1
818,946,1
818,1361,1
1159,353,1
1159,512,1
1159,659,1
1159,1136,1
1159,563,1
1159,12,1
1159,964,2
1159,706,1
1159,1684,1
1159,857,1
1159,1413,1
1159,626,1
1159,1181,1
1159,226,1
1159,1660,1
1168,707,1
1168,971,1
1168,989,1
1168,1423,1
1168,1069,1
1168,1063,1
1168,1726,1
1168,1103,1
1250,209,1
1250,310,1
1250,373,1
1250,408,1
1250,448,1
1250,469,1
1250,537,1
1250,812,1
1250,840,1
1250,890,1
1250,891,1
1250,1012,1
1250,1245,1
1250,1269,1
1250,1329,1
1250,1481,1
1250,1585,1
1250,1596,1
1250,1656,1
1250,1749,1
1609,219,1
1609,469,1
1609,491,1
1609,688,1
1609,840,1
1609,1331,1
1609,1547,1
1609,1232,1
1609,438,1
1609,1330,1
1609,113,1
1609,1030,1
1609,909,1
1609,1182,1
1609,122,1
142,995,1
142,491,1
142,1562,1
142,1500,1
142,1423,1
142,1379,1
142,1069,1
142,1003,1
142,927,1
142,989,1
142,275,1
142,1327,1
142,1655,1
142,1330,1
142,951,1
142,1276,1
142,1591,1
209,1407,1
209,1012,1
209,1730,1
209,1728,1
209,1430,1
209,314,1
209,1206,1
209,326,1
209,276,1
209,294,1
209,1084,1
209,1080,1
209,289,1
209,1092,1
209,565,1
209,1180,1
209,1724,1
209,212,1
209,1042,1
209,1752,1
595,1490,1
595,1569,1
595,1468,1
595,1330,1
595,1622,1
595,438,1
595,1046,1
595,980,2
595,984,1
595,985,1
595,986,1
595,1364,1
595,1502,1
603,383,1
603,535,1
603,1684,1
603,857,1
603,1687,1
603,897,1
603,926,1
603,1417,1
603,948,1
603,63,1
603,27,1
603,350,1
603,201,1
649,76,1
649,181,2
649,537,1
649,652,1
649,754,1
649,1567,1
649,1560,1
649,1421,1
649,698,1
649,1496,1
649,601,1
649,960,1
649,946,1
649,659,1
948,214,1
948,324,1
948,328,1
948,383,1
948,453,1
948,502,1
948,535,2
948,730,1
948,733,1
948,740,1
948,902,1
948,941,1
948,964,1
948,1095,1
948,1239,1
948,1304,1
948,1478,1
1024,76,1
1024,160,1
1024,183,1
1024,821,1
1024,968,1
1024,1508,2
1024,593,1
1024,1032,1
1024,1451,2
1024,820,1
1024,937,1
1024,992,1
1024,956,1
1024,1367,1
1024,1241,1
1030,310,1
1030,1077,1
1030,438,1
1030,1245,1
1030,1439,1
1030,1749,1
1569,1036,1
1569,1364,1
1569,1468,1
1569,1502,1
1569,1540,1
1569,560,1
1569,1046,1
1569,571,1
1569,55,1
1569,975,1
1569,1419,1
1569,483,1
1569,1491,1
1584,666,1
1584,1044,1
1584,1273,1
1584,219,1
1584,2,1
1584,1669,1
1584,136,1
1584,1615,1
1584,1616,1
1584,1692,1
1615,533,1
1615,1044,1
1615,398,1
1615,1669,1
1615,1438,1
1615,1616,1
1615,1554,1
1615,470,1
1615,670,1
314,227,1
314,316,1
314,1042,1
314,221,1
314,212,1
314,318,1
314,1080,1
314,291,1
314,1611,1
314,289,1
314,1728,1
314,1430,1
314,1730,1
314,396,1
314,633,1
314,920,1
314,1183,1
314,1321,1
314,1464,1
314,1489,1
314,1722,1
707,584,1
707,971,1
707,1482,1
707,1539,1
707,1726,1
707,634,1
707,1439,1
707,1562,1
733,46,1
733,435,1
733,464,1
733,497,1
733,512,1
733,988,1
733,667,1
733,304,1
733,40,1
733,1748,1
733,424,1
733,1245,1
733,1749,1
758,365,1
758,370,1
758,754,1
758,1567,1
758,657,1
758,269,1
758,1560,1
758,946,1
758,281,1
758,1664,1
758,644,1
758,542,1
758,1496,1
758,1528,1
1423,1301,1
1423,1334,1
1423,1562,1
1423,1500,1
1423,1379,1
1423,1069,1
1423,1003,1
1423,995,1
1423,989,1
1423,491,1
1423,938,1
1423,927,1
1423,279,1
1423,1476,1
1491,77,1
1491,466,1
1491,645,1
1491,779,1
1491,1035,1
1491,1061,1
1491,1105,1
1491,1113,1
1491,1178,1
1491,1225,1
1491,1230,1
1491,1034,1
1491,1112,1
1491,543,1
1491,1493,1
1491,660,1
1491,1364,1
1491,1046,1
1491,195,1
1491,1540,1
1684,63,1
1684,232,1
1684,340,1
1684,368,1
1684,383,1
1684,435,1
1684,712,1
1684,857,1
1684,954,1
1684,1417,1
1684,1687,1
1685,162,1
1685,442,1
1685,788,1
1685,1381,1
1685,1412,1
1685,1686,1
1685,1281,1
1685,1328,1
1685,790,1
1685,629,1
1685,1380,1
1685,716,1
1685,996,1
1685,74,1
1685,415,1
1685,1720,1
1685,642,1
1685,1696,1
63,926,1
63,1699,1
63,978,1
63,1276,1
63,1690,1
63,922,1
63,850,1
63,1687,1
63,1691,1
63,857,1
63,988,1
63,941,1
63,940,1
63,1353,1
201,534,1
201,488,1
201,1532,1
201,1698,1
201,1697,1
201,477,1
201,214,1
201,383,1
201,535,1
201,894,1
201,1226,1
201,1270,1
201,1368,1
201,1467,1
201,1630,1
214,477,1
214,488,1
214,512,1
214,464,1
214,1467,1
214,796,1
214,1270,1
214,922,1
214,746,1
214,535,1
214,1095,1
310,147,1
310,682,1
310,1622,1
310,1591,1
310,995,1
310,1562,1
310,1298,1
310,1331,1
563,306,1
563,363,1
563,415,1
563,453,1
563,1127,1
563,459,2
563,673,1
563,812,2
563,855,1
563,966,1
563,1261,1
563,1415,1
563,1512,1
1261,249,1
1261,251,1
1261,426,1
1261,674,1
1261,1013,1
1261,1049,1
1261,306,1
1261,430,1
1261,191,1
1261,415,1
1261,418,1
1261,673,1
1261,1681,1
1261,419,1
1261,387,1
1261,714,1
1439,995,1
1439,1069,1
1439,1511,1
1439,1497,1
1451,57,1
1451,61,1
1451,76,1
1451,154,2
1451,547,1
1451,918,1
1451,939,1
1451,968,1
1451,970,1
1451,1032,2
1451,1063,1
1451,1214,1
1451,1651,1
1622,1364,1
1622,1468,1
1622,1502,1
1622,1582,1
1622,543,1
1622,1113,1
1622,1034,1
1622,571,1
1622,1564,1
1622,1035,1
415,163,1
415,248,1
415,413,1
415,1628,1
415,412,1
415,735,1
415,476,1
415,478,1
415,944,1
415,1348,1
415,1412,1
415,1512,1
415,1538,1
497,11,1
497,217,1
497,324,1
497,464,1
497,746,1
497,1260,1
537,522,1
537,657,1
537,659,1
537,666,1
537,750,1
537,891,1
537,1088,1
537,1315,1
537,1327,1
1368,277,1
1368,423,1
1368,755,1
1368,252,1
1368,1698,1
1368,978,1
1368,940,1
1368,1466,1
1368,1629,1
1368,838,1
1368,697,1
1368,217,1
1368,1715,1
1509,1233,1
1509,1343,1
1509,281,1
1509,698,1
1509,1214,1
1509,550,1
1509,61,1
1509,1543,1
1509,269,1
1509,1508,1
1509,612,1
1509,621,1
1509,583,1
1509,1518,1
1540,466,1
1540,645,1
1540,985,1
1540,986,1
1540,1210,1
1540,1468,2
1540,984,1
1540,55,1
1540,1364,1
1540,589,1
1540,1493,2
1540,1178,1
1540,1061,1
1540,1035,1
1540,62,1
1540,1490,1
1540,1330,1
1540,1712,2
183,104,1
183,1343,1
183,1486,1
183,1026,1
183,1224,1
183,1025,1
183,1708,1
183,1504,1
183,1465,1
183,1045,1
183,937,1
183,365,1
183,510,1
183,1233,1
237,236,1
237,1309,1
237,1134,1
237,234,1
237,866,1
237,1056,1
237,1720,1
237,568,1
237,1166,1
659,1020,1
659,1691,1
659,1166,1
659,1571,1
659,1655,1
659,1431,1
659,236,1
659,859,1
659,1309,1
659,709,1
659,1421,1
659,884,1
1032,57,1
1032,154,1
1032,356,1
1032,547,1
1032,653,1
1032,805,1
1032,968,2
1032,970,1
1032,992,1
1032,1367,1
1032,1518,1
1032,1560,1
1035,645,1
1035,654,1
1035,779,2
1035,825,1
1035,950,1
1035,1061,1
1035,974,1
1035,1178,1
1035,1046,1
1035,1176,1
1035,1210,1
1035,1230,1
1035,1460,1
1035,1468,1
1035,1490,1
1035,1712,2
1095,624,1
1095,788,1
1095,1354,2
1095,1487,1
1095,477,1
1095,1720,1
1095,499,1
1095,1197,1
1095,796,2
1095,485,1
1095,568,1
1095,1304,1
1095,997,1
1095,773,1
1095,535,1
1095,353,1
1095,1478,1
1186,597,1
1186,609,1
1186,970,1
1186,1465,1
1186,579,1
1186,1678,1
1186,1675,1
1186,1441,1
1186,1045,1
1186,992,1
1186,969,1
1186,943,1
1186,802,1
1186,1256,1
1214,385,1
1214,821,1
1214,132,2
1214,1359,2
1214,652,1
1214,612,2
1214,1508,1
1214,114,1
1214,601,1
1214,1216,1
1232,18,1
1232,122,1
1232,215,1
1232,267,1
1232,373,1
1232,891,1
1232,1245,1
1232,1263,1
1232,1285,1
1232,1315,1
1232,1327,1
1232,1481,1
1232,1556,1
1232,1585,1
1232,1596,1
1232,1655,1
1232,1749,1
1554,85,1
1554,136,1
1554,349,1
1554,468,1
1554,533,1
1554,666,1
1554,772,1
1554,1332,1
1554,1430,1
1554,1489,1
1554,1636,1
1554,1692,1
1655,42,1
1655,273,1
1655,1596,1
1655,1638,1
1655,1315,1
1655,275,1
1655,274,1
1655,267,1
1655,925,1
1655,614,1
383,534,1
383,1532,1
383,857,1
383,1713,1
383,1691,1
383,353,1
383,897,1
383,1318,1
383,535,1
533,79,1
533,1275,1
533,1442,1
533,877,1
533,342,1
533,520,1
533,912,1
533,364,1
533,308,1
533,657,1
533,1751,1
533,896,1
533,1332,1
535,1290,1
535,517,1
535,353,1
535,997,1
535,1354,1
535,1056,1
535,796,2
535,477,1
535,1478,1
593,104,1
593,1361,1
593,955,1
593,716,1
593,1367,1
593,617,1
593,968,1
609,597,1
609,1025,1
609,956,1
609,247,1
609,943,1
609,1465,1
609,1678,1
609,1675,1
609,1441,1
609,1241,1
609,1145,1
609,1045,1
609,969,1
609,802,1
609,992,1
609,1256,1
609,1361,1
634,95,1
634,510,1
634,542,1
634,548,1
634,1027,1
634,584,1
634,1233,1
634,1446,1
634,1137,1
634,1528,1
634,1543,1
634,960,1
634,992,1
634,943,1
634,1518,1
634,1664,1
746,46,1
746,208,1
746,288,1
746,423,1
746,464,1
746,512,1
746,978,1
746,1478,1
746,1585,1
746,1748,1
845,174,1
845,222,1
845,1691,1
845,922,1
845,857,1
845,850,1
845,226,1
845,1514,1
845,709,1
845,1714,1
891,836,1
891,867,1
891,135,1
891,122,1
891,832,1
891,1556,1
891,829,1
891,1044,1
891,1557,1
891,980,1
891,1286,1
891,1285,1
891,1481,1
891,1585,1
971,989,1
971,1482,1
985,141,2
985,327,1
985,950,1
985,543,1
985,1061,1
985,986,1
985,1468,1
985,984,1
985,1113,1
985,1176,1
985,1493,1
985,1210,1
985,1046,1
985,446,2
985,951,1
985,815,1
1044,470,1
1044,670,1
1044,308,1
1044,1331,1
1044,1438,1
1044,1669,1
1044,335,1
1044,1332,1
1046,400,1
1046,560,1
1046,950,1
1046,986,1
1046,1105,1
1046,1525,1
1046,974,1
1046,446,1
1046,1274,1
1046,1176,1
1046,1490,1
1102,393,1
1102,508,1
1102,678,1
1102,834,1
1102,1088,1
1102,1734,1
1102,1425,1
1102,1579,1
1102,935,1
1102,589,1
1102,1707,1
1102,842,1
1102,1448,1
1102,1325,1
1102,444,1
1102,1471,1
1102,1472,1
1102,1474,1
1102,1624,1
1364,560,1
1364,1105,1
1364,1330,1
1364,1460,1
1364,1175,1
1364,1113,1
1364,1034,1
1749,301,1
1749,1245,1
1749,1481,1
1749,1596,1
1749,1571,1
1749,1276,1
1749,1562,1
1749,135,1
1749,1748,1
1749,271,1
1749,122,1
9,792,1
9,1081,1
9,565,1
9,1084,1
9,1082,1
9,1092,1
9,1080,1
9,713,1
9,1730,1
9,1430,1
9,215,1
9,503,1
9,438,1
9,1321,1
9,291,1
9,556,1
9,1048,1
9,411,1
9,1611,1
9,294,1
122,18,1
122,123,1
122,124,1
122,854,1
122,890,1
122,980,1
122,1245,1
122,1269,1
122,1431,1
122,1638,1
122,1654,1
122,1717,1
122,1719,1
269,57,1
269,547,1
269,1560,1
269,356,1
269,621,1
269,805,1
269,946,1
269,968,1
269,1367,1
269,1518,1
303,119,1
303,1461,1
303,666,1
303,1075,1
303,1429,1
303,1144,1
303,79,1
303,1739,1
303,397,1
303,518,1
303,545,1
303,1088,1
303,1273,1
303,1331,1
303,1332,1
324,217,1
324,739,1
324,288,1
324,226,1
324,517,1
324,232,1
324,589,1
324,424,1
324,429,1
324,295,1
324,435,1
438,77,1
438,1240,1
438,560,1
438,482,1
438,697,1
438,909,1
438,1105,1
438,1183,1
438,1238,1
438,1273,1
438,1466,1
456,11,1
456,312,1
456,128,1
456,695,1
456,1101,1
456,450,1
456,457,1
456,1348,1
456,673,1
456,224,1
456,619,1
456,1254,1
456,1403,1
478,163,1
478,459,1
478,450,1
478,1037,1
478,568,1
478,38,1
478,1383,1
478,224,1
478,1008,1
478,673,1
478,667,1
478,944,1
857,353,1
857,1691,1
857,1181,1
857,1660,1
857,1414,1
941,512,2
941,922,1
941,723,1
941,1292,1
941,706,1
941,964,1
941,959,1
941,222,1
941,423,1
941,288,1
941,988,1
941,940,1
978,277,1
978,650,1
978,940,1
978,1690,1
978,1715,1
1127,101,1
1127,855,1
1127,1126,1
1127,1184,1
1127,744,1
1127,1673,1
1127,1093,1
1127,363,1
1127,612,1
1127,1530,1
1127,1268,1
1127,1415,1
1245,1571,1
1245,1276,1
1245,1562,1
1245,1481,1
1245,271,1
1245,1266,1
1512,146,1
1512,1681,1
1512,1008,1
1512,812,1
1512,1268,1
1512,674,1
1512,418,1
1512,249,1
1512,191,1
1512,387,1
1512,714,1
1512,251,1
1512,306,1
1512,1705,1
1512,1207,1
1692,1438,1
1692,1616,1
1692,1331,1
1692,119,1
1692,1669,1
1692,398,1
1692,397,1
1692,1201,1
76,577,1
76,652,1
76,1508,1
76,160,1
76,1027,1
76,601,1
76,657,1
76,1063,1
76,78,1
76,698,1
163,1037,1
163,1280,1
163,416,1
163,1403,1
163,1262,1
163,417,1
163,722,1
163,568,1
163,256,1
163,459,2
163,1477,1
163,1118,1
163,673,1
163,148,1
163,312,1
353,33,1
353,926,1
510,597,1
510,1426,1
510,802,1
510,1361,1
597,993,1
597,1695,1
597,1241,1
597,969,1
597,802,1
597,1675,1
597,1441,1
597,247,1
597,1678,1
597,1465,1
597,1045,1
597,943,1
597,992,1
964,109,1
964,959,1
964,706,1
964,931,1
964,748,2
964,423,1
964,208,1
1346,149,1
1346,618,1
1346,1328,1
1346,428,1
1346,450,1
1346,162,1
1346,1381,1
1346,1056,1
1346,442,1
1346,272,1
1346,1628,1
1346,1412,1
1480,676,1
1480,698,1
1480,1476,1
1480,1535,1
1560,57,1
1560,182,1
1560,365,1
1560,370,1
1560,621,1
1560,698,1
1560,946,1
1560,1567,1
1560,1664,1
1560,547,1
1579,381,1
1579,393,1
1579,585,1
1579,749,1
1579,833,1
1579,834,1
1579,1088,1
1579,1111,1
1579,1317,1
1579,1474,1
1579,1303,1
1579,287,1
1579,594,1
1579,1070,1
1579,1300,1
1579,1054,1
1579,883,1
1660,226,1
1660,232,1
1660,288,1
1660,368,1
1660,1260,1
1660,861,1
1660,888,1
1660,922,1
1660,926,1
368,351,1
368,888,1
368,204,1
368,1687,1
368,226,1
464,1690,1
464,512,1
657,79,1
657,302,1
657,364,1
657,709,1
657,1166,1
657,666,1
657,1686,1
657,1687,1
950,654,1
950,1175,1
950,1178,1
950,870,1
950,1712,1
950,925,1
950,645,1
950,869,1
950,984,1
950,1112,1
950,1034,1
950,141,1
950,571,1
950,543,1
950,380,1
968,57,1
968,1508,1
968,1367,1
968,1023,2
968,1022,1
968,1651,1
968,1361,1
968,1289,1
968,96,1
1256,1253,1
1256,1066,1
1256,1199,1
1256,802,1
1256,1241,1
1256,943,1
1256,1675,1
1256,1678,1
1256,992,1
1256,1441,1
1256,1045,1
1256,969,1
1256,1145,1
1256,795,1
1256,239,1
1256,1123,1
1259,40,1
1259,931,1
1259,1304,1
1259,256,1
1259,1319,1
1259,1478,1
1468,77,2
1468,400,1
1468,986,1
1468,1106,1
1468,1210,1
1468,817,1
1468,1490,1
1468,1330,1
1468,1034,1
1476,279,1
1476,646,1
1720,11,1
1720,45,1
1720,404,1
1720,485,1
1720,790,1
1720,994,1
1720,1197,1
1720,1696,1
11,721,1
11,996,1
11,485,1
11,256,1
11,80,1
11,1314,1
11,428,1
11,442,1
11,450,1
11,673,1
40,931,1
40,568,1
40,1354,1
40,598,1
40,222,1
40,667,1
40,1304,1
40,1292,1
40,1319,1
208,988,1
208,423,1
279,1069,1
279,1003,1
279,1661,1
279,1422,1
435,213,1
435,424,1
435,429,1
512,1690,1
560,482,1
560,1502,1
560,1113,1
560,1034,1
560,1493,1
560,654,1
666,446,1
666,1461,1
666,397,1
666,896,1
790,340,1
790,1411,1
790,903,2
790,709,1
790,897,1
790,1304,1
790,568,1
790,1319,1
790,1412,1
825,189,1
825,466,1
825,718,1
825,1663,1
825,972,1
825,975,1
825,1112,1
825,1034,1
825,543,1
825,1657,1
825,793,1
825,1493,1
825,571,1
825,1175,1
825,1460,1
825,675,1
917,1093,1
917,1283,1
917,1012,1
917,875,1
917,211,1
917,709,1
917,916,1
922,288,1
922,650,1
922,861,1
922,954,1
926,106,1
926,610,1
926,1505,1
926,1687,1
926,1699,1
986,543,1
986,1061,1
986,1176,1
986,1493,1
986,1210,1
986,446,2
986,984,1
986,1113,1
986,951,2
986,815,1
989,980,1
989,983,1
989,1076,1
1061,645,1
1061,654,1
1061,663,1
1061,1055,1
1061,925,1
1061,1178,1
1061,1663,1
1061,1712,1
1197,217,1
1197,485,1
1197,788,1
1197,906,1
1197,994,1
1197,500,1
1197,1696,1
1197,716,1
1197,773,1
1197,629,1
1197,1404,1
1239,545,1
1239,663,1
1239,806,1
1239,1019,1
1239,1242,1
1239,1208,1
1239,1731,1
1239,1246,1
1239,1320,1
1239,1533,1
1239,1705,1
1330,67,1
1330,869,1
1330,995,1
1330,1208,1
1330,984,1
1330,571,1
1354,485,1
1354,499,1
1354,624,1
1354,1487,1
1367,104,1
1367,356,1
1367,1361,1
1367,1651,1
1412,728,1
1412,1686,1
1412,363,1
1412,1380,1
1412,843,1
1430,227,1
1430,1082,1
1430,1240,1
1430,1321,1
1430,1728,1
1430,1730,1
1430,1489,1
1430,1042,1
1430,215,1
1430,565,1
1430,1722,1
1430,1724,1
1562,918,1
1562,1550,1
1562,1422,1
1562,1482,1
1638,688,1
1638,1327,1
1638,1620,1
1638,1619,1
1638,1654,1
1638,1656,1
1638,1618,1
1638,980,1
1638,909,1
1638,1639,1
222,1292,1
222,897,1
222,1217,1
222,667,1
222,959,1
288,888,1
288,676,2
288,959,1
288,988,1
485,6,1
485,45,1
485,307,1
485,404,1
485,1665,1
485,69,1
485,1696,1
485,716,1
485,1056,1
547,356,1
547,1233,1
547,1446,1
547,635,1
547,1527,1
753,646,1
753,777,1
753,1086,1
753,1523,1
753,1561,1
946,365,1
946,698,1
946,578,1
946,621,1
946,1496,1
946,1508,1
959,706,1
959,1217,1
959,423,1
959,1020,1
988,103,1
988,482,1
988,940,1
988,1012,1
1082,1453,1
1082,580,1
1082,218,1
1082,920,1
1082,221,1
1082,294,1
1082,255,1
1082,411,1
1082,1730,1
1082,1085,1
1082,565,1
1082,1084,1
1082,1080,1
1082,289,1
1082,1092,1
1082,215,1
1233,621,1
1233,804,1
1233,805,1
1233,822,1
1233,583,1
1233,1518,1
1304,306,1
1304,568,1
1304,1411,1
1304,570,1
1361,1426,1
1361,617,1
1361,286,1
1361,1145,1
1361,1241,1
1500,1571,1
1500,1327,1
1500,219,1
1500,1276,1
1500,927,1
1500,1379,1
1591,442,1
1591,598,1
1591,1039,1
1591,1040,1
1591,866,1
1591,996,1
1730,110,1
1730,227,1
1730,407,1
1730,1180,1
1730,1240,1
1730,1321,1
1730,1489,1
1730,1722,1
1730,1724,1
79,16,1
79,1442,1
79,1751,1
79,1275,1
79,1312,1
79,1193,1
79,390,1
79,364,1
79,877,1
154,61,1
154,95,2
154,635,1
154,155,1
154,190,1
154,1508,1
154,601,1
162,149,1
162,1381,1
162,996,1
162,450,1
162,24,1
162,1281,1
162,618,1
162,1314,1
162,1328,1
226,888,1
226,1260,1
226,861,1
226,232,1
226,493,1
226,676,1
256,248,1
256,414,1
256,673,1
256,680,1
256,722,1
256,843,1
256,875,1
256,1008,1
256,1040,1
256,1101,1
256,1135,1
256,1348,1
308,330,1
308,814,1
308,1438,1
308,1331,1
308,1669,1
308,764,1
308,408,1
308,873,1
308,1535,1
477,6,1
477,534,1
477,1270,1
477,1532,1
477,488,1
477,773,1
477,788,1
477,1467,1
568,1411,1
568,570,1
568,624,1
568,721,1
788,1270,1
788,304,1
788,1532,1
788,500,1
788,1281,1
788,1290,1
788,1318,1
788,45,1
788,994,1
888,351,1
888,610,1
888,676,1
888,861,1
888,1260,1
888,1318,1
888,1691,1
980,686,1
980,1307,2
980,1606,1
996,904,1
996,1665,1
996,1041,1
996,1056,1
996,1134,1
996,1254,1
996,1347,1
1056,994,1
1056,1665,1
1056,496,1
1056,236,1
1056,1358,1
1266,219,1
1266,1619,1
1266,1618,1
1266,1301,1
1266,1286,1
1266,18,1
1266,1608,1
1266,1298,1
1417,676,1
1417,908,1
1417,954,1
1465,385,1
1465,601,1
1465,1045,1
1465,1678,1
1465,943,1
1465,992,1
1508,385,1
1508,621,1
1511,1497,1
1511,1422,1
1691,709,1
1712,645,1
1712,654,1
1712,1196,1
1712,555,2
1712,641,1
601,385,1
601,957,1
601,1241,2
635,61,1
635,95,1
635,155,1
635,190,1
635,385,1
635,952,1
635,1664,1
635,754,1
650,1713,1
650,651,1
650,648,1
650,439,1
650,723,1
650,850,1
650,532,1
650,1687,1
673,312,1
673,248,1
673,1254,1
673,1348,1
673,1403,1
673,1477,1
686,373,1
686,1337,1
686,1307,1
686,274,1
686,1639,1
686,687,1
686,685,1
686,682,1
686,684,1
686,691,1
686,1606,1
850,106,1
850,476,1
850,522,1
850,712,1
850,1374,1
944,413,2
944,280,1
944,248,1
944,1280,1
944,416,1
944,1403,1
944,722,1
944,1262,1
944,414,1
944,417,1
944,1348,1
1020,422,1
1020,1013,1
1020,1049,1
1020,1647,1
1020,1608,1
1020,1586,1
1020,1646,1
1020,1573,1
1020,1627,1
1020,1571,1
1020,1625,1
1020,859,1
1040,1039,1
1040,598,1
1040,1383,1
1040,461,1
1040,1166,1
1040,1132,1
1040,1130,1
1040,1136,1
1040,1135,1
1040,1073,1
1040,1131,1
1328,149,1
1328,166,1
1328,180,1
1328,1134,1
1328,413,1
1328,1621,1
1328,1381,1
1332,1273,1
1332,1075,1
1332,47,1
1332,877,1
1332,912,1
1332,338,1
1332,397,1
1460,77,1
1460,1105,1
1460,298,1
1460,1502,1
1460,1494,1
1460,1493,1
57,754,1
306,966,1
306,1415,1
709,401,1
709,404,1
709,1136,1
709,1431,1
773,6,1
773,45,1
773,404,1
773,498,1
773,1101,1
773,1281,1
773,1347,1
773,1467,1
840,1620,1
840,1618,1
840,890,1
840,1654,1
840,275,1
855,80,1
855,1012,1
855,1207,1
855,1043,1
855,973,1
855,211,1
855,1268,1
995,491,1
995,1276,1
1210,571,1
1210,1502,1
1273,136,1
1273,1238,1
1273,8,1
1273,1201,1
1273,1311,1
1331,85,1
1331,470,1
1331,1618,1
1438,1237,1
1466,217,1
1466,277,1
1466,440,1
1466,576,1
1466,1629,1
1466,632,1
1466,252,1
1466,755,1
1466,838,1
1497,1550,1
1497,1422,1
1523,1539,1
1523,646,1
1523,1482,1
1690,1699,1
61,95,2
61,155,1
61,190,1
61,1664,1
97,66,1
97,68,1
97,174,1
97,176,1
97,109,1
97,105,1
97,99,1
190,95,1
190,155,1
190,1426,1
190,822,1
217,739,1
217,838,1
217,440,1
217,1698,1
217,252,1
217,277,1
273,266,1
273,267,1
273,275,1
273,1649,1
273,274,1
450,457,1
450,721,1
450,1101,1
450,1135,1
646,412,1
646,1539,1
654,660,1
654,1112,1
654,62,1
654,1034,1
654,1657,1
654,1175,1
654,1552,1
931,1292,1
931,667,1
931,1041,1
931,1319,1
943,802,1
943,1241,2
943,1289,1
1034,466,1
1034,1055,1
1034,1230,1
1034,1492,1
1034,1502,1
1045,286,1
1045,1441,1
1045,1289,1
1105,571,1
1105,1112,1
1113,325,1
1113,400,1
1113,1225,1
1113,1230,1
1113,1490,1
1183,298,1
1183,1321,1
1183,326,1
1183,276,1
1183,1240,1
1183,503,1
1183,291,1
1183,255,1
1183,1611,1
1183,1610,1
1183,1048,1
1334,918,1
1334,1301,1
1334,1286,1
1334,1550,1
1334,927,1
1490,400,1
1490,1529,1
1502,77,1
1571,194,1
1571,430,1
1571,1013,1
1687,532,1
1687,739,1
1687,1428,1
1687,1714,1
1748,373,1
1748,522,1
17,1181,1
17,232,1
95,155,1
95,1543,1
95,1667,1
104,1025,1
104,957,1
104,970,1
104,1504,1
104,1027,1
176,66,1
176,68,1
176,105,1
176,109,1
176,174,1
176,71,1
232,369,1
232,1276,1
321,302,1
321,1659,1
321,1209,1
321,358,1
321,1185,1
321,1483,1
321,300,1
321,735,1
321,369,1
321,339,1
522,1505,1
522,357,1
522,1706,1
522,641,1
522,1483,1
522,656,1
543,141,1
543,972,1
543,1230,1
543,1663,1
583,956,1
583,965,1
583,804,1
583,874,1
583,918,1
583,1004,1
583,1343,1
621,281,1
621,641,1
621,244,1
621,804,1
806,587,1
806,1731,1
806,1320,1
806,1246,1
806,757,1
806,1019,1
806,1242,1
1381,24,1
1381,157,1
1381,264,1
1381,632,1
1403,1136,1
1403,459,1
1478,730,1
1478,1697,1
1482,1539,1
1616,2,1
1616,1647,1
1618,103,1
1618,219,1
1618,1329,1
62,1286,1
62,660,1
109,66,1
109,99,1
109,105,1
109,68,1
109,626,1
219,1585,1
219,1298,1
219,1718,1
356,1426,1
373,372,1
373,1269,1
373,1079,1
373,1620,1
373,829,1
373,684,1
598,264,1
598,1041,1
598,1305,1
645,1529,1
645,1196,1
645,1178,1
918,182,1
918,1003,1
918,801,1
918,1496,1
918,250,1
970,1241,1
1079,1407,1
1136,1686,1
1178,869,1
1178,975,1
1178,1196,1
1254,312,1
1254,766,1
1254,224,1
1254,554,1
1301,581,1
1301,687,1
1301,1298,1
1301,886,1
1301,1170,1
1307,1639,1
1307,687,1
1307,682,1
1307,274,2
1307,1606,1
1319,1041,1
1348,716,1
1348,1314,1
1383,224,1
1383,231,1
1383,515,1
1383,618,1
1493,77,2
1493,466,1
1518,653,1
1518,1343,1
1567,365,2
1567,370,1
1567,754,2
1619,581,1
1619,687,1
1619,1298,1
1619,1329,1
1619,1375,1
1620,147,1
1620,405,1
1620,581,1
1620,966,1
1621,82,1
1621,149,1
1621,166,1
1621,180,1
1621,1624,1
141,137,1
141,984,2
141,925,1
141,1531,1
141,571,2
236,307,1
236,1665,1
236,428,1
257,332,1
257,389,1
257,218,1
257,580,1
257,1611,1
257,1610,1
257,1240,1
257,255,1
257,1206,1
257,294,1
257,1092,1
257,289,1
408,146,1
408,1012,1
408,482,1
408,1474,1
442,428,1
442,619,1
442,721,1
571,779,2
571,869,1
739,740,1
954,1004,1
984,466,1
984,1529,1
1246,587,1
1246,757,1
1246,1320,1
1246,1731,1
1246,697,1
1260,340,1
1321,1240,1
1321,1611,1
1321,227,1
1321,389,1
1321,565,1
1321,1322,1
1489,291,1
1539,708,1
1654,683,1
1654,1646,1
1654,890,1
149,180,1
149,413,1
149,166,1
275,19,1
275,581,1
312,554,1
312,766,1
349,397,1
349,342,1
349,614,1
349,717,1
385,596,1
385,1504,1
397,518,1
468,85,1
468,877,1
468,47,1
468,1311,1
589,822,1
589,1208,1
624,499,1
624,716,1
691,405,1
691,427,1
691,1432,1
691,829,1
691,682,1
691,687,1
691,1639,1
691,966,1
691,1285,1
754,365,1
754,370,1
754,644,1
754,1664,1
821,542,1
821,960,1
821,1025,1
869,870,1
869,1529,1
869,925,1
890,360,1
890,1263,1
890,684,1
890,685,1
890,1556,1
909,266,1
909,301,1
909,663,1
909,1182,1
909,1264,1
925,189,1
925,870,1
925,1072,1
925,1531,1
960,542,1
960,1343,1
1012,211,1
1041,1314,1
1080,792,1
1080,1048,1
1080,565,1
1080,1084,1
1080,1092,1
1080,1453,1
1101,457,1
1101,566,1
1270,1467,1
1270,1697,1
1270,1358,1
1276,491,1
1426,972,1
1426,652,1
1474,1448,1
1474,1370,1
1474,1070,1
1474,585,1
1474,1300,1
1474,1054,1
1474,732,1
1474,678,1
1496,1528,1
1496,1664,1
1596,152,1
1596,1556,1
1596,511,1
1596,266,1
1608,147,1
1608,530,1
1608,1049,1
1611,218,1
1611,289,1
1611,291,1
1611,564,1
1611,1453,1
1611,1610,1
1731,587,1
1731,1208,1
1731,1320,1
1731,1242,1
1731,757,1
68,174,1
68,105,1
68,99,1
99,66,1
99,71,1
99,626,1
189,636,1
189,39,1
189,1657,1
189,1225,1
189,343,1
189,793,1
189,60,1
189,188,1
286,1441,1
381,1495,1
381,863,1
381,1522,1
381,452,1
381,458,1
381,1370,1
381,628,1
381,1323,1
381,1087,1
393,585,1
393,287,1
393,1070,1
393,883,1
393,1624,1
393,732,1
393,767,1
398,1237,1
470,536,1
491,1333,1
491,1555,1
515,721,1
542,579,1
755,1698,1
755,252,1
755,838,1
757,587,1
757,697,1
757,1320,1
757,1208,1
757,1242,1
805,937,1
805,612,1
836,826,1
836,1333,1
861,184,1
920,218,1
920,292,1
920,1593,1
920,580,1
920,1240,1
920,1725,1
927,1267,1
966,427,1
966,1308,1
983,1661,1
1007,74,1
1007,1532,1
1007,1006,2
1007,6,1
1049,387,1
1049,1586,1
1049,1625,1
1049,1627,1
1049,1647,1
1069,938,1
1182,271,1
1182,301,1
1182,427,1
1182,1547,1
1182,1556,1
1237,1311,1
1240,713,1
1240,792,1
1240,1042,1
1292,1217,1
1314,166,1
1315,632,1
1315,301,1
1315,1585,1
1320,587,1
1320,697,1
1329,448,1
1329,1333,1
1329,445,1
1343,965,1
1535,1561,1
1585,581,1
1663,58,1
1663,466,1
1663,675,1
1663,718,1
1663,972,1
31,55,1
31,1114,1
182,181,1
182,953,1
182,652,1
182,1519,1
218,289,1
218,294,1
218,396,1
218,1453,1
248,1002,1
248,413,1
251,1013,1
251,426,1
294,564,1
294,1048,1
294,1453,1
358,207,1
358,1483,1
358,376,1
358,371,1
358,735,1
358,339,1
358,300,1
364,16,1
365,874,2
396,65,1
396,215,1
396,1324,1
396,221,1
396,332,1
396,1453,1
396,255,1
412,231,1
412,642,1
413,1538,1
424,213,1
426,249,1
426,387,1
426,1681,1
428,128,1
439,357,1
439,1713,1
439,648,1
439,651,1
466,1112,1
585,26,1
585,1303,1
585,914,1
585,1718,1
585,1349,1
651,1713,1
651,648,1
651,723,1
651,1630,1
663,664,1
663,974,1
667,665,1
730,6,1
730,74,1
730,906,1
812,684,1
822,965,1
822,1224,1
874,88,2
874,181,1
874,965,1
956,982,1
956,1421,1
973,157,1
973,80,1
973,1479,1
973,1625,1
1180,216,1
1180,329,1
1180,495,1
1180,223,1
1180,565,1
1208,1705,1
1208,1267,1
1208,1242,1
1238,518,1
1238,536,1
1268,1018,1
1268,1125,1
1268,681,1
1268,1123,1
1275,195,1
1298,1285,1
1298,1717,1
1557,852,1
1557,1327,1
1713,648,1
66,174,1
77,974,1
180,166,1
180,1406,1
227,1728,1
227,713,1
301,360,1
302,829,1
340,366,1
370,644,1
427,1432,1
427,742,1
446,895,1
446,1432,1
446,1525,1
488,1226,1
488,1467,1
493,234,1
493,25,1
565,976,1
579,548,1
579,550,1
579,1137,1
610,357,1
610,625,1
632,195,1
687,688,1
712,1209,1
712,1374,1
721,323,1
721,620,1
804,1486,1
804,1231,1
877,85,1
903,380,1
903,395,1
903,1006,2
906,74,1
906,1358,1
951,204,1
972,1657,1
972,975,1
975,400,1
1327,1639,1
1444,608,1
1444,1445,1
1444,1742,1
1446,1543,1
1446,548,1
1453,411,1
1453,332,1
1481,860,1
1495,26,1
1495,1522,1
1495,1066,1
1495,1349,1
1495,524,1
1495,1676,1
1625,848,1
1742,1445,1
1742,608,1
85,921,1
85,912,1
252,440,1
252,1698,1
289,110,1
429,213,1
430,422,1
430,507,1
430,699,1
457,128,1
457,695,1
508,1707,1
508,842,1
508,591,1
508,834,1
508,1472,1
561,1074,1
561,1737,1
561,799,1
561,1666,1
561,239,1
619,843,1
619,620,1
682,688,1
684,372,1
684,688,1
777,500,1
829,118,1
829,1432,1
834,770,1
834,444,1
834,1734,1
875,680,1
1055,1494,1
1175,1230,1
1242,697,1
1285,1223,1
1374,177,1
1379,1340,1
1432,832,1
1432,1141,1
1432,830,1
1445,608,1
1649,469,1
1697,1226,1
1697,534,1
1724,407,1
1724,1722,1
24,514,1
24,1118,1
372,352,1
372,375,1
390,391,1
390,1204,1
443,594,1
443,1734,1
443,502,1
443,1303,1
469,1599,1
534,1226,1
548,1137,1
580,292,1
580,1593,1
614,546,1
614,1074,1
614,1357,1
826,839,1
826,798,1
1027,160,1
1283,526,1
1283,1248,1
1283,1673,1
1442,489,1
1442,780,1
1505,656,1
1505,1706,1
1665,307,1
1665,401,1
1673,692,1
1673,771,1
1673,165,1
1722,91,1
38,401,1
160,577,1
221,290,1
239,795,1
239,567,1
326,1195,1
326,1206,1
405,1745,1
489,348,1
489,158,1
489,1470,1
520,299,1
520,521,1
577,1033,1
628,26,1
628,781,1
628,786,1
628,1676,1
670,1200,1
670,1218,1
779,1525,1
792,1048,1
859,714,1
863,1323,1
863,1110,1
863,1456,1
863,1370,1
935,769,1
935,524,1
935,1676,1
939,1344,1
939,1362,1
1129,1133,1
1129,1073,1
1129,1132,1
1129,1130,1
1132,1130,1
1207,146,1
1207,1701,1
1226,726,1
1357,795,1
1357,1666,1
1358,1309,1
1407,1752,1
1448,1265,1
1448,1471,1
1498,1031,1
1543,584,1
1647,134,1
26,1087,1
101,165,1
175,1200,1
339,376,1
502,1059,1
536,341,1
584,982,1
680,265,1
681,1138,1
699,422,1
699,1062,1
750,1739,1
833,1066,1
833,1300,1
867,360,1
867,1150,1
904,82,1
979,1362,1
1018,1017,1
1018,1138,1
1066,1199,1
1118,720,1
1206,276,1
1267,1705,1
1404,1406,1
1431,245,1
1486,244,1
1528,865,1
1538,1680,1
1538,280,1
1586,59,1
1676,1059,1
1734,1472,1
19,20,1
118,352,1
118,1227,1
223,216,1
223,495,1
292,1670,1
299,521,1
389,1081,1
526,725,1
576,1629,1
594,1317,1
774,775,1
876,90,1
934,933,1
934,1141,1
1033,611,1
1059,1096,1
1323,1096,1
1362,1565,1
1463,963,1
1463,1566,1
1515,1291,1
1566,253,1
65,492,1
158,762,1
207,1434,1
341,780,1
375,21,1
769,1325,1
839,168,1
1312,449,1
1375,1376,1
